@DENSITY DEF2-SVP
! 
! Averaged atomic density (def2-SVP basis) 
! 

@ATOMIC_DENSITY H
    0    0    0    0    0   0.345487436076927
    0    0    0    0    1   0.294541670586463
    0    0    0    1    0   0.294541670586463
    0    0    0    1    1   0.251108395422367
@END

@ATOMIC_DENSITY HE
    0    0    0    0    0   0.702427109853318
    0    0    0    0    1   0.608059220152455
    0    0    0    1    0   0.608059220152455
    0    0    0    1    1   0.526369227533972
@END 

@ATOMIC_DENSITY LI
    0    0    0    0    0   2.039122769302626
    0    0    0    0    1  -0.142549999646991
    0    0    0    0    2  -0.080137606086917
    0    0    0    1    0  -0.142549999646991
    0    0    0    1    1   0.615579380962167
    0    0    0    1    2   0.210625388016605
    0    0    0    2    0  -0.080137606086917
    0    0    0    2    1   0.210625388016605
    0    0    0    2    2   0.072557474052230
@END

@ATOMIC_DENSITY BE
    0    0    0    0    0   2.116115977632623
    0    0    0    0    1  -0.320580719977303
    0    0    0    0    2  -0.215479584408067
    0    0    0    1    0  -0.320580719977303
    0    0    0    1    1   0.970548927509260
    0    0    0    1    2   0.529145009973982
    0    0    0    2    0  -0.215479584408067
    0    0    0    2    1   0.529145009973982
    0    0    0    2    2   0.289314772503312
@END 

@ATOMIC_DENSITY B
    0    0    0    0    0   2.135407010432004
    0    0    0    0    1   0.334273953298016
    0    0    0    0    2   0.251505924198553
    0    0    0    1    0   0.334273953298016
    0    0    0    1    1   0.912472560069411
    0    0    0    1    2   0.554910942726290
    0    0    0    2    0   0.251505924198553
    0    0    0    2    1   0.554910942726290
    0    0    0    2    2   0.338618601959070
    2    2   12    0    0   0.000005519909705
    2    2   24    0    0   0.000005519909705
    1    1    0    0    0   0.144375123791682
    1    1    0    0    1  -0.104304741107967
    1    1    0    1    0  -0.104304741107967
    1    1    0    1    1   0.075355634210903
    1    1    4    0    0   0.144375123791683
    1    1    4    0    1  -0.104304741107966
    1    1    4    1    0  -0.104304741107966
    1    1    4    1    1   0.075355634210902
    1    1    8    0    0   0.144375123791688
    1    1    8    0    1  -0.104304741107965
    1    1    8    1    0  -0.104304741107965
    1    1    8    1    1   0.075355634210899
@END 

@ATOMIC_DENSITY C
    0    0    0    0    0   2.148443787314150
    0    0    0    0    1  -0.347609973172225
    0    0    0    0    2  -0.269592726420437
    0    0    0    1    0  -0.347609973172225
    0    0    0    1    1   0.900731045972696
    0    0    0    1    2   0.565338658628607
    0    0    0    2    0  -0.269592726420437
    0    0    0    2    1   0.565338658628607
    0    0    0    2    2   0.356144046641847
    2    2   12    0    0   0.000012664906042
    2    2   24    0    0   0.000012664906042
    1    1    0    0    0   0.274421422594602
    1    1    0    0    1   0.213126146340005
    1    1    0    1    0   0.213126146340005
    1    1    0    1    1   0.165521896301963
    1    1    4    0    0   0.274421422594602
    1    1    4    0    1   0.213126146340005
    1    1    4    1    0   0.213126146340005
    1    1    4    1    1   0.165521896301963
    1    1    8    0    0   0.274421422594603
    1    1    8    0    1   0.213126146340005
    1    1    8    1    0   0.213126146340005
    1    1    8    1    1   0.165521896301963
@END 

@ATOMIC_DENSITY N
    0    0    0    0    0   2.155219246052996
    0    0    0    0    1   0.348803318609810
    0    0    0    0    2   0.285872151427856
    0    0    0    1    0   0.348803318609810
    0    0    0    1    1   0.871720272578104
    0    0    0    1    2   0.576116265066736
    0    0    0    2    0   0.285872151427856
    0    0    0    2    1   0.576116265066736
    0    0    0    2    2   0.382272707941611
    2    2   12    0    0   0.000008421370257
    2    2   24    0    0   0.000008421370075
    1    1    0    0    0   0.434739925836184
    1    1    0    0    1  -0.317709309105778
    1    1    0    1    0  -0.317709309105778
    1    1    0    1    1   0.232851121025009
    1    1    4    0    0   0.434739925836185
    1    1    4    0    1  -0.317709309105778
    1    1    4    1    0  -0.317709309105778
    1    1    4    1    1   0.232851121025008
    1    1    8    0    0   0.434739925637658
    1    1    8    0    1  -0.317709309138292
    1    1    8    1    0  -0.317709309138292
    1    1    8    1    1   0.232851121189516
@END 

@ATOMIC_DENSITY O
    0    0    0    0    0   2.161294818520318
    0    0    0    0    1   0.351890310199061
    0    0    0    0    2   0.297860542479036
    0    0    0    1    0   0.351890310199061
    0    0    0    1    1   0.856661440129364
    0    0    0    1    2   0.582940958618296
    0    0    0    2    0   0.297860542479036
    0    0    0    2    1   0.582940958618296
    0    0    0    2    2   0.398371129784605
    2    2   12    0    0   0.000009753350335
    1    1    0    0    0   0.613536780335533
    1    1    0    0    1   0.424404355518300
    1    1    0    1    0   0.424404355518300
    1    1    0    1    1   0.293574994614667
    1    1    4    0    0   0.613536780335537
    1    1    4    0    1   0.424404355518300
    1    1    4    1    0   0.424404355518300
    1    1    4    1    1   0.293574994614664
    2    2   24    0    0   0.000009753350335
    1    1    8    0    0   0.613536780335537
    1    1    8    0    1   0.424404355518300
    1    1    8    1    0   0.424404355518300
    1    1    8    1    1   0.293574994614664
@END 

@ATOMIC_DENSITY F
    0    0    0    0    0   2.164721520751704
    0    0    0    0    1   0.350792764245543
    0    0    0    0    2   0.308234063355892
    0    0    0    1    0   0.350792764245543
    0    0    0    1    1   0.837373884289701
    0    0    0    1    2   0.589022055985375
    0    0    0    2    0   0.308234063355892
    0    0    0    2    1   0.589022055985375
    0    0    0    2    2   0.416200752698761
    2    2   12    0    0   0.000002134366908
    2    2   24    0    0   0.000002134366908
    1    1    0    0    0   0.801181449239649
    1    1    0    0    1  -0.527295987458461
    1    1    0    1    0  -0.527295987458461
    1    1    0    1    1   0.347556245090360
    1    1    4    0    0   0.801181449239646
    1    1    4    0    1  -0.527295987458462
    1    1    4    1    0  -0.527295987458462
    1    1    4    1    1   0.347556245090361
    1    1    8    0    0   0.801181449239647
    1    1    8    0    1  -0.527295987458462
    1    1    8    1    0  -0.527295987458462
    1    1    8    1    1   0.347556245090361
@END

@ATOMIC_DENSITY NE
    0    0    0    0    0   2.168127447885417
    0    0    0    0    1   0.352775165169853
    0    0    0    0    2   0.314593829862478
    0    0    0    1    0   0.352775165169853
    0    0    0    1    1   0.830848942091500
    0    0    0    1    2   0.592437850172553
    0    0    0    2    0   0.314593829862478
    0    0    0    2    1   0.592437850172553
    0    0    0    2    2   0.424407937154036
    1    1    0    0    0   0.972313258106195
    1    1    0    0    1  -0.633837382573230
    1    1    0    1    0  -0.633837382573230
    1    1    0    1    1   0.413189704241803
    1    1    4    0    0   0.972313258106204
    1    1    4    0    1  -0.633837382573228
    1    1    4    1    0  -0.633837382573228
    1    1    4    1    1   0.413189704241797
    1    1    8    0    0   0.972313258106208
    1    1    8    0    1  -0.633837382573227
    1    1    8    1    0  -0.633837382573227
    1    1    8    1    1   0.413189704241794
@END

@ATOMIC_DENSITY NA
    0    0    0    0    0   2.129226345911592
    0    0    0    0    1  -0.529420090110709
    0    0    0    0    2   0.001369063136807
    0    0    0    0    3  -0.037101902011260
    0    0    0    1    0  -0.529420090110709
    0    0    0    1    1   2.185828874815246
    0    0    0    1    2   0.093267542392287
    0    0    0    1    3   0.172980762271113
    0    0    0    2    0   0.001369063136807
    0    0    0    2    1   0.093267542392287
    0    0    0    2    2   0.244957713979451
    0    0    0    2    3   0.274489418052303
    0    0    0    3    0  -0.037101902011260
    0    0    0    3    1   0.172980762271113
    0    0    0    3    2   0.274489418052303
    0    0    0    3    3   0.309998519414895
    1    1    0    0    0   1.994680498574292
    1    1    0    0    1   0.020840531233075
    1    1    0    1    0   0.020840531233075
    1    1    0    1    1   0.000217743013173
    1    1    4    0    0   1.994680498574292
    1    1    4    0    1   0.020840531233075
    1    1    4    1    0   0.020840531233075
    1    1    4    1    1   0.000217743013173
    1    1    8    0    0   1.994680498574292
    1    1    8    0    1   0.020840531233076
    1    1    8    1    0   0.020840531233076
    1    1    8    1    1   0.000217743013173
@END 

@ATOMIC_DENSITY MG
    0    0    0    0    0   2.143043003097105
    0    0    0    0    1  -0.574411661690389
    0    0    0    0    2  -0.058693234302159
    0    0    0    0    3  -0.045949138830653
    0    0    0    1    0  -0.574411661690389
    0    0    0    1    1   2.349910725142079
    0    0    0    1    2   0.468584529785766
    0    0    0    1    3   0.250208696418643
    0    0    0    2    0  -0.058693234302159
    0    0    0    2    1   0.468584529785766
    0    0    0    2    2   1.104277444289709
    0    0    0    2    3   0.510549201367893
    0    0    0    3    0  -0.045949138830653
    0    0    0    3    1   0.250208696418643
    0    0    0    3    2   0.510549201367893
    0    0    0    3    3   0.236622344320428
    1    1    0    0    0   1.989384082280616
    1    1    0    0    1  -0.014837825986537
    1    1    0    0    2  -0.006472162925151
    1    1    0    1    0  -0.014837825986537
    1    1    0    1    1   0.000110667960987
    1    1    0    1    2   0.000048272642822
    1    1    0    2    0  -0.006472162925151
    1    1    0    2    1   0.000048272642822
    1    1    0    2    2   0.000021056211972
    1    1    4    0    0   1.989384082280615
    1    1    4    0    1  -0.014837825986539
    1    1    4    0    2  -0.006472162925150
    1    1    4    1    0  -0.014837825986539
    1    1    4    1    1   0.000110667960987
    1    1    4    1    2   0.000048272642822
    1    1    4    2    0  -0.006472162925150
    1    1    4    2    1   0.000048272642822
    1    1    4    2    2   0.000021056211972
    1    1    8    0    0   1.989384082280615
    1    1    8    0    1  -0.014837825986539
    1    1    8    0    2  -0.006472162925150
    1    1    8    1    0  -0.014837825986539
    1    1    8    1    1   0.000110667960987
    1    1    8    1    2   0.000048272642822
    1    1    8    2    0  -0.006472162925150
    1    1    8    2    1   0.000048272642822
    1    1    8    2    2   0.000021056211972
@END 

@ATOMIC_DENSITY AL
    0    0    0    0    0   2.154087945802956
    0    0    0    0    1   0.606156077565297
    0    0    0    0    2   0.070785751621344
    0    0    0    0    3   0.056403444931832
    0    0    0    1    0   0.606156077565297
    0    0    0    1    1   2.451316207978824
    0    0    0    1    2   0.568498544891729
    0    0    0    1    3   0.309996004419849
    0    0    0    2    0   0.070785751621344
    0    0    0    2    1   0.568498544891729
    0    0    0    2    2   1.128982936825536
    0    0    0    2    3   0.538010112631731
    0    0    0    3    0   0.056403444931832
    0    0    0    3    1   0.309996004419849
    0    0    0    3    2   0.538010112631731
    0    0    0    3    3   0.257167550209647
    2    2   12    0    0   0.000001109757670
    1    1    0    0    0   1.964840383846556
    1    1    0    0    1   0.053480091632175
    1    1    0    0    2  -0.060672631723255
    1    1    0    1    0   0.053480091632175
    1    1    0    1    1   0.046771101987410
    1    1    0    1    2   0.090574369715127
    1    1    0    2    0  -0.060672631723255
    1    1    0    2    1   0.090574369715127
    1    1    0    2    2   0.189591680715224
    1    1    4    0    0   1.964840383846556
    1    1    4    0    1   0.053480091632175
    1    1    4    0    2  -0.060672631723255
    1    1    4    1    0   0.053480091632175
    1    1    4    1    1   0.046771101987409
    1    1    4    1    2   0.090574369715126
    1    1    4    2    0  -0.060672631723255
    1    1    4    2    1   0.090574369715126
    1    1    4    2    2   0.189591680715227
    1    1    8    0    0   1.964840383746921
    1    1    8    0    1   0.053480091783368
    1    1    8    0    2  -0.060672631753139
    1    1    8    1    0   0.053480091783368
    1    1    8    1    1   0.046771102013360
    1    1    8    1    2   0.090574369721579
    1    1    8    2    0  -0.060672631753139
    1    1    8    2    1   0.090574369721579
    1    1    8    2    2   0.189591680693366
    2    2   24    0    0   0.000001109825772
@END 

@ATOMIC_DENSITY SI
    0    0    0    0    0   2.163818692726790
    0    0    0    0    1   0.633305404024523
    0    0    0    0    2   0.080201851194215
    0    0    0    0    3   0.063992705243893
    0    0    0    1    0   0.633305404024523
    0    0    0    1    1   2.536147824422588
    0    0    0    1    2   0.643834595889935
    0    0    0    1    3   0.353901813169414
    0    0    0    2    0   0.080201851194215
    0    0    0    2    1   0.643834595889935
    0    0    0    2    2   1.151543517966877
    0    0    0    2    3   0.559510505296027
    0    0    0    3    0   0.063992705243893
    0    0    0    3    1   0.353901813169414
    0    0    0    3    2   0.559510505296027
    0    0    0    3    3   0.272726470158204
    2    2   12    0    0   0.000013020036995
    1    1    0    0    0   1.982318325784256
    1    1    0    0    1   0.016540452422595
    1    1    0    0    2  -0.114346497129422
    1    1    0    1    0   0.016540452422595
    1    1    0    1    1   0.116439862838931
    1    1    0    1    2   0.194417635092844
    1    1    0    2    0  -0.114346497129422
    1    1    0    2    1   0.194417635092844
    1    1    0    2    2   0.334856110222631
    1    1    4    0    0   1.982318325784256
    1    1    4    0    1   0.016540452422595
    1    1    4    0    2  -0.114346497129422
    1    1    4    1    0   0.016540452422595
    1    1    4    1    1   0.116439862838930
    1    1    4    1    2   0.194417635092844
    1    1    4    2    0  -0.114346497129422
    1    1    4    2    1   0.194417635092844
    1    1    4    2    2   0.334856110222632
    1    1    8    0    0   1.982318325552412
    1    1    8    0    1   0.016540452699788
    1    1    8    0    2  -0.114346496693748
    1    1    8    1    0   0.016540452699788
    1    1    8    1    1   0.116439862449802
    1    1    8    1    2   0.194417634933549
    1    1    8    2    0  -0.114346496693748
    1    1    8    2    1   0.194417634933549
    1    1    8    2    2   0.334856110789617
    2    2   24    0    0   0.000013020280881
@END

@ATOMIC_DENSITY P
    0    0    0    0    0   2.172354027955975
    0    0    0    0    1   0.656214738420570
    0    0    0    0    2   0.085671308694268
    0    0    0    0    3   0.071600081458872
    0    0    0    1    0   0.656214738420570
    0    0    0    1    1   2.604543447334436
    0    0    0    1    2   0.690410183903594
    0    0    0    1    3   0.397786086217996
    0    0    0    2    0   0.085671308694268
    0    0    0    2    1   0.690410183903594
    0    0    0    2    2   1.140630700124607
    0    0    0    2    3   0.584291363380614
    0    0    0    3    0   0.071600081458872
    0    0    0    3    1   0.397786086217996
    0    0    0    3    2   0.584291363380614
    0    0    0    3    3   0.300315709121220
    2    2   12    0    0   0.000011694291921
    2    2   24    0    0   0.000011694292073
    1    1    0    0    0   2.004132766850488
    1    1    0    0    1  -0.028199274910953
    1    1    0    0    2  -0.177343858800091
    1    1    0    1    0  -0.028199274910953
    1    1    0    1    1   0.200746531927752
    1    1    0    1    2   0.302825107872067
    1    1    0    2    0  -0.177343858800091
    1    1    0    2    1   0.302825107872067
    1    1    0    2    2   0.466507540032951
    1    1    4    0    0   2.004132766850486
    1    1    4    0    1  -0.028199274910948
    1    1    4    0    2  -0.177343858800093
    1    1    4    1    0  -0.028199274910948
    1    1    4    1    1   0.200746531927744
    1    1    4    1    2   0.302825107872065
    1    1    4    2    0  -0.177343858800093
    1    1    4    2    1   0.302825107872065
    1    1    4    2    2   0.466507540032962
    1    1    8    0    0   2.004132766828664
    1    1    8    0    1  -0.028199274859408
    1    1    8    0    2  -0.177343858811604
    1    1    8    1    0  -0.028199274859408
    1    1    8    1    1   0.200746531835404
    1    1    8    1    2   0.302825107841305
    1    1    8    2    0  -0.177343858811604
    1    1    8    2    1   0.302825107841305
    1    1    8    2    2   0.466507540152998
@END 

@ATOMIC_DENSITY S
    0    0    0    0    0   2.180074713603084
    0    0    0    0    1   0.676691278549749
    0    0    0    0    2  -0.090422777505781
    0    0    0    0    3  -0.078301549316647
    0    0    0    1    0   0.676691278549749
    0    0    0    1    1   2.666070445331252
    0    0    0    1    2  -0.730281727695394
    0    0    0    1    3  -0.436593709378552
    0    0    0    2    0  -0.090422777505781
    0    0    0    2    1  -0.730281727695394
    0    0    0    2    2   1.134649772481366
    0    0    0    2    3   0.605671372137532
    0    0    0    3    0  -0.078301549316647
    0    0    0    3    1  -0.436593709378552
    0    0    0    3    2   0.605671372137532
    0    0    0    3    3   0.324443304829267
    2    2   12    0    0   0.000016456822645
    2    2   24    0    0   0.000016456822645
    1    1    0    0    0   2.031540365222553
    1    1    0    0    1   0.081875103446226
    1    1    0    0    2   0.243569025783664
    1    1    0    1    0   0.081875103446226
    1    1    0    1    1   0.296878674095999
    1    1    0    1    2   0.418376643274943
    1    1    0    2    0   0.243569025783664
    1    1    0    2    1   0.418376643274943
    1    1    0    2    2   0.597822911815767
    1    1    4    0    0   2.031540365222553
    1    1    4    0    1   0.081875103446227
    1    1    4    0    2   0.243569025783663
    1    1    4    1    0   0.081875103446227
    1    1    4    1    1   0.296878674095999
    1    1    4    1    2   0.418376643274943
    1    1    4    2    0   0.243569025783663
    1    1    4    2    1   0.418376643274943
    1    1    4    2    2   0.597822911815767
    1    1    8    0    0   2.031540365222553
    1    1    8    0    1   0.081875103446226
    1    1    8    0    2   0.243569025783663
    1    1    8    1    0   0.081875103446226
    1    1    8    1    1   0.296878674095996
    1    1    8    1    2   0.418376643274942
    1    1    8    2    0   0.243569025783663
    1    1    8    2    1   0.418376643274942
    1    1    8    2    2   0.597822911815771
@END 

@ATOMIC_DENSITY CL
    0    0    0    0    0   2.186908362596187
    0    0    0    0    1  -0.694308458087062
    0    0    0    0    2   0.093389473057821
    0    0    0    0    3   0.084698145513654
    0    0    0    1    0  -0.694308458087062
    0    0    0    1    1   2.717149533829489
    0    0    0    1    2  -0.756975980860206
    0    0    0    1    3  -0.473221647514324
    0    0    0    2    0   0.093389473057821
    0    0    0    2    1  -0.756975980860206
    0    0    0    2    2   1.118545088742071
    0    0    0    2    3   0.625607624286247
    0    0    0    3    0   0.084698145513654
    0    0    0    3    1  -0.473221647514324
    0    0    0    3    2   0.625607624286247
    0    0    0    3    3   0.351197735289730
    2    2   12    0    0   0.000003833311764
    2    2   24    0    0   0.000003833311764
    1    1    0    0    0   2.065587067743824
    1    1    0    0    1   0.142875924794859
    1    1    0    0    2   0.315187497547341
    1    1    0    1    0   0.142875924794859
    1    1    0    1    1   0.400263278499542
    1    1    0    1    2   0.534473215287817
    1    1    0    2    0   0.315187497547341
    1    1    0    2    1   0.534473215287817
    1    1    0    2    2   0.721777086674061
    1    1    4    0    0   2.065587067743822
    1    1    4    0    1   0.142875924794856
    1    1    4    0    2   0.315187497547342
    1    1    4    1    0   0.142875924794856
    1    1    4    1    1   0.400263278499540
    1    1    4    1    2   0.534473215287816
    1    1    4    2    0   0.315187497547342
    1    1    4    2    1   0.534473215287816
    1    1    4    2    2   0.721777086674063
    1    1    8    0    0   2.065587067743821
    1    1    8    0    1   0.142875924794853
    1    1    8    0    2   0.315187497547342
    1    1    8    1    0   0.142875924794853
    1    1    8    1    1   0.400263278499532
    1    1    8    1    2   0.534473215287814
    1    1    8    2    0   0.315187497547342
    1    1    8    2    1   0.534473215287814
    1    1    8    2    2   0.721777086674073
@END 

@ATOMIC_DENSITY AR
    0    0    0    0    0   2.193054501252263
    0    0    0    0    1  -0.710020825212345
    0    0    0    0    2   0.096195680949842
    0    0    0    0    3   0.090114859018085
    0    0    0    1    0  -0.710020825212345
    0    0    0    1    1   2.762773305983322
    0    0    0    1    2  -0.781104758101123
    0    0    0    1    3  -0.504086329010716
    0    0    0    2    0   0.096195680949842
    0    0    0    2    1  -0.781104758101123
    0    0    0    2    2   1.108762352009871
    0    0    0    2    3   0.641725344433717
    0    0    0    3    0   0.090114859018085
    0    0    0    3    1  -0.504086329010716
    0    0    0    3    2   0.641725344433717
    0    0    0    3    3   0.372824874789537
    1    1    0    0    0   2.102338028647877
    1    1    0    0    1   0.203518924192114
    1    1    0    0    2   0.390050466212793
    1    1    0    1    0   0.203518924192114
    1    1    0    1    1   0.494981658926995
    1    1    0    1    2   0.648075376765189
    1    1    0    2    0   0.390050466212793
    1    1    0    2    1   0.648075376765189
    1    1    0    2    2   0.856085731092564
    1    1    4    0    0   2.102338028647878
    1    1    4    0    1   0.203518924192118
    1    1    4    0    2   0.390050466212793
    1    1    4    1    0   0.203518924192118
    1    1    4    1    1   0.494981658927006
    1    1    4    1    2   0.648075376765192
    1    1    4    2    0   0.390050466212793
    1    1    4    2    1   0.648075376765192
    1    1    4    2    2   0.856085731092552
    1    1    8    0    0   2.102338028647877
    1    1    8    0    1   0.203518924192117
    1    1    8    0    2   0.390050466212793
    1    1    8    1    0   0.203518924192117
    1    1    8    1    1   0.494981658927002
    1    1    8    1    2   0.648075376765190
    1    1    8    2    0   0.390050466212793
    1    1    8    2    1   0.648075376765190
    1    1    8    2    2   0.856085731092557
@END 

@ATOMIC_DENSITY K
    0    0    0    0    0   2.207812153737524
    0    0    0    0    1  -0.719856318254448
    0    0    0    0    2   0.216710175031410
    0    0    0    0    3  -0.015969298735617
    0    0    0    0    4  -0.006652594553556
    0    0    0    1    0  -0.719856318254448
    0    0    0    1    1   2.499651677528347
    0    0    0    1    2  -0.859940046535773
    0    0    0    1    3   0.050805916318931
    0    0    0    1    4   0.017050184661756
    0    0    0    2    0   0.216710175031410
    0    0    0    2    1  -0.859940046535773
    0    0    0    2    2   2.414010921403334
    0    0    0    2    3  -0.327898625223893
    0    0    0    2    4  -0.068707968746621
    0    0    0    3    0  -0.015969298735617
    0    0    0    3    1   0.050805916318931
    0    0    0    3    2  -0.327898625223893
    0    0    0    3    3   0.840200314594674
    0    0    0    3    4   0.149205967444199
    0    0    0    4    0  -0.006652594553556
    0    0    0    4    1   0.017050184661756
    0    0    0    4    2  -0.068707968746621
    0    0    0    4    3   0.149205967444199
    0    0    0    4    4   0.026553891824131
    1    1    0    0    0   2.200990597012462
    1    1    0    0    1  -0.664214810308851
    1    1    0    0    2  -0.007627552347174
    1    1    0    1    0  -0.664214810308851
    1    1    0    1    1   2.195991181034481
    1    1    0    1    2   0.011220890054516
    1    1    0    2    0  -0.007627552347174
    1    1    0    2    1   0.011220890054516
    1    1    0    2    2   0.000066296862951
    1    1    4    0    0   2.200990597012463
    1    1    4    0    1  -0.664214810308850
    1    1    4    0    2  -0.007627552347175
    1    1    4    1    0  -0.664214810308850
    1    1    4    1    1   2.195991181034480
    1    1    4    1    2   0.011220890054520
    1    1    4    2    0  -0.007627552347175
    1    1    4    2    1   0.011220890054520
    1    1    4    2    2   0.000066296862952
    1    1    8    0    0   2.200990597012462
    1    1    8    0    1  -0.664214810308851
    1    1    8    0    2  -0.007627552347174
    1    1    8    1    0  -0.664214810308851
    1    1    8    1    1   2.195991181034482
    1    1    8    1    2   0.011220890054515
    1    1    8    2    0  -0.007627552347174
    1    1    8    2    1   0.011220890054515
    1    1    8    2    2   0.000066296862951
@END 

@ATOMIC_DENSITY CA
    0    0    0    0    0   2.215282008686270
    0    0    0    0    1  -0.740409059574977
    0    0    0    0    2   0.247485530367384
    0    0    0    0    3  -0.044355978648958
    0    0    0    0    4  -0.018079367113524
    0    0    0    1    0  -0.740409059574977
    0    0    0    1    1   2.555361081517393
    0    0    0    1    2  -0.975225041043586
    0    0    0    1    3   0.134989401043966
    0    0    0    1    4   0.050133064091331
    0    0    0    2    0   0.247485530367384
    0    0    0    2    1  -0.975225041043586
    0    0    0    2    2   2.744715772414051
    0    0    0    2    3  -0.793744170865838
    0    0    0    2    4  -0.246341948740313
    0    0    0    3    0  -0.044355978648958
    0    0    0    3    1   0.134989401043966
    0    0    0    3    2  -0.793744170865838
    0    0    0    3    3   1.507119660996475
    0    0    0    3    4   0.441866797498588
    0    0    0    4    0  -0.018079367113524
    0    0    0    4    1   0.050133064091331
    0    0    0    4    2  -0.246341948740313
    0    0    0    4    3   0.441866797498588
    0    0    0    4    4   0.129644145397788
    1    1    0    0    0   2.230552197180796
    1    1    0    0    1  -0.716120922398608
    1    1    0    0    2  -0.008171688918590
    1    1    0    1    0  -0.716120922398608
    1    1    0    1    1   2.226315482152666
    1    1    0    1    2   0.008011677817733
    1    1    0    2    0  -0.008171688918590
    1    1    0    2    1   0.008011677817733
    1    1    0    2    2   0.000044479427463
    1    1    4    0    0   2.230552197180796
    1    1    4    0    1  -0.716120922398607
    1    1    4    0    2  -0.008171688918591
    1    1    4    1    0  -0.716120922398607
    1    1    4    1    1   2.226315482152665
    1    1    4    1    2   0.008011677817734
    1    1    4    2    0  -0.008171688918591
    1    1    4    2    1   0.008011677817734
    1    1    4    2    2   0.000044479427463
    1    1    8    0    0   2.230552197180796
    1    1    8    0    1  -0.716120922398607
    1    1    8    0    2  -0.008171688918592
    1    1    8    1    0  -0.716120922398607
    1    1    8    1    1   2.226315482152664
    1    1    8    1    2   0.008011677817736
    1    1    8    2    0  -0.008171688918592
    1    1    8    2    1   0.008011677817736
    1    1    8    2    2   0.000044479427463
@END 
