@BASIS_SET 6-31G

@ATOMBASIS H
S 3   1
1.873113696000e+01  3.349460434000e-02
2.825394365000e+00  2.347269535000e-01
6.401216923000e-01  8.137573261000e-01
S 1   1
1.612777588000e-01  1.000000000000e+00
@END

@ATOMBASIS HE
S 3   1
3.842163400000e+01  4.013973935000e-02
5.778030000000e+00  2.612460970000e-01
1.241774000000e+00  7.931846246000e-01
S 1   1
2.979640000000e-01  1.000000000000e+00
@END

@ATOMBASIS LI
S 6   1
6.424189150000e+02  2.142607810000e-03
9.679851530000e+01  1.620887150000e-02
2.209112120000e+01  7.731557250000e-02
6.201070250000e+00  2.457860520000e-01
1.935117680000e+00  4.701890040000e-01
6.367357890000e-01  3.454708450000e-01
S 3   1
2.324918408000e+00 -3.509174574000e-02
6.324303556000e-01 -1.912328431000e-01
7.905343475000e-02  1.083987795000e+00
P 3   1
2.324918408000e+00  8.941508043000e-03
6.324303556000e-01  1.410094640000e-01
7.905343475000e-02  9.453636953000e-01
S 1   1
3.596197175000e-02  1.000000000000e+00
P 1   1
3.596197175000e-02  1.000000000000e+00
@END

@ATOMBASIS BE
S 6   1
1.264585690000e+03  1.944757590000e-03
1.899368060000e+02  1.483505200000e-02
4.315908900000e+01  7.209054629000e-02
1.209866270000e+01  2.371541500000e-01
3.806323220000e+00  4.691986519000e-01
1.272890300000e+00  3.565202279000e-01
S 3   1
3.196463098000e+00 -1.126487285000e-01
7.478133038000e-01 -2.295064079000e-01
2.199663302000e-01  1.186916764000e+00
P 3   1
3.196463098000e+00  5.598019980000e-02
7.478133038000e-01  2.615506110000e-01
2.199663302000e-01  7.939723389000e-01
S 1   1
8.230990070000e-02  1.000000000000e+00
P 1   1
8.230990070000e-02  1.000000000000e+00
@END

@ATOMBASIS B
S 6   1
2.068882250000e+03  1.866274590000e-03
3.106495700000e+02  1.425148170000e-02
7.068303300000e+01  6.955161850000e-02
1.986108030000e+01  2.325729330000e-01
6.299304840000e+00  4.670787120000e-01
2.127026970000e+00  3.634314400000e-01
S 3   1
4.727971071000e+00 -1.303937974000e-01
1.190337736000e+00 -1.307889514000e-01
3.594116829000e-01  1.130944484000e+00
P 3   1
4.727971071000e+00  7.459757992000e-02
1.190337736000e+00  3.078466771000e-01
3.594116829000e-01  7.434568342000e-01
S 1   1
1.267512469000e-01  1.000000000000e+00
P 1   1
1.267512469000e-01  1.000000000000e+00
@END

@ATOMBASIS C
S 6   1
3.047524880000e+03  1.834737132000e-03
4.573695180000e+02  1.403732281000e-02
1.039486850000e+02  6.884262226000e-02
2.921015530000e+01  2.321844432000e-01
9.286662960000e+00  4.679413484000e-01
3.163926960000e+00  3.623119853000e-01
S 3   1
7.868272350000e+00 -1.193324198000e-01
1.881288540000e+00 -1.608541517000e-01
5.442492580000e-01  1.143456438000e+00
P 3   1
7.868272350000e+00  6.899906659000e-02
1.881288540000e+00  3.164239610000e-01
5.442492580000e-01  7.443082909000e-01
S 1   1
1.687144782000e-01  1.000000000000e+00
P 1   1
1.687144782000e-01  1.000000000000e+00
@END

@ATOMBASIS N
S 6   1
4.173511460000e+03  1.834772160000e-03
6.274579110000e+02  1.399462700000e-02
1.429020930000e+02  6.858655181000e-02
4.023432930000e+01  2.322408730000e-01
1.282021290000e+01  4.690699481000e-01
4.390437010000e+00  3.604551991000e-01
S 3   1
1.162636186000e+01 -1.149611817000e-01
2.716279807000e+00 -1.691174786000e-01
7.722183966000e-01  1.145851947000e+00
P 3   1
1.162636186000e+01  6.757974388000e-02
2.716279807000e+00  3.239072959000e-01
7.722183966000e-01  7.408951398000e-01
S 1   1
2.120314975000e-01  1.000000000000e+00
P 1   1
2.120314975000e-01  1.000000000000e+00
@END

@ATOMBASIS O
S 6   1
5.484671660000e+03  1.831074430000e-03
8.252349460000e+02  1.395017220000e-02
1.880469580000e+02  6.844507810000e-02
5.296450000000e+01  2.327143360000e-01
1.689757040000e+01  4.701928980000e-01
5.799635340000e+00  3.585208530000e-01
S 3   1
1.553961625000e+01 -1.107775495000e-01
3.599933586000e+00 -1.480262627000e-01
1.013761750000e+00  1.130767015000e+00
P 3   1
1.553961625000e+01  7.087426823000e-02
3.599933586000e+00  3.397528391000e-01
1.013761750000e+00  7.271585773000e-01
S 1   1
2.700058226000e-01  1.000000000000e+00
P 1   1
2.700058226000e-01  1.000000000000e+00
@END

@ATOMBASIS F
S 6   1
7.001713090000e+03  1.819616901000e-03
1.051366090000e+03  1.391607961000e-02
2.392856900000e+02  6.840532453000e-02
6.739744530000e+01  2.331857601000e-01
2.151995730000e+01  4.712674392000e-01
7.403101300000e+00  3.566185462000e-01
S 3   1
2.084795280000e+01 -1.085069751000e-01
4.808308340000e+00 -1.464516581000e-01
1.344069860000e+00  1.128688581000e+00
P 3   1
2.084795280000e+01  7.162872424000e-02
4.808308340000e+00  3.459121027000e-01
1.344069860000e+00  7.224699564000e-01
S 1   1
3.581513930000e-01  1.000000000000e+00
P 1   1
3.581513930000e-01  1.000000000000e+00
@END

@ATOMBASIS NE
S 6   1
8.425851530000e+03  1.884348050000e-03
1.268519400000e+03  1.433689940000e-02
2.896214140000e+02  7.010962331000e-02
8.185900400000e+01  2.373732660000e-01
2.625150790000e+01  4.730071261000e-01
9.094720510000e+00  3.484012410000e-01
S 3   1
2.653213100000e+01 -1.071182872000e-01
6.101755010000e+00 -1.461638213000e-01
1.696271530000e+00  1.127773503000e+00
P 3   1
2.653213100000e+01  7.190958851000e-02
6.101755010000e+00  3.495133720000e-01
1.696271530000e+00  7.199405121000e-01
S 1   1
4.458187000000e-01  1.000000000000e+00
P 1   1
4.458187000000e-01  1.000000000000e+00
@END

@ATOMBASIS NA
S 6   1
9.993200000000e+03  1.937659277000e-03
1.499890000000e+03  1.480699448000e-02
3.419510000000e+02  7.270547288000e-02
9.467960000000e+01  2.526289058000e-01
2.973450000000e+01  4.932418160000e-01
1.000630000000e+01  3.131688832000e-01
S 6   1
1.509630000000e+02 -3.542083504000e-03
3.558780000000e+01 -4.395884348000e-02
1.116830000000e+01 -1.097521086000e-01
3.902010000000e+00  1.873981854000e-01
1.381770000000e+00  6.466996397000e-01
4.663820000000e-01  3.060583027000e-01
P 6   1
1.509630000000e+02  5.001659710000e-03
3.558780000000e+01  3.551089794000e-02
1.116830000000e+01  1.428249917000e-01
3.902010000000e+00  3.386199803000e-01
1.381770000000e+00  4.515789738000e-01
4.663820000000e-01  2.732709841000e-01
S 3   1
4.979660000000e-01 -2.485031593000e-01
8.435290000000e-02 -1.317040844000e-01
6.663500000000e-02  1.233520791000e+00
P 3   1
4.979660000000e-01 -2.302250043000e-02
8.435290000000e-02  9.503590176000e-01
6.663500000000e-02  5.985790111000e-02
S 1   1
2.595440000000e-02  1.000000000000e+00
P 1   1
2.595440000000e-02  1.000000000000e+00
@END

@ATOMBASIS MG
S 6   1
1.172280000000e+04  1.977829317000e-03
1.759930000000e+03  1.511399478000e-02
4.008460000000e+02  7.391077448000e-02
1.128070000000e+02  2.491909140000e-01
3.599970000000e+01  4.879278316000e-01
1.218280000000e+01  3.196618896000e-01
S 6   1
1.891800000000e+02 -3.237170471000e-03
4.521190000000e+01 -4.100790597000e-02
1.435630000000e+01 -1.126000164000e-01
5.138860000000e+00  1.486330216000e-01
1.906520000000e+00  6.164970898000e-01
7.058870000000e-01  3.648290531000e-01
P 6   1
1.891800000000e+02  4.928129921000e-03
4.521190000000e+01  3.498879944000e-02
1.435630000000e+01  1.407249977000e-01
5.138860000000e+00  3.336419947000e-01
1.906520000000e+00  4.449399929000e-01
7.058870000000e-01  2.692539957000e-01
S 3   1
9.293400000000e-01 -2.122908985000e-01
2.690350000000e-01 -1.079854570000e-01
1.173790000000e-01  1.175844977000e+00
P 3   1
9.293400000000e-01 -2.241918123000e-02
2.690350000000e-01  1.922708390000e-01
1.173790000000e-01  8.461802916000e-01
S 1   1
4.210610000000e-02  1.000000000000e+00
P 1   1
4.210610000000e-02  1.000000000000e+00
@END

@ATOMBASIS AL
S 6   1
1.398310000000e+04  1.942669947000e-03
2.098750000000e+03  1.485989959000e-02
4.777050000000e+02  7.284939800000e-02
1.343600000000e+02  2.468299932000e-01
4.287090000000e+01  4.872579866000e-01
1.451890000000e+01  3.234959911000e-01
S 6   1
2.396680000000e+02 -2.926190028000e-03
5.744190000000e+01 -3.740830036000e-02
1.828590000000e+01 -1.144870011000e-01
6.599140000000e+00  1.156350011000e-01
2.490490000000e+00  6.125950058000e-01
9.445450000000e-01  3.937990037000e-01
P 6   1
2.396680000000e+02  4.602845582000e-03
5.744190000000e+01  3.319896813000e-02
1.828590000000e+01  1.362818692000e-01
6.599140000000e+00  3.304756828000e-01
2.490490000000e+00  4.491455689000e-01
9.445450000000e-01  2.657037450000e-01
S 3   1
1.277900000000e+00 -2.276069245000e-01
3.975900000000e-01  1.445835873000e-03
1.600950000000e-01  1.092794439000e+00
P 3   1
1.277900000000e+00 -1.751260189000e-02
3.975900000000e-01  2.445330264000e-01
1.600950000000e-01  8.049340867000e-01
S 1   1
5.565770000000e-02  1.000000000000e+00
P 1   1
5.565770000000e-02  1.000000000000e+00
@END

@ATOMBASIS SI
S 6   1
1.611590000000e+04  1.959480216000e-03
2.425580000000e+03  1.492880164000e-02
5.538670000000e+02  7.284780801000e-02
1.563400000000e+02  2.461300271000e-01
5.006830000000e+01  4.859140535000e-01
1.701780000000e+01  3.250020358000e-01
S 6   1
2.927180000000e+02 -2.780941415000e-03
6.987310000000e+01 -3.571461817000e-02
2.233630000000e+01 -1.149850585000e-01
8.150390000000e+00  9.356344760000e-02
3.134580000000e+00  6.030173068000e-01
1.225430000000e+00  4.189592131000e-01
P 6   1
2.927180000000e+02  4.438264521000e-03
6.987310000000e+01  3.266793328000e-02
2.233630000000e+01  1.347211372000e-01
8.150390000000e+00  3.286783348000e-01
3.134580000000e+00  4.496404580000e-01
1.225430000000e+00  2.613722662000e-01
S 3   1
1.727380000000e+00 -2.446310042000e-01
5.729220000000e-01  4.315737717000e-03
2.221920000000e-01  1.098184508000e+00
P 3   1
1.727380000000e+00 -1.779510605000e-02
5.729220000000e-01  2.535390863000e-01
2.221920000000e-01  8.006692724000e-01
S 1   1
7.783690000000e-02  1.000000000000e+00
P 1   1
7.783690000000e-02  1.000000000000e+00
@END

@ATOMBASIS P
S 6   1
1.941330000000e+04  1.851598923000e-03
2.909420000000e+03  1.420619174000e-02
6.613640000000e+02  6.999945928000e-02
1.857590000000e+02  2.400788603000e-01
5.919430000000e+01  4.847617180000e-01
2.003100000000e+01  3.351998050000e-01
S 6   1
3.394780000000e+02 -2.782170105000e-03
8.101010000000e+01 -3.604990135000e-02
2.587800000000e+01 -1.166310044000e-01
9.452210000000e+00  9.683280364000e-02
3.665660000000e+00  6.144180231000e-01
1.467460000000e+00  4.037980152000e-01
P 6   1
3.394780000000e+02  4.564616191000e-03
8.101010000000e+01  3.369357188000e-02
2.587800000000e+01  1.397548834000e-01
9.452210000000e+00  3.393617168000e-01
3.665660000000e+00  4.509206237000e-01
1.467460000000e+00  2.385858009000e-01
S 3   1
2.156230000000e+00 -2.529241139000e-01
7.489970000000e-01  3.285184468000e-02
2.831450000000e-01  1.081254762000e+00
P 3   1
2.156230000000e+00 -1.776531273000e-02
7.489970000000e-01  2.740581964000e-01
2.831450000000e-01  7.854215630000e-01
S 1   1
9.983170000000e-02  1.000000000000e+00
P 1   1
9.983170000000e-02  1.000000000000e+00
@END

@ATOMBASIS S
S 6   1
2.191710000000e+04  1.869240849000e-03
3.301490000000e+03  1.423030646000e-02
7.541460000000e+02  6.969623166000e-02
2.127110000000e+02  2.384871083000e-01
6.798960000000e+01  4.833072195000e-01
2.305150000000e+01  3.380741536000e-01
S 6   1
4.237350000000e+02 -2.376770499000e-03
1.007100000000e+02 -3.169300665000e-02
3.215990000000e+01 -1.133170238000e-01
1.180790000000e+01  5.609001177000e-02
4.631100000000e+00  5.922551243000e-01
1.870250000000e+00  4.550060955000e-01
P 6   1
4.237350000000e+02  4.061009982000e-03
1.007100000000e+02  3.068129986000e-02
3.215990000000e+01  1.304519994000e-01
1.180790000000e+01  3.272049985000e-01
4.631100000000e+00  4.528509980000e-01
1.870250000000e+00  2.560419989000e-01
S 3   1
2.615840000000e+00 -2.503731142000e-01
9.221670000000e-01  6.695676310000e-02
3.412870000000e-01  1.054506269000e+00
P 3   1
2.615840000000e+00 -1.451048955000e-02
9.221670000000e-01  3.102627765000e-01
3.412870000000e-01  7.544824565000e-01
S 1   1
1.171670000000e-01  1.000000000000e+00
P 1   1
1.171670000000e-01  1.000000000000e+00
@END

@ATOMBASIS CL
S 6   1
2.518010000000e+04  1.832959848000e-03
3.780350000000e+03  1.403419883000e-02
8.604740000000e+02  6.909739426000e-02
2.421450000000e+02  2.374519803000e-01
7.733490000000e+01  4.830339599000e-01
2.624700000000e+01  3.398559718000e-01
S 6   1
4.917650000000e+02 -2.297391417000e-03
1.169840000000e+02 -3.071371894000e-02
3.741530000000e+01 -1.125280694000e-01
1.378340000000e+01  4.501632776000e-02
5.452150000000e+00  5.893533634000e-01
2.225880000000e+00  4.652062868000e-01
P 6   1
4.917650000000e+02  3.989400879000e-03
1.169840000000e+02  3.031770668000e-02
3.741530000000e+01  1.298800286000e-01
1.378340000000e+01  3.279510723000e-01
5.452150000000e+00  4.535271000000e-01
2.225880000000e+00  2.521540556000e-01
S 3   1
3.186490000000e+00 -2.518280280000e-01
1.144270000000e+00  6.158925141000e-02
4.203770000000e-01  1.060184328000e+00
P 3   1
3.186490000000e+00 -1.429931472000e-02
1.144270000000e+00  3.235723331000e-01
4.203770000000e-01  7.435077653000e-01
S 1   1
1.426570000000e-01  1.000000000000e+00
P 1   1
1.426570000000e-01  1.000000000000e+00
@END

@ATOMBASIS AR
S 6   1
2.834830000000e+04  1.825260192000e-03
4.257620000000e+03  1.396860147000e-02
9.698570000000e+02  6.870730723000e-02
2.732630000000e+02  2.362040249000e-01
8.736950000000e+01  4.822140508000e-01
2.968670000000e+01  3.420430360000e-01
S 6   1
5.758910000000e+02 -2.159720895000e-03
1.368160000000e+02 -2.907751206000e-02
4.380980000000e+01 -1.108270460000e-01
1.620940000000e+01  2.769991148000e-02
6.460840000000e+00  5.776132395000e-01
2.651140000000e+00  4.886882026000e-01
P 6   1
5.758910000000e+02  3.806649842000e-03
1.368160000000e+02  2.923049879000e-02
4.380980000000e+01  1.264669948000e-01
1.620940000000e+01  3.235099866000e-01
6.460840000000e+00  4.548959811000e-01
2.651140000000e+00  2.566299894000e-01
S 3   1
3.860280000000e+00 -2.555929604000e-01
1.413730000000e+00  3.780674206000e-02
5.166460000000e-01  1.080564060000e+00
P 3   1
3.860280000000e+00 -1.591969040000e-02
1.413730000000e+00  3.246458042000e-01
5.166460000000e-01  7.439895512000e-01
S 1   1
1.738880000000e-01  1.000000000000e+00
P 1   1
1.738880000000e-01  1.000000000000e+00
@END

@ATOMBASIS K
S 6   1
3.159442000000e+04  1.828009922000e-03
4.744330000000e+03  1.399402940000e-02
1.080419000000e+03  6.887128707000e-02
3.042338000000e+02  2.369759899000e-01
9.724586000000e+01  4.829039794000e-01
3.302495000000e+01  3.404794855000e-01
S 6   1
6.227625000000e+02 -2.502975932000e-03
1.478839000000e+02 -3.315549910000e-02
4.732735000000e+01 -1.226386967000e-01
1.751495000000e+01  5.353642855000e-02
6.922722000000e+00  6.193859832000e-01
2.768277000000e+00  4.345877882000e-01
P 6   1
6.227625000000e+02  4.094636754000e-03
1.478839000000e+02  3.145198811000e-02
4.732735000000e+01  1.351557919000e-01
1.751495000000e+01  3.390499796000e-01
6.922722000000e+00  4.629454722000e-01
2.768277000000e+00  2.242637865000e-01
S 6   1
1.184802000000e+01  1.277689027000e-02
4.079211000000e+00  2.098767044000e-01
1.763481000000e+00 -3.095274065000e-03
7.889270000000e-01 -5.593884117000e-01
3.503870000000e-01 -5.134760107000e-01
1.463440000000e-01 -6.598035138000e-02
P 6   1
1.184802000000e+01 -1.221377161000e-02
4.079211000000e+00 -6.900537911000e-03
1.763481000000e+00  2.007466265000e-01
7.889270000000e-01  4.281332565000e-01
3.503870000000e-01  3.970156524000e-01
1.463440000000e-01  1.104718146000e-01
S 3   1
7.168010000000e-01 -5.237766157000e-02
2.337410000000e-01 -2.798499878000e-01
3.867500000000e-02  1.141545727000e+00
P 3   1
7.168010000000e-01  3.164300053000e-02
2.337410000000e-01 -4.046160068000e-02
3.867500000000e-02  1.012029017000e+00
S 1   1
1.652100000000e-02  1.000000000000e+00
P 1   1
1.652100000000e-02  1.000000000000e+00
D 3   1
9.029078000000e+00  8.747672000000e-02
2.285045000000e+00  3.795635000000e-01
6.638920000000e-01  7.180393000000e-01
D 1   1
1.793890000000e-01  1.000000000000e+00
@END

@ATOMBASIS CA
S 6   1
3.526486000000e+04  1.813501124000e-03
5.295503000000e+03  1.388493095000e-02
1.206020000000e+03  6.836162469000e-02
3.396839000000e+02  2.356188162000e-01
1.086264000000e+02  4.820639331000e-01
3.692103000000e+01  3.429819235000e-01
S 6   1
7.063096000000e+02  2.448225082000e-03
1.678187000000e+02  3.241504109000e-02
5.382558000000e+01  1.226219041000e-01
2.001638000000e+01 -4.316965145000e-02
7.970279000000e+00 -6.126995206000e-01
3.212059000000e+00 -4.487540151000e-01
P 6   1
7.063096000000e+02  4.020370978000e-03
1.678187000000e+02  3.100600983000e-02
5.382558000000e+01  1.337278993000e-01
2.001638000000e+01  3.367982982000e-01
7.970279000000e+00  4.631280975000e-01
3.212059000000e+00  2.257531988000e-01
S 6   1
1.419518000000e+01  1.084500055000e-02
4.880828000000e+00  2.088333107000e-01
2.160390000000e+00  3.150338161000e-02
9.878990000000e-01 -5.526518282000e-01
4.495170000000e-01 -5.437997277000e-01
1.873870000000e-01 -6.669342340000e-02
P 6   1
1.419518000000e+01 -1.289621138000e-02
4.880828000000e+00 -1.025198110000e-02
2.160390000000e+00  1.959781209000e-01
9.878990000000e-01  4.357933466000e-01
4.495170000000e-01  3.996452427000e-01
1.873870000000e-01  9.713637038000e-02
S 3   1
1.032271000000e+00 -4.439718086000e-02
3.811710000000e-01 -3.284561584000e-01
6.513100000000e-02  1.163009499000e+00
P 3   1
1.032271000000e+00 -4.298620974000e-01
3.811710000000e-01  6.935828957000e-03
6.513100000000e-02  9.705932940000e-01
S 1   1
2.601000000000e-02  1.000000000000e+00
P 1   1
2.601000000000e-02  1.000000000000e+00
D 3   1
1.011067000000e+01  8.747672000000e-02
2.558769000000e+00  3.795635000000e-01
7.434200000000e-01  7.180393000000e-01
D 1   1
2.008780000000e-01  1.000000000000e+00
@END

@ATOMBASIS SC
S 6   1
3.908898000000e+04  1.803262955000e-03
5.869792000000e+03  1.380768965000e-02
1.336910000000e+03  6.800395829000e-02
3.766031000000e+02  2.347098941000e-01
1.204679000000e+02  4.815689879000e-01
4.098032000000e+01  3.445651913000e-01
S 6   1
7.862852000000e+02  2.451863032000e-03
1.868870000000e+02  3.259579042000e-02
6.000935000000e+01  1.238242016000e-01
2.225883000000e+01 -4.359890057000e-02
8.885149000000e+00 -6.177181080000e-01
3.609211000000e+00 -4.432823058000e-01
P 6   1
7.862852000000e+02  4.039529691000e-03
1.868870000000e+02  3.122569761000e-02
6.000935000000e+01  1.349832897000e-01
2.225883000000e+01  3.424792738000e-01
8.885149000000e+00  4.623112646000e-01
3.609211000000e+00  2.177523833000e-01
S 6   1
2.984355000000e+01 -2.586302031000e-03
9.542383000000e+00  7.188424085000e-02
4.056790000000e+00  2.503260030000e-01
1.704703000000e+00 -2.991003035000e-01
7.062340000000e-01 -7.446818088000e-01
2.795360000000e-01 -1.799776021000e-01
P 6   1
2.984355000000e+01 -6.096652719000e-03
9.542383000000e+00 -2.628884310000e-02
4.056790000000e+00  5.091001601000e-02
1.704703000000e+00  3.798097448000e-01
7.062340000000e-01  5.170883610000e-01
2.795360000000e-01  1.829772216000e-01
S 3   1
1.065609000000e+00  6.482978223000e-02
4.259330000000e-01  3.253756112000e-01
7.632000000000e-02 -1.170806040000e+00
P 3   1
1.065609000000e+00 -2.938439989000e-01
4.259330000000e-01  9.235322967000e-02
7.632000000000e-02  9.847929965000e-01
S 1   1
2.959400000000e-02  1.000000000000e+00
P 1   1
2.959400000000e-02  1.000000000000e+00
D 3   1
1.114701000000e+01  8.747672298000e-02
2.821043000000e+00  3.795635129000e-01
8.196200000000e-01  7.180393244000e-01
D 1   1
2.214680000000e-01  1.000000000000e+00
@END

@ATOMBASIS TI
S 6   1
4.315295000000e+04  1.791871976000e-03
6.479571000000e+03  1.372391982000e-02
1.475675000000e+03  6.762829911000e-02
4.156991000000e+02  2.337641969000e-01
1.330006000000e+02  4.810695937000e-01
4.527222000000e+01  3.462279954000e-01
S 6   1
8.746826000000e+02  2.431008053000e-03
2.079785000000e+02  3.233027071000e-02
6.687918000000e+01  1.242520027000e-01
2.487347000000e+01 -3.903905085000e-02
9.968441000000e+00 -6.171789135000e-01
4.063826000000e+00 -4.473097098000e-01
P 6   1
8.746826000000e+02  4.017679296000e-03
2.079785000000e+02  3.113966230000e-02
6.687918000000e+01  1.349077100000e-01
2.487347000000e+01  3.431672253000e-01
9.968441000000e+00  4.625760341000e-01
4.063826000000e+00  2.154603159000e-01
S 6   1
3.364363000000e+01 -2.940357957000e-03
1.087565000000e+01  7.163102894000e-02
4.628225000000e+00  2.528914963000e-01
1.950126000000e+00 -2.966400956000e-01
8.094520000000e-01 -7.432214890000e-01
3.204740000000e-01 -1.853519973000e-01
P 6   1
3.364363000000e+01 -6.311620001000e-03
1.087565000000e+01 -2.697638000000e-02
4.628225000000e+00  5.316847001000e-02
1.950126000000e+00  3.845549000000e-01
8.094520000000e-01  5.127662001000e-01
3.204740000000e-01  1.811135000000e-01
S 3   1
1.224148000000e+00  6.351460717000e-02
4.842630000000e-01  3.151401875000e-01
8.409600000000e-02 -1.162594216000e+00
P 3   1
1.224148000000e+00 -2.112070099000e-01
4.842630000000e-01  7.771998364000e-02
8.409600000000e-02  9.898214464000e-01
S 1   1
3.203600000000e-02  1.000000000000e+00
P 1   1
3.203600000000e-02  1.000000000000e+00
D 3   1
1.369085000000e+01  8.589417880000e-02
3.513154000000e+00  3.784670947000e-01
1.040434000000e+00  7.161238900000e-01
D 1   1
2.869620000000e-01  1.000000000000e+00
@END

@ATOMBASIS V
S 6   1
4.735433000000e+04  1.784512997000e-03
7.110787000000e+03  1.366753998000e-02
1.619591000000e+03  6.736121989000e-02
4.563379000000e+02  2.330551996000e-01
1.460606000000e+02  4.806315992000e-01
4.975791000000e+01  3.474801994000e-01
S 6   1
9.681484000000e+02  2.410599011000e-03
2.302821000000e+02  3.207243014000e-02
7.414591000000e+01  1.245942006000e-01
2.764107000000e+01 -3.482177015000e-02
1.111475000000e+01 -6.167374027000e-01
4.543113000000e+00 -4.509844020000e-01
P 6   1
9.681484000000e+02  3.995005174000e-03
2.302821000000e+02  3.104061135000e-02
7.414591000000e+01  1.347747059000e-01
2.764107000000e+01  3.437279150000e-01
1.111475000000e+01  4.628759202000e-01
4.543113000000e+00  2.135547093000e-01
S 6   1
3.764050000000e+01 -3.233199384000e-03
1.228238000000e+01  7.130744847000e-02
5.233366000000e+00  2.543820302000e-01
2.208950000000e+00 -2.933887348000e-01
9.178800000000e-01 -7.415695881000e-01
3.634120000000e-01 -1.909410227000e-01
P 6   1
3.764050000000e+01 -6.494056098000e-03
1.228238000000e+01 -2.753453042000e-02
5.233366000000e+00  5.516284083000e-02
2.208950000000e+00  3.879672059000e-01
9.178800000000e-01  5.090258077000e-01
3.634120000000e-01  1.803840027000e-01
S 3   1
1.392781000000e+00  6.139702133000e-02
5.439130000000e-01  3.061129568000e-01
9.147600000000e-02 -1.154889837000e+00
P 3   1
1.392781000000e+00 -1.891264918000e-01
5.439130000000e-01  8.005452654000e-02
9.147600000000e-02  9.877398574000e-01
S 1   1
3.431200000000e-02  1.000000000000e+00
P 1   1
3.431200000000e-02  1.000000000000e+00
D 3   1
1.605025000000e+01  8.599899166000e-02
4.160063000000e+00  3.802996074000e-01
1.243265000000e+00  7.127659138000e-01
D 1   1
3.442770000000e-01  1.000000000000e+00
@END

@ATOMBASIS CR
S 6   1
5.178981000000e+04  1.776181956000e-03
7.776849000000e+03  1.360475966000e-02
1.771385000000e+03  6.706924832000e-02
4.991588000000e+02  2.323103942000e-01
1.597982000000e+02  4.802409880000e-01
5.447021000000e+01  3.487652913000e-01
S 6   1
1.064328000000e+03  2.399669027000e-03
2.532138000000e+02  3.194886035000e-02
8.160924000000e+01  1.250868014000e-01
3.048193000000e+01 -3.221866036000e-02
1.229439000000e+01 -6.172284069000e-01
5.037722000000e+00 -4.525936050000e-01
P 6   1
1.064328000000e+03  3.986996969000e-03
2.532138000000e+02  3.104661976000e-02
8.160924000000e+01  1.350517989000e-01
3.048193000000e+01  3.448864973000e-01
1.229439000000e+01  4.628570964000e-01
5.037722000000e+00  2.110425984000e-01
S 6   1
4.156291000000e+01 -3.454215978000e-03
1.367627000000e+01  7.218427953000e-02
5.844390000000e+00  2.544819984000e-01
2.471609000000e+00 -2.934533981000e-01
1.028308000000e+00 -7.385454952000e-01
4.072500000000e-01 -1.947156987000e-01
P 6   1
4.156291000000e+01 -6.722497017000e-03
1.367627000000e+01 -2.806471007000e-02
5.844390000000e+00  5.820028015000e-02
2.471609000000e+00  3.916988010000e-01
1.028308000000e+00  5.047823013000e-01
4.072500000000e-01  1.790290005000e-01
S 3   1
1.571464000000e+00  5.892221460000e-02
6.055800000000e-01  2.976056242000e-01
9.856100000000e-02 -1.147506479000e+00
P 3   1
1.571464000000e+00 -1.930100080000e-01
6.055800000000e-01  9.605620398000e-02
9.856100000000e-02  9.817609407000e-01
S 1   1
3.645900000000e-02  1.000000000000e+00
P 1   1
3.645900000000e-02  1.000000000000e+00
D 3   1
1.841930000000e+01  8.650816335000e-02
4.812661000000e+00  3.826699148000e-01
1.446447000000e+00  7.093772274000e-01
D 1   1
4.004130000000e-01  1.000000000000e+00
@END

@ATOMBASIS MN
S 6   1
5.634714000000e+04  1.771579986000e-03
8.460943000000e+03  1.357080989000e-02
1.927325000000e+03  6.690604948000e-02
5.432343000000e+02  2.318540982000e-01
1.739905000000e+02  4.799045963000e-01
5.936005000000e+01  3.495736973000e-01
S 6   1
1.165412000000e+03  2.388751027000e-03
2.773276000000e+02  3.181708036000e-02
8.947278000000e+01  1.254670014000e-01
3.348256000000e+01 -2.955431033000e-02
1.354037000000e+01 -6.175160070000e-01
5.557972000000e+00 -4.544458051000e-01
P 6   1
1.165412000000e+03  3.977317926000e-03
2.773276000000e+02  3.103111942000e-02
8.947278000000e+01  1.351893975000e-01
3.348256000000e+01  3.457386935000e-01
1.354037000000e+01  4.629204913000e-01
5.557972000000e+00  2.090591961000e-01
S 6   1
4.583532000000e+01 -3.665856137000e-03
1.518777000000e+01  7.231971269000e-02
6.500710000000e+00  2.544486095000e-01
2.751583000000e+00 -2.910380108000e-01
1.145404000000e+00 -7.359860274000e-01
4.536870000000e-01 -1.997617074000e-01
P 6   1
4.583532000000e+01 -6.887577902000e-03
1.518777000000e+01 -2.846815959000e-02
6.500710000000e+00  6.031831914000e-02
2.751583000000e+00  3.938960944000e-01
1.145404000000e+00  5.013768928000e-01
4.536870000000e-01  1.792263974000e-01
S 3   1
1.757999000000e+00  5.628573186000e-02
6.670220000000e-01  2.897491610000e-01
1.051290000000e-01 -1.140653240000e+00
P 3   1
1.757999000000e+00 -5.035023825000e-01
6.670220000000e-01  2.345010919000e-01
1.051290000000e-01  9.141256682000e-01
S 1   1
3.841800000000e-02  1.000000000000e+00
P 1   1
3.841800000000e-02  1.000000000000e+00
D 3   1
2.094355000000e+01  8.672702314000e-02
5.510486000000e+00  3.841883139000e-01
1.665038000000e+00  7.069071256000e-01
D 1   1
4.617330000000e-01  1.000000000000e+00
@END

@ATOMBASIS FE
S 6   1
6.113262000000e+04  1.766110976000e-03
9.179342000000e+03  1.353037982000e-02
2.090857000000e+03  6.673127910000e-02
5.892479000000e+02  2.314822969000e-01
1.887543000000e+02  4.797057935000e-01
6.444629000000e+01  3.501975953000e-01
S 6   1
1.259980000000e+03  2.438014027000e-03
2.998761000000e+02  3.224048035000e-02
9.684917000000e+01  1.265724014000e-01
3.631020000000e+01 -3.139902035000e-02
1.472996000000e+01 -6.207593068000e-01
6.066075000000e+00 -4.502914050000e-01
P 6   1
1.259980000000e+03  4.028018665000e-03
2.998761000000e+02  3.144646739000e-02
9.684917000000e+01  1.368316886000e-01
3.631020000000e+01  3.487235710000e-01
1.472996000000e+01  4.617930616000e-01
6.066075000000e+00  2.043057830000e-01
S 6   1
5.043485000000e+01 -3.873255984000e-03
1.683929000000e+01  7.196597971000e-02
7.192086000000e+00  2.556590990000e-01
3.053420000000e+00 -2.882836988000e-01
1.273643000000e+00 -7.342821970000e-01
5.040910000000e-01 -2.049352992000e-01
P 6   1
5.043485000000e+01 -7.017127880000e-03
1.683929000000e+01 -2.877659951000e-02
7.192086000000e+00  6.181382895000e-02
3.053420000000e+00  3.954945933000e-01
1.273643000000e+00  4.989058915000e-01
5.040910000000e-01  1.791250969000e-01
S 3   1
1.950316000000e+00  5.694869031000e-02
7.367210000000e-01  2.882915015000e-01
1.141770000000e-01 -1.138159006000e+00
P 3   1
1.950316000000e+00 -4.593796163000e-01
7.367210000000e-01  2.852139102000e-01
1.141770000000e-01  9.076485323000e-01
S 1   1
4.114800000000e-02  1.000000000000e+00
P 1   1
4.114800000000e-02  1.000000000000e+00
D 3   1
2.314994000000e+01  8.876935479000e-02
6.122368000000e+00  3.896319210000e-01
1.846601000000e+00  7.014816379000e-01
D 1   1
5.043610000000e-01  1.000000000000e+00
@END

@ATOMBASIS CO
S 6   1
6.614899000000e+04  1.759787106000e-03
9.933077000000e+03  1.348162081000e-02
2.262816000000e+03  6.649342399000e-02
6.379154000000e+02  2.307939139000e-01
2.044122000000e+02  4.792919288000e-01
6.982538000000e+01  3.514097211000e-01
S 6   1
1.378841000000e+03  2.376276103000e-03
3.282694000000e+02  3.167450137000e-02
1.060946000000e+02  1.262888054000e-01
3.983275000000e+01 -2.584552112000e-02
1.618622000000e+01 -6.183491267000e-01
6.667788000000e+00 -4.567008197000e-01
P 6   1
1.378841000000e+03  3.971488140000e-03
3.282694000000e+02  3.108174109000e-02
1.060946000000e+02  1.357439048000e-01
3.983275000000e+01  3.476827122000e-01
1.618622000000e+01  4.626340163000e-01
6.667788000000e+00  2.051632072000e-01
S 6   1
5.452355000000e+01 -3.993003860000e-03
1.829783000000e+01  7.409662740000e-02
7.867348000000e+00  2.541999911000e-01
3.340534000000e+00 -2.921656898000e-01
1.393756000000e+00 -7.318702744000e-01
5.513260000000e-01 -2.040783929000e-01
P 6   1
5.452355000000e+01 -7.290771623000e-03
1.829783000000e+01 -2.926026849000e-02
7.867348000000e+00  6.564149661000e-02
3.340534000000e+00  4.000651793000e-01
1.393756000000e+00  4.950235744000e-01
5.513260000000e-01  1.758239909000e-01
S 3   1
2.151947000000e+00  5.379840456000e-02
8.110630000000e-01  2.759969695000e-01
1.210170000000e-01 -1.129691466000e+00
P 3   1
2.151947000000e+00 -2.165495935000e-01
8.110630000000e-01  1.240487963000e-01
1.210170000000e-01  9.724063708000e-01
S 1   1
4.303700000000e-02  1.000000000000e+00
P 1   1
4.303700000000e-02  1.000000000000e+00
D 3   1
2.559306000000e+01  9.004748403000e-02
6.800990000000e+00  3.931703176000e-01
2.051647000000e+00  6.976844312000e-01
D 1   1
5.556710000000e-01  1.000000000000e+00
@END

@ATOMBASIS NI
S 6   1
7.139635000000e+04  1.753002902000e-03
1.072084000000e+04  1.343121925000e-02
2.442129000000e+03  6.627040631000e-02
6.884265000000e+02  2.302507872000e-01
2.206153000000e+02  4.790185733000e-01
7.539373000000e+01  3.523443804000e-01
S 6   1
1.492532000000e+03  2.370713841000e-03
3.554013000000e+02  3.160565787000e-02
1.149534000000e+02  1.266334915000e-01
4.322043000000e+01 -2.417036837000e-02
1.759710000000e+01 -6.187774584000e-01
7.257765000000e+00 -4.576769692000e-01
P 6   1
1.492532000000e+03  3.967554145000e-03
3.554013000000e+02  3.109479114000e-02
1.149534000000e+02  1.359517050000e-01
4.322043000000e+01  3.485136127000e-01
1.759710000000e+01  4.625498169000e-01
7.257765000000e+00  2.035186074000e-01
S 6   1
5.935261000000e+01 -4.162002046000e-03
2.002181000000e+01  7.425111082000e-02
8.614561000000e+00  2.541360028000e-01
3.660531000000e+00 -2.903477032000e-01
1.528111000000e+00 -7.302121080000e-01
6.040570000000e-01 -2.076057023000e-01
P 6   1
5.935261000000e+01 -7.421451709000e-03
2.002181000000e+01 -2.953409884000e-02
8.614561000000e+00  6.731851736000e-02
3.660531000000e+00  4.016659842000e-01
1.528111000000e+00  4.926622807000e-01
6.040570000000e-01  1.756892931000e-01
S 3   1
2.379276000000e+00  5.157890540000e-02
8.858390000000e-01  2.707612333000e-01
1.285290000000e-01 -1.124770554000e+00
P 3   1
2.379276000000e+00 -1.887663036000e-01
8.858390000000e-01  1.015199019000e-01
1.285290000000e-01  9.790906185000e-01
S 1   1
4.519500000000e-02  1.000000000000e+00
P 1   1
4.519500000000e-02  1.000000000000e+00
D 3   1
2.819147000000e+01  9.098880504000e-02
7.523584000000e+00  3.958207784000e-01
2.271228000000e+00  6.947153621000e-01
D 1   1
6.116030000000e-01  1.000000000000e+00
@END

@ATOMBASIS CU
S 6   1
7.679438000000e+04  1.748161083000e-03
1.153070000000e+04  1.339602064000e-02
2.626575000000e+03  6.610885315000e-02
7.404903000000e+02  2.298265110000e-01
2.373528000000e+02  4.787675228000e-01
8.115818000000e+01  3.530739168000e-01
S 6   1
1.610814000000e+03  2.364054998000e-03
3.836367000000e+02  3.153634997000e-02
1.241733000000e+02  1.269451999000e-01
4.674678000000e+01 -2.262839998000e-02
1.906569000000e+01 -6.192079994000e-01
7.871567000000e+00 -4.585392996000e-01
P 6   1
1.610814000000e+03  3.963306847000e-03
3.836367000000e+02  3.110222880000e-02
1.241733000000e+02  1.361349948000e-01
4.674678000000e+01  3.492913866000e-01
1.906569000000e+01  4.624779822000e-01
7.871567000000e+00  2.020101922000e-01
S 6   1
6.445732000000e+01 -4.331075387000e-03
2.185212000000e+01  7.412307662000e-02
9.405343000000e+00  2.542108227000e-01
3.999168000000e+00 -2.874843257000e-01
1.670297000000e+00 -7.291436651000e-01
6.596270000000e-01 -2.113951189000e-01
P 6   1
6.445732000000e+01 -7.523724515000e-03
2.185212000000e+01 -2.975686808000e-02
9.405343000000e+00  6.849653559000e-02
3.999168000000e+00  4.027140741000e-01
1.670297000000e+00  4.908489684000e-01
6.596270000000e-01  1.759267887000e-01
S 3   1
2.600088000000e+00  5.027577003000e-02
9.630940000000e-01  2.650040002000e-01
1.361610000000e-01 -1.120155001000e+00
P 3   1
2.600088000000e+00 -1.702910950000e-01
9.630940000000e-01  9.310132728000e-02
1.361610000000e-01  9.814335714000e-01
S 1   1
4.733200000000e-02  1.000000000000e+00
P 1   1
4.733200000000e-02  1.000000000000e+00
D 3   1
3.085341000000e+01  9.199905385000e-02
8.264985000000e+00  3.985021167000e-01
2.495332000000e+00  6.917897289000e-01
D 1   1
6.676580000000e-01  1.000000000000e+00
@END

@ATOMBASIS ZN
S 6   1
8.240094000000e+04  1.743328988000e-03
1.237255000000e+04  1.335965991000e-02
2.818351000000e+03  6.594364956000e-02
7.945717000000e+02  2.294150985000e-01
2.547232000000e+02  4.785452968000e-01
8.713880000000e+01  3.537752977000e-01
S 6   1
1.732569000000e+03  2.361459089000e-03
4.127149000000e+02  3.150177119000e-02
1.336780000000e+02  1.272774048000e-01
5.038585000000e+01 -2.145928081000e-02
2.058358000000e+01 -6.197652235000e-01
8.505940000000e+00 -4.590180174000e-01
P 6   1
1.732569000000e+03  3.963125053000e-03
4.127149000000e+02  3.113411042000e-02
1.336780000000e+02  1.363931018000e-01
5.038585000000e+01  3.501266047000e-01
2.058358000000e+01  4.623179062000e-01
8.505940000000e+00  2.004995027000e-01
S 6   1
6.936492000000e+01 -4.440098182000e-03
2.362082000000e+01  7.505253308000e-02
1.018471000000e+01  2.533111104000e-01
4.334082000000e+00 -2.881897118000e-01
1.810918000000e+00 -7.267052298000e-01
7.148410000000e-01 -2.133439088000e-01
P 6   1
6.936492000000e+01 -7.689261805000e-03
2.362082000000e+01 -2.997981924000e-02
1.018471000000e+01  7.082410821000e-02
4.334082000000e+00  4.046140897000e-01
1.810918000000e+00  4.882324876000e-01
7.148410000000e-01  1.751969956000e-01
S 3   1
2.823842000000e+00  4.898545031000e-02
1.039543000000e+00  2.592794075000e-01
1.432640000000e-01 -1.115711463000e+00
P 3   1
2.823842000000e+00 -1.586762981000e-01
1.039543000000e+00  8.379326898000e-02
1.432640000000e-01  9.840546881000e-01
S 1   1
4.929600000000e-02  1.000000000000e+00
P 1   1
4.929600000000e-02  1.000000000000e+00
D 3   1
3.370764000000e+01  9.262647815000e-02
9.061106000000e+00  4.002979920000e-01
2.738383000000e+00  6.896607863000e-01
D 1   1
7.302940000000e-01  1.000000000000e+00
@END

@ATOMBASIS GA
S 6   1
8.828461000000e+04  1.736921000000e-03
1.325606000000e+04  1.331136000000e-02
3.019649000000e+03  6.571709000000e-02
8.514222000000e+02  2.287932000000e-01
2.729997000000e+02  4.781507000000e-01
9.342593000000e+01  3.549154000000e-01
S 6   1
1.877680000000e+03  2.316733000000e-03
4.474374000000e+02  3.090570000000e-02
1.451401000000e+02  1.264173000000e-01
5.484977000000e+01 -1.429714000000e-02
2.244351000000e+01 -6.132855000000e-01
9.286622000000e+00 -4.703598000000e-01
P 6   1
1.877680000000e+03  3.896102000000e-03
4.474374000000e+02  3.066136000000e-02
1.451401000000e+02  1.344509000000e-01
5.484977000000e+01  3.470761000000e-01
2.244351000000e+01  4.635435000000e-01
9.286622000000e+00  2.039435000000e-01
S 6   1
8.005681000000e+01 -5.056378000000e-03
2.757856000000e+01  6.117037000000e-02
1.171717000000e+01  2.575692000000e-01
5.054113000000e+00 -2.150754000000e-01
2.172525000000e+00 -7.213703000000e-01
9.041840000000e-01 -2.785244000000e-01
P 6   1
8.005681000000e+01 -6.947816000000e-03
2.757856000000e+01 -2.938902000000e-02
1.171717000000e+01  5.377307000000e-02
5.054113000000e+00  3.764511000000e-01
2.172525000000e+00  4.923913000000e-01
9.041840000000e-01  2.073613000000e-01
S 3   1
1.112438000000e+00  1.970334000000e-01
3.287220000000e-01 -2.497645000000e-01
1.305520000000e-01 -8.749447000000e-01
P 3   1
1.112438000000e+00 -9.151867000000e-03
3.287220000000e-01  3.111786000000e-01
1.305520000000e-01  7.436549000000e-01
S 1   1
4.758900000000e-02  1.000000000000e+00
P 1   1
4.758900000000e-02  1.000000000000e+00
D 3   1
3.911406000000e+01  8.790043000000e-02
1.061218000000e+01  3.915600000000e-01
3.273033000000e+00  6.956990000000e-01
D 1   1
9.156600000000e-01  1.000000000000e+00
@END

@ATOMBASIS GE
S 6   1
9.428132000000e+04  1.732993000000e-03
1.415642000000e+04  1.328181000000e-02
3.224935000000e+03  6.557319000000e-02
9.094821000000e+02  2.283712000000e-01
2.917149000000e+02  4.778104000000e-01
9.989074000000e+01  3.557135000000e-01
S 6   1
2.016629000000e+03  2.299186000000e-03
4.806599000000e+02  3.068823000000e-02
1.560616000000e+02  1.262906000000e-01
5.907914000000e+01 -1.105405000000e-02
2.422346000000e+01 -6.103659000000e-01
1.004418000000e+01 -4.755387000000e-01
P 6   1
2.016629000000e+03  3.872605000000e-03
4.806599000000e+02  3.051218000000e-02
1.560616000000e+02  1.338971000000e-01
5.907914000000e+01  3.462496000000e-01
2.422346000000e+01  4.635741000000e-01
1.004418000000e+01  2.047879000000e-01
S 6   1
8.728112000000e+01 -5.330845000000e-03
3.028230000000e+01  5.874495000000e-02
1.285367000000e+01  2.598349000000e-01
5.587437000000e+00 -1.926917000000e-01
2.438461000000e+00 -7.190570000000e-01
1.040324000000e+00 -2.995181000000e-01
P 6   1
8.728112000000e+01 -6.893957000000e-03
3.028230000000e+01 -2.954252000000e-02
1.285367000000e+01  5.042291000000e-02
5.587437000000e+00  3.699366000000e-01
2.438461000000e+00  4.933147000000e-01
1.040324000000e+00  2.116445000000e-01
S 3   1
1.344960000000e+00  2.338815000000e-01
4.436620000000e-01 -2.189617000000e-01
1.760820000000e-01 -9.242006000000e-01
P 3   1
1.344960000000e+00 -1.976804000000e-02
4.436620000000e-01  3.028906000000e-01
1.760820000000e-01  7.562828000000e-01
S 1   1
6.466500000000e-02  1.000000000000e+00
P 1   1
6.466500000000e-02  1.000000000000e+00
D 3   1
4.463105000000e+01  8.431036000000e-02
1.220184000000e+01  3.847726000000e-01
3.823423000000e+00  7.003323000000e-01
D 1   1
1.108831000000e+00  1.000000000000e+00
@END

@ATOMBASIS AS
S 6   1
1.005955000000e+05  1.726750000000e-03
1.510482000000e+04  1.323462000000e-02
3.440884000000e+03  6.535848000000e-02
9.703961000000e+02  2.278042000000e-01
3.112852000000e+02  4.774525000000e-01
1.066284000000e+02  3.567619000000e-01
S 6   1
2.166679000000e+03  2.271761000000e-03
5.165414000000e+02  3.033475000000e-02
1.678674000000e+02  1.259057000000e-01
6.364638000000e+01 -6.687172000000e-03
2.613673000000e+01 -6.065306000000e-01
1.085439000000e+01 -4.823144000000e-01
P 6   1
2.166679000000e+03  3.832156000000e-03
5.165414000000e+02  3.023558000000e-02
1.678674000000e+02  1.328632000000e-01
6.364638000000e+01  3.447648000000e-01
2.613673000000e+01  4.640368000000e-01
1.085439000000e+01  2.064824000000e-01
S 6   1
9.506989000000e+01 -5.587423000000e-03
3.318087000000e+01  5.632506000000e-02
1.406773000000e+01  2.625835000000e-01
6.153288000000e+00 -1.718349000000e-01
2.721712000000e+00 -7.175645000000e-01
1.185334000000e+00 -3.184598000000e-01
P 6   1
9.506989000000e+01 -6.816583000000e-03
3.318087000000e+01 -2.970303000000e-02
1.406773000000e+01  4.704335000000e-02
6.153288000000e+00  3.645042000000e-01
2.721712000000e+00  4.945157000000e-01
1.185334000000e+00  2.149830000000e-01
S 3   1
1.615315000000e+00  2.645372000000e-01
5.513300000000e-01 -1.952737000000e-01
2.227620000000e-01 -9.595400000000e-01
P 3   1
1.615315000000e+00 -2.574061000000e-02
5.513300000000e-01  3.072764000000e-01
2.227620000000e-01  7.537368000000e-01
S 1   1
8.292300000000e-02  1.000000000000e+00
P 1   1
8.292300000000e-02  1.000000000000e+00
D 3   1
5.030227000000e+01  8.144711000000e-02
1.384166000000e+01  3.792908000000e-01
4.393458000000e+00  7.040401000000e-01
D 1   1
1.310755000000e+00  1.000000000000e+00
@END

@ATOMBASIS SE
S 6   1
1.070273000000e+05  1.722646000000e-03
1.607076000000e+04  1.320324000000e-02
3.661226000000e+03  6.520494000000e-02
1.032673000000e+03  2.273787000000e-01
3.313339000000e+02  4.771451000000e-01
1.135470000000e+02  3.575553000000e-01
S 6   1
2.313540000000e+03  2.261924000000e-03
5.516849000000e+02  3.019493000000e-02
1.794401000000e+02  1.258828000000e-01
6.813044000000e+01 -4.373809000000e-03
2.803062000000e+01 -6.043277000000e-01
1.166572000000e+01 -4.861200000000e-01
P 6   1
2.313540000000e+03  3.818409000000e-03
5.516849000000e+02  3.015145000000e-02
1.794401000000e+02  1.325614000000e-01
6.813044000000e+01  3.443419000000e-01
2.803062000000e+01  4.639237000000e-01
1.166572000000e+01  2.068198000000e-01
S 6   1
1.015754000000e+02 -5.752618000000e-03
3.561545000000e+01  5.675608000000e-02
1.513135000000e+01  2.651243000000e-01
6.646923000000e+00 -1.670582000000e-01
2.972805000000e+00 -7.188737000000e-01
1.316707000000e+00 -3.221907000000e-01
P 6   1
1.015754000000e+02 -6.942389000000e-03
3.561545000000e+01 -3.014441000000e-02
1.513135000000e+01  4.776411000000e-02
6.646923000000e+00  3.663827000000e-01
2.972805000000e+00  4.940086000000e-01
1.316707000000e+00  2.100109000000e-01
S 3   1
1.846991000000e+00  2.823156000000e-01
6.471590000000e-01 -2.129616000000e-01
2.579870000000e-01 -9.545384000000e-01
P 3   1
1.846991000000e+00 -2.653920000000e-02
6.471590000000e-01  3.357291000000e-01
2.579870000000e-01  7.301815000000e-01
S 1   1
9.410700000000e-02  1.000000000000e+00
P 1   1
9.410700000000e-02  1.000000000000e+00
D 3   1
5.618544000000e+01  7.904963000000e-02
1.554808000000e+01  3.746449000000e-01
4.989394000000e+00  7.071645000000e-01
D 1   1
1.523844000000e+00  1.000000000000e+00
@END

@ATOMBASIS BR
S 6   1
1.137182000000e+05  1.717696000000e-03
1.707444000000e+04  1.316744000000e-02
3.889576000000e+03  6.504553000000e-02
1.097096000000e+03  2.269505000000e-01
3.520624000000e+02  4.768357000000e-01
1.207002000000e+02  3.583677000000e-01
S 6   1
2.471138000000e+03  2.243687000000e-03
5.893838000000e+02  2.994853000000e-02
1.918738000000e+02  1.256009000000e-01
7.295339000000e+01 -9.832786000000e-04
3.005839000000e+01 -6.013141000000e-01
1.252927000000e+01 -4.913983000000e-01
P 6   1
2.471138000000e+03  3.790182000000e-03
5.893838000000e+02  2.995979000000e-02
1.918738000000e+02  1.318228000000e-01
7.295339000000e+01  3.432708000000e-01
3.005839000000e+01  4.642345000000e-01
1.252927000000e+01  2.079387000000e-01
S 6   1
1.096411000000e+02 -5.975683000000e-03
3.858948000000e+01  5.542122000000e-02
1.637818000000e+01  2.681200000000e-01
7.221836000000e+00 -1.543606000000e-01
3.263697000000e+00 -7.206306000000e-01
1.465499000000e+00 -3.316437000000e-01
P 6   1
1.096411000000e+02 -6.907483000000e-03
3.858948000000e+01 -3.041432000000e-02
1.637818000000e+01  4.602725000000e-02
7.221836000000e+00  3.650689000000e-01
3.263697000000e+00  4.949232000000e-01
1.465499000000e+00  2.090394000000e-01
S 3   1
2.103651000000e+00  3.029029000000e-01
7.547050000000e-01 -2.152659000000e-01
3.005140000000e-01 -9.633941000000e-01
P 3   1
2.103651000000e+00 -2.826714000000e-02
7.547050000000e-01  3.503065000000e-01
3.005140000000e-01  7.182446000000e-01
S 1   1
1.090710000000e-01  1.000000000000e+00
P 1   1
1.090710000000e-01  1.000000000000e+00
D 3   1
6.225514000000e+01  7.704229000000e-02
1.731284000000e+01  3.707384000000e-01
5.607915000000e+00  7.097628000000e-01
D 1   1
1.746486000000e+00  1.000000000000e+00
@END

@ATOMBASIS KR
S 6   1
1.205524000000e+05  1.714050000000e-03
1.810225000000e+04  1.313805000000e-02
4.124126000000e+03  6.490006000000e-02
1.163472000000e+03  2.265185000000e-01
3.734612000000e+02  4.764961000000e-01
1.280897000000e+02  3.591952000000e-01
S 6   1
2.634681000000e+03  2.225111000000e-03
6.284533000000e+02  2.971122000000e-02
2.047081000000e+02  1.253926000000e-01
7.790827000000e+01  1.947058000000e-03
3.213816000000e+01 -5.987388000000e-01
1.341845000000e+01 -4.958972000000e-01
P 6   1
2.634681000000e+03  3.761911000000e-03
6.284533000000e+02  2.977531000000e-02
2.047081000000e+02  1.311878000000e-01
7.790827000000e+01  3.425019000000e-01
3.213816000000e+01  4.644938000000e-01
1.341845000000e+01  2.087284000000e-01
S 6   1
1.175107000000e+02 -6.157662000000e-03
4.152553000000e+01  5.464841000000e-02
1.765290000000e+01  2.706994000000e-01
7.818313000000e+00 -1.426136000000e-01
3.571775000000e+00 -7.216781000000e-01
1.623750000000e+00 -3.412008000000e-01
P 6   1
1.175107000000e+02 -6.922855000000e-03
4.152553000000e+01 -3.069239000000e-02
1.765290000000e+01  4.480260000000e-02
7.818313000000e+00  3.636775000000e-01
3.571775000000e+00  4.952412000000e-01
1.623750000000e+00  2.086340000000e-01
S 3   1
2.374560000000e+00  3.251184000000e-01
8.691930000000e-01 -2.141533000000e-01
3.474730000000e-01 -9.755083000000e-01
P 3   1
2.374560000000e+00 -3.009554000000e-02
8.691930000000e-01  3.598893000000e-01
3.474730000000e-01  7.103098000000e-01
S 1   1
1.264790000000e-01  1.000000000000e+00
P 1   1
1.264790000000e-01  1.000000000000e+00
D 3   1
6.853888000000e+01  7.530705000000e-02
1.914333000000e+01  3.673551000000e-01
6.251213000000e+00  7.120146000000e-01
D 1   1
1.979236000000e+00  1.000000000000e+00
@END
c673c34224c01b8e86d5c2767b103024