@BASIS_SET 6-311++G_2D,2P_  !6-311++G(2D,2P)

@ATOMBASIS H
S 3   1
3.386500000000e+01  2.549380000000e-02
5.094790000000e+00  1.903730000000e-01
1.158790000000e+00  8.521610000000e-01
S 1   1
3.258400000000e-01  1.000000000000e+00
S 1   1
1.027410000000e-01  1.000000000000e+00
S 1   1
3.600000000000e-02  1.000000000000e+00
P 1   1
1.500000000000e+00  1.000000000000e+00
P 1   1
3.750000000000e-01  1.000000000000e+00
@END

@ATOMBASIS LI
S 6   1
9.004600000000e+02  2.287040000000e-03
1.344330000000e+02  1.763500000000e-02
3.043650000000e+01  8.734340000000e-02
8.626390000000e+00  2.809770000000e-01
2.483320000000e+00  6.587410000000e-01
3.031790000000e-01  1.187120000000e-01
S 3   1
4.868900000000e+00  9.332930000000e-02
8.569240000000e-01  9.430450000000e-01
2.432270000000e-01 -2.798270000000e-03
P 3   1
4.868900000000e+00  3.276610000000e-02
8.569240000000e-01  1.597920000000e-01
2.432270000000e-01  8.856670000000e-01
S 1   1
6.350700000000e-02  1.000000000000e+00
P 1   1
6.350700000000e-02  1.000000000000e+00
S 1   1
2.436830000000e-02  1.000000000000e+00
P 1   1
2.436830000000e-02  1.000000000000e+00
S 1   1
7.400000000000e-03  1.000000000000e+00
P 1   1
7.400000000000e-03  1.000000000000e+00
D 1   1
4.000000000000e-01  1.000000000000e+00
D 1   1
1.000000000000e-01  1.000000000000e+00
@END

@ATOMBASIS BE
S 6   1
1.682800000000e+03  2.285740000000e-03
2.517150000000e+02  1.759380000000e-02
5.741160000000e+01  8.633150000000e-02
1.651710000000e+01  2.818350000000e-01
4.853640000000e+00  6.405940000000e-01
6.268630000000e-01  1.444670000000e-01
S 3   1
8.309380000000e+00  1.086210000000e-01
1.740750000000e+00  9.273010000000e-01
4.858160000000e-01 -2.971690000000e-03
P 3   1
8.309380000000e+00  3.613440000000e-02
1.740750000000e+00  2.169580000000e-01
4.858160000000e-01  8.418390000000e-01
S 1   1
1.636130000000e-01  1.000000000000e+00
P 1   1
1.636130000000e-01  1.000000000000e+00
S 1   1
5.672850000000e-02  1.000000000000e+00
P 1   1
5.672850000000e-02  1.000000000000e+00
S 1   1
2.070000000000e-02  1.000000000000e+00
P 1   1
2.070000000000e-02  1.000000000000e+00
D 1   1
5.100000000000e-01  1.000000000000e+00
D 1   1
1.275000000000e-01  1.000000000000e+00
@END

@ATOMBASIS B
S 6   1
2.858890000000e+03  2.153750000000e-03
4.281400000000e+02  1.658230000000e-02
9.752820000000e+01  8.218700000000e-02
2.796930000000e+01  2.766180000000e-01
8.215770000000e+00  6.293160000000e-01
1.112780000000e+00  1.737700000000e-01
S 3   1
1.324150000000e+01  1.174430000000e-01
3.001660000000e+00  9.180020000000e-01
9.128560000000e-01 -2.651050000000e-03
P 3   1
1.324150000000e+01  4.181000000000e-02
3.001660000000e+00  2.365750000000e-01
9.128560000000e-01  8.162140000000e-01
S 1   1
3.154540000000e-01  1.000000000000e+00
P 1   1
3.154540000000e-01  1.000000000000e+00
S 1   1
9.885630000000e-02  1.000000000000e+00
P 1   1
9.885630000000e-02  1.000000000000e+00
S 1   1
3.150000000000e-02  1.000000000000e+00
P 1   1
3.150000000000e-02  1.000000000000e+00
D 1   1
8.020000000000e-01  1.000000000000e+00
D 1   1
2.005000000000e-01  1.000000000000e+00
@END

@ATOMBASIS C
S 6   1
4.563240000000e+03  1.966650000000e-03
6.820240000000e+02  1.523060000000e-02
1.549730000000e+02  7.612690000000e-02
4.445530000000e+01  2.608010000000e-01
1.302900000000e+01  6.164620000000e-01
1.827730000000e+00  2.210060000000e-01
S 3   1
2.096420000000e+01  1.146600000000e-01
4.803310000000e+00  9.199990000000e-01
1.459330000000e+00 -3.030680000000e-03
P 3   1
2.096420000000e+01  4.024870000000e-02
4.803310000000e+00  2.375940000000e-01
1.459330000000e+00  8.158540000000e-01
S 1   1
4.834560000000e-01  1.000000000000e+00
P 1   1
4.834560000000e-01  1.000000000000e+00
S 1   1
1.455850000000e-01  1.000000000000e+00
P 1   1
1.455850000000e-01  1.000000000000e+00
S 1   1
4.380000000000e-02  1.000000000000e+00
P 1   1
4.380000000000e-02  1.000000000000e+00
D 1   1
1.252000000000e+00  1.000000000000e+00
D 1   1
3.130000000000e-01  1.000000000000e+00
@END

@ATOMBASIS N
S 6   1
6.293480000000e+03  1.969790000000e-03
9.490440000000e+02  1.496130000000e-02
2.187760000000e+02  7.350060000000e-02
6.369160000000e+01  2.489370000000e-01
1.882820000000e+01  6.024600000000e-01
2.720230000000e+00  2.562020000000e-01
S 3   1
3.063310000000e+01  1.119060000000e-01
7.026140000000e+00  9.216660000000e-01
2.112050000000e+00 -2.569190000000e-03
P 3   1
3.063310000000e+01  3.831190000000e-02
7.026140000000e+00  2.374030000000e-01
2.112050000000e+00  8.175920000000e-01
S 1   1
6.840090000000e-01  1.000000000000e+00
P 1   1
6.840090000000e-01  1.000000000000e+00
S 1   1
2.008780000000e-01  1.000000000000e+00
P 1   1
2.008780000000e-01  1.000000000000e+00
S 1   1
6.390000000000e-02  1.000000000000e+00
P 1   1
6.390000000000e-02  1.000000000000e+00
D 1   1
1.826000000000e+00  1.000000000000e+00
D 1   1
4.565000000000e-01  1.000000000000e+00
@END

@ATOMBASIS O
S 6   1
8.588500000000e+03  1.895150000000e-03
1.297230000000e+03  1.438590000000e-02
2.992960000000e+02  7.073200000000e-02
8.737710000000e+01  2.400010000000e-01
2.567890000000e+01  5.947970000000e-01
3.740040000000e+00  2.808020000000e-01
S 3   1
4.211750000000e+01  1.138890000000e-01
9.628370000000e+00  9.208110000000e-01
2.853320000000e+00 -3.274470000000e-03
P 3   1
4.211750000000e+01  3.651140000000e-02
9.628370000000e+00  2.371530000000e-01
2.853320000000e+00  8.197020000000e-01
S 1   1
9.056610000000e-01  1.000000000000e+00
P 1   1
9.056610000000e-01  1.000000000000e+00
S 1   1
2.556110000000e-01  1.000000000000e+00
P 1   1
2.556110000000e-01  1.000000000000e+00
S 1   1
8.450000000000e-02  1.000000000000e+00
P 1   1
8.450000000000e-02  1.000000000000e+00
D 1   1
2.584000000000e+00  1.000000000000e+00
D 1   1
6.460000000000e-01  1.000000000000e+00
@END

@ATOMBASIS F
S 6   1
1.142710000000e+04  1.800930000000e-03
1.722350000000e+03  1.374190000000e-02
3.957460000000e+02  6.813340000000e-02
1.151390000000e+02  2.333250000000e-01
3.360260000000e+01  5.890860000000e-01
4.919010000000e+00  2.995050000000e-01
S 3   1
5.544410000000e+01  1.145360000000e-01
1.263230000000e+01  9.205120000000e-01
3.717560000000e+00 -3.378040000000e-03
P 3   1
5.544410000000e+01  3.546090000000e-02
1.263230000000e+01  2.374510000000e-01
3.717560000000e+00  8.204580000000e-01
S 1   1
1.165450000000e+00  1.000000000000e+00
P 1   1
1.165450000000e+00  1.000000000000e+00
S 1   1
3.218920000000e-01  1.000000000000e+00
P 1   1
3.218920000000e-01  1.000000000000e+00
S 1   1
1.076000000000e-01  1.000000000000e+00
P 1   1
1.076000000000e-01  1.000000000000e+00
D 1   1
3.500000000000e+00  1.000000000000e+00
D 1   1
8.750000000000e-01  1.000000000000e+00
@END

@ATOMBASIS NE
S 6   1
1.399570000000e+04  1.832760000000e-03
2.117100000000e+03  1.388270000000e-02
4.904250000000e+02  6.806870000000e-02
1.438330000000e+02  2.313280000000e-01
4.192650000000e+01  5.858900000000e-01
6.156840000000e+00  3.058830000000e-01
S 3   1
6.912110000000e+01  1.191490000000e-01
1.583500000000e+01  9.173750000000e-01
4.673260000000e+00 -4.058390000000e-03
P 3   1
6.912110000000e+01  3.565740000000e-02
1.583500000000e+01  2.394770000000e-01
4.673260000000e+00  8.184610000000e-01
S 1   1
1.457560000000e+00  1.000000000000e+00
P 1   1
1.457560000000e+00  1.000000000000e+00
S 1   1
3.970570000000e-01  1.000000000000e+00
P 1   1
3.970570000000e-01  1.000000000000e+00
S 1   1
1.300000000000e-01  1.000000000000e+00
P 1   1
1.300000000000e-01  1.000000000000e+00
D 1   1
4.608000000000e+00  1.000000000000e+00
D 1   1
1.152000000000e+00  1.000000000000e+00
@END

@ATOMBASIS NA
S 6   1
3.616640000000e+04  1.032000000000e-03
5.372580000000e+03  8.071000000000e-03
1.213210000000e+03  4.212900000000e-02
3.396230000000e+02  1.697890000000e-01
1.095530000000e+02  5.146210000000e-01
3.877730000000e+01  3.798170000000e-01
S 3   1
3.877730000000e+01  3.747620000000e-01
1.457590000000e+01  5.757690000000e-01
5.269930000000e+00  1.129330000000e-01
S 1   1
1.827770000000e+00  1.000000000000e+00
S 1   1
6.199480000000e-01  1.000000000000e+00
S 1   1
5.724000000000e-02  1.000000000000e+00
S 1   1
2.404800000000e-02  1.000000000000e+00
S 1   1
7.600000000000e-03  1.000000000000e+00
P 1   1
7.600000000000e-03  1.000000000000e+00
P 4   1
1.446450000000e+02  1.148500000000e-02
3.390740000000e+01  8.238300000000e-02
1.062850000000e+01  3.196580000000e-01
3.823890000000e+00  7.012950000000e-01
P 2   1
1.444290000000e+00  6.385060000000e-01
5.526210000000e-01  4.253650000000e-01
P 1   1
1.887200000000e-01  1.000000000000e+00
P 1   1
4.650100000000e-02  1.000000000000e+00
P 1   1
1.628500000000e-02  1.000000000000e+00
D 1   1
3.500000000000e-01  1.000000000000e+00
D 1   1
8.750000000000e-02  1.000000000000e+00
@END

@ATOMBASIS MG
S 6   1
4.386650000000e+04  9.180000000000e-04
6.605370000000e+03  7.047000000000e-03
1.513260000000e+03  3.594100000000e-02
4.323170000000e+02  1.414610000000e-01
1.421490000000e+02  4.267640000000e-01
5.139830000000e+01  4.979750000000e-01
S 3   1
5.139830000000e+01  2.513550000000e-01
1.991960000000e+01  6.186710000000e-01
8.024740000000e+00  1.884170000000e-01
S 1   1
2.508170000000e+00  1.000000000000e+00
S 1   1
8.715310000000e-01  1.000000000000e+00
S 1   1
1.081880000000e-01  1.000000000000e+00
S 1   1
4.013000000000e-02  1.000000000000e+00
S 1   1
1.460000000000e-02  1.000000000000e+00
P 1   1
1.460000000000e-02  1.000000000000e+00
P 4   1
1.938540000000e+02  1.018800000000e-02
4.544200000000e+01  7.536000000000e-02
1.418640000000e+01  3.074190000000e-01
5.057510000000e+00  7.175750000000e-01
P 2   1
1.888610000000e+00  6.673390000000e-01
7.226520000000e-01  3.946490000000e-01
P 1   1
2.364170000000e-01  1.000000000000e+00
P 1   1
9.335800000000e-02  1.000000000000e+00
P 1   1
3.480900000000e-02  1.000000000000e+00
D 1   1
3.500000000000e-01  1.000000000000e+00
D 1   1
8.750000000000e-02  1.000000000000e+00
@END

@ATOMBASIS AL
S 6   1
5.486648900000e+04  8.390000000000e-04
8.211766500000e+03  6.527000000000e-03
1.866176100000e+03  3.366600000000e-02
5.311293400000e+02  1.329020000000e-01
1.751179700000e+02  4.012660000000e-01
6.400550000000e+01  5.313380000000e-01
S 3   1
6.400550000000e+01  2.023050000000e-01
2.529250700000e+01  6.247900000000e-01
1.053491000000e+01  2.274390000000e-01
S 1   1
3.206711000000e+00  1.000000000000e+00
S 1   1
1.152555000000e+00  1.000000000000e+00
S 1   1
1.766780000000e-01  1.000000000000e+00
S 1   1
6.523700000000e-02  1.000000000000e+00
S 1   1
3.180000000000e-02  1.000000000000e+00
P 1   1
3.180000000000e-02  1.000000000000e+00
P 4   1
2.592836200000e+02  9.448000000000e-03
6.107687000000e+01  7.097400000000e-02
1.930323700000e+01  2.956360000000e-01
7.010882000000e+00  7.282190000000e-01
P 2   1
2.673865000000e+00  6.444670000000e-01
1.036596000000e+00  4.174130000000e-01
P 1   1
3.168190000000e-01  1.000000000000e+00
P 1   1
1.142570000000e-01  1.000000000000e+00
P 1   1
4.139700000000e-02  1.000000000000e+00
D 1   1
6.500000000000e-01  1.000000000000e+00
D 1   1
1.625000000000e-01  1.000000000000e+00
@END

@ATOMBASIS SI
S 6   1
6.937923000000e+04  7.570000000000e-04
1.035494000000e+04  5.932000000000e-03
2.333879600000e+03  3.108800000000e-02
6.571429500000e+02  1.249670000000e-01
2.143011300000e+02  3.868970000000e-01
7.762916800000e+01  5.548880000000e-01
S 3   1
7.762916800000e+01  1.778810000000e-01
3.063080700000e+01  6.277650000000e-01
1.280129500000e+01  2.476230000000e-01
S 1   1
3.926866000000e+00  1.000000000000e+00
S 1   1
1.452343000000e+00  1.000000000000e+00
S 1   1
2.562340000000e-01  1.000000000000e+00
S 1   1
9.427900000000e-02  1.000000000000e+00
S 1   1
3.310000000000e-02  1.000000000000e+00
P 1   1
3.310000000000e-02  1.000000000000e+00
P 4   1
3.354831900000e+02  8.866000000000e-03
7.890036600000e+01  6.829900000000e-02
2.498815000000e+01  2.909580000000e-01
9.219711000000e+00  7.321170000000e-01
P 2   1
3.621140000000e+00  6.198790000000e-01
1.451310000000e+00  4.391480000000e-01
P 1   1
5.049770000000e-01  1.000000000000e+00
P 1   1
1.863170000000e-01  1.000000000000e+00
P 1   1
6.543200000000e-02  1.000000000000e+00
D 1   1
9.000000000000e-01  1.000000000000e+00
D 1   1
2.250000000000e-01  1.000000000000e+00
@END

@ATOMBASIS P
S 6   1
7.749240000000e+04  7.810000000000e-04
1.160580000000e+04  6.068000000000e-03
2.645960000000e+03  3.116000000000e-02
7.549760000000e+02  1.234310000000e-01
2.487550000000e+02  3.782090000000e-01
9.115650000000e+01  5.632620000000e-01
S 3   1
9.115650000000e+01  1.602550000000e-01
3.622570000000e+01  6.276470000000e-01
1.521130000000e+01  2.638490000000e-01
S 1   1
4.794170000000e+00  1.000000000000e+00
S 1   1
1.807930000000e+00  1.000000000000e+00
S 1   1
3.568160000000e-01  1.000000000000e+00
S 1   1
1.147830000000e-01  1.000000000000e+00
S 1   1
3.480000000000e-02  1.000000000000e+00
P 1   1
3.480000000000e-02  1.000000000000e+00
P 4   1
3.848430000000e+02  9.206000000000e-03
9.055210000000e+01  6.987400000000e-02
2.913390000000e+01  2.924700000000e-01
1.088620000000e+01  7.281030000000e-01
P 2   1
4.352590000000e+00  6.283490000000e-01
1.777060000000e+00  4.280440000000e-01
P 1   1
6.970050000000e-01  1.000000000000e+00
P 1   1
2.535320000000e-01  1.000000000000e+00
P 1   1
6.849300000000e-02  1.000000000000e+00
D 1   1
1.100000000000e+00  1.000000000000e+00
D 1   1
2.750000000000e-01  1.000000000000e+00
@END

@ATOMBASIS S
S 6   1
9.341340000000e+04  7.430000000000e-04
1.396170000000e+04  5.793000000000e-03
3.169910000000e+03  2.995400000000e-02
9.024560000000e+02  1.190280000000e-01
2.971580000000e+02  3.684320000000e-01
1.087020000000e+02  5.772990000000e-01
S 3   1
1.087020000000e+02  1.431860000000e-01
4.315530000000e+01  6.244650000000e-01
1.810790000000e+01  2.833660000000e-01
S 1   1
5.560090000000e+00  1.000000000000e+00
S 1   1
2.131830000000e+00  1.000000000000e+00
S 1   1
4.204030000000e-01  1.000000000000e+00
S 1   1
1.360450000000e-01  1.000000000000e+00
S 1   1
4.050000000000e-02  1.000000000000e+00
P 1   1
4.050000000000e-02  1.000000000000e+00
P 4   1
4.950400000000e+02  8.309000000000e-03
1.172210000000e+02  6.402400000000e-02
3.777490000000e+01  2.776140000000e-01
1.405840000000e+01  7.450760000000e-01
P 2   1
5.565740000000e+00  6.137120000000e-01
2.262970000000e+00  4.438180000000e-01
P 1   1
8.079940000000e-01  1.000000000000e+00
P 1   1
2.774600000000e-01  1.000000000000e+00
P 1   1
7.714100000000e-02  1.000000000000e+00
D 1   1
1.300000000000e+00  1.000000000000e+00
D 1   1
3.250000000000e-01  1.000000000000e+00
@END

@ATOMBASIS CL
S 6   1
1.058190000000e+05  7.380000000000e-04
1.587200000000e+04  5.718000000000e-03
3.619650000000e+03  2.949500000000e-02
1.030800000000e+03  1.172860000000e-01
3.399080000000e+02  3.629490000000e-01
1.245380000000e+02  5.841490000000e-01
S 3   1
1.245380000000e+02  1.341770000000e-01
4.951350000000e+01  6.242500000000e-01
2.080560000000e+01  2.917560000000e-01
S 1   1
6.583460000000e+00  1.000000000000e+00
S 1   1
2.564680000000e+00  1.000000000000e+00
S 1   1
5.597630000000e-01  1.000000000000e+00
S 1   1
1.832730000000e-01  1.000000000000e+00
S 1   1
4.830000000000e-02  1.000000000000e+00
P 1   1
4.830000000000e-02  1.000000000000e+00
P 5   1
5.897760000000e+02  2.391000000000e-03
1.398490000000e+02  1.850400000000e-02
4.514130000000e+01  8.137700000000e-02
1.687330000000e+01  2.215520000000e-01
6.741100000000e+00  7.725690000000e-01
P 2   1
6.741100000000e+00 -1.572244000000e+00
2.771520000000e+00  9.923890000000e-01
P 1   1
1.023870000000e+00  1.000000000000e+00
P 1   1
3.813680000000e-01  1.000000000000e+00
P 1   1
1.094370000000e-01  1.000000000000e+00
D 1   1
1.500000000000e+00  1.000000000000e+00
D 1   1
3.750000000000e-01  1.000000000000e+00
@END

@ATOMBASIS AR
S 6   1
1.180223800000e+05  7.470000000000e-04
1.768354100000e+04  5.790000000000e-03
4.027765700000e+03  2.991900000000e-02
1.145397700000e+03  1.192060000000e-01
3.771637500000e+02  3.690280000000e-01
1.381596900000e+02  5.764590000000e-01
S 3   1
1.381596900000e+02  1.439270000000e-01
5.498911700000e+01  6.229380000000e-01
2.317066700000e+01  2.839640000000e-01
S 1   1
7.377860000000e+00  1.000000000000e+00
S 1   1
2.923688000000e+00  1.000000000000e+00
S 1   1
6.504050000000e-01  1.000000000000e+00
S 1   1
2.328250000000e-01  1.000000000000e+00
S 1   1
6.000000000000e-02  1.000000000000e+00
P 1   1
6.000000000000e-02  1.000000000000e+00
P 5   1
6.630620100000e+02  3.082000000000e-03
1.570928100000e+02  2.416500000000e-02
5.023110000000e+01  1.082230000000e-01
1.863534500000e+01  2.941920000000e-01
7.446537000000e+00  6.878620000000e-01
P 2   1
7.446537000000e+00 -1.214482000000e-01
3.095698000000e+00  1.632370000000e-01
P 1   1
1.106463000000e+00  1.000000000000e+00
P 1   1
4.156010000000e-01  1.000000000000e+00
P 1   1
1.454490000000e-01  1.000000000000e+00
D 1   1
1.700000000000e+00  1.000000000000e+00
D 1   1
4.250000000000e-01  1.000000000000e+00
@END

@ATOMBASIS K
S 6   1
1.825940000000e+05  2.277470000000e-04
2.736900000000e+04  1.766400000000e-03
6.229170000000e+03  9.194970000000e-03
1.764580000000e+03  3.745510000000e-02
5.770510000000e+02  1.220450000000e-01
2.102490000000e+02  2.989900000000e-01
S 2   1
8.261780000000e+01  4.051470000000e-01
3.323320000000e+01  2.925320000000e-01
S 1   1
8.106490000000e+00  1.000000000000e+00
S 1   1
3.334030000000e+00  1.000000000000e+00
S 1   1
8.455440000000e-01  1.000000000000e+00
S 1   1
3.282160000000e-01  1.000000000000e+00
S 1   1
3.640350000000e-02  1.000000000000e+00
S 1   1
1.764630000000e-02  1.000000000000e+00
S 1   1
4.700000000000e-03  1.000000000000e+00
P 1   1
4.700000000000e-03  1.000000000000e+00
P 3   1
8.910540000000e+02  2.184290000000e-03
2.110160000000e+02  1.758910000000e-02
6.767140000000e+01  8.177750000000e-02
P 3   1
2.527150000000e+01  2.456560000000e-01
1.013900000000e+01  4.339840000000e-01
4.201860000000e+00  3.623770000000e-01
P 1   1
1.625070000000e+00  1.000000000000e+00
P 1   1
6.437700000000e-01  1.000000000000e+00
P 1   1
2.461300000000e-01  1.000000000000e+00
P 1   1
4.544000000000e-02  1.000000000000e+00
P 1   1
1.616000000000e-02  1.000000000000e+00
D 3   1
1.337000000000e+01  3.160160000000e-02
3.421000000000e+00  1.568790000000e-01
1.063000000000e+00  3.905820000000e-01
D 1   1
4.580000000000e-01  1.000000000000e+00
D 1   1
1.145000000000e-01  1.000000000000e+00
@END

@ATOMBASIS CA
S 6   1
2.026990000000e+05  2.229640000000e-04
3.038250000000e+04  1.729320000000e-03
6.915080000000e+03  9.002260000000e-03
1.959020000000e+03  3.666990000000e-02
6.409360000000e+02  1.194100000000e-01
2.339770000000e+02  2.918250000000e-01
S 2   1
9.228920000000e+01  4.044150000000e-01
3.725450000000e+01  2.963130000000e-01
S 1   1
9.131980000000e+00  1.000000000000e+00
S 1   1
3.817790000000e+00  1.000000000000e+00
S 1   1
1.049350000000e+00  1.000000000000e+00
S 1   1
4.286600000000e-01  1.000000000000e+00
S 1   1
6.282260000000e-02  1.000000000000e+00
S 1   1
2.601620000000e-02  1.000000000000e+00
S 1   1
7.100000000000e-03  1.000000000000e+00
P 1   1
7.100000000000e-03  1.000000000000e+00
P 3   1
1.019760000000e+03  2.059860000000e-03
2.415960000000e+02  1.665010000000e-02
7.763700000000e+01  7.776460000000e-02
P 3   1
2.911540000000e+01  2.418060000000e-01
1.176260000000e+01  4.325780000000e-01
4.922890000000e+00  3.673250000000e-01
P 1   1
1.906450000000e+00  1.000000000000e+00
P 1   1
7.369000000000e-01  1.000000000000e+00
P 1   1
2.764200000000e-01  1.000000000000e+00
P 1   1
6.027000000000e-02  1.000000000000e+00
P 1   1
1.791000000000e-02  1.000000000000e+00
D 3   1
1.508000000000e+01  3.689470000000e-02
3.926000000000e+00  1.778200000000e-01
1.233000000000e+00  4.255130000000e-01
D 1   1
5.200000000000e-01  1.000000000000e+00
D 1   1
1.300000000000e-01  1.000000000000e+00
@END
8fe7c04062051359c847746ec3d1c34a