@BASIS_SET 6-31G_2DF,P_  !6-31G(2DF,P)

@ATOMBASIS H
S 3   1
1.873113700000e+01  3.349460000000e-02
2.825393700000e+00  2.347269500000e-01
6.401217000000e-01  8.137573300000e-01
S 1   1
1.612778000000e-01  1.000000000000e+00
P 1   1
1.500000000000e+00  1.000000000000e+00
P 1   1
3.750000000000e-01  1.000000000000e+00
@END

@ATOMBASIS HE
S 3   1
3.842163400000e+01  2.376600000000e-02
5.778030000000e+00  1.546790000000e-01
1.241774000000e+00  4.696300000000e-01
S 1   1
2.979640000000e-01  1.000000000000e+00
P 1   1
1.500000000000e+00  1.000000000000e+00
P 1   1
3.750000000000e-01  1.000000000000e+00
@END

@ATOMBASIS LI
S 6   1
6.424189200000e+02  2.142600000000e-03
9.679851500000e+01  1.620890000000e-02
2.209112100000e+01  7.731560000000e-02
6.201070300000e+00  2.457860000000e-01
1.935117700000e+00  4.701890000000e-01
6.367358000000e-01  3.454708000000e-01
S 3   1
2.324918400000e+00 -3.509170000000e-02
6.324306000000e-01 -1.912328000000e-01
7.905340000000e-02  1.083987800000e+00
P 3   1
2.324918400000e+00  8.941500000000e-03
6.324306000000e-01  1.410095000000e-01
7.905340000000e-02  9.453637000000e-01
S 1   1
3.596200000000e-02  1.000000000000e+00
P 1   1
3.596200000000e-02  1.000000000000e+00
D 1   1
4.000000000000e-01  1.000000000000e+00
D 1   1
1.000000000000e-01  1.000000000000e+00
F 1   1
1.500000000000e-01  1.000000000000e+00
@END

@ATOMBASIS BE
S 6   1
1.264585700000e+03  1.944800000000e-03
1.899368100000e+02  1.483510000000e-02
4.315908900000e+01  7.209060000000e-02
1.209866300000e+01  2.371542000000e-01
3.806323200000e+00  4.691987000000e-01
1.272890300000e+00  3.565202000000e-01
S 3   1
3.196463100000e+00 -1.126487000000e-01
7.478133000000e-01 -2.295064000000e-01
2.199663000000e-01  1.186916700000e+00
P 3   1
3.196463100000e+00  5.598020000000e-02
7.478133000000e-01  2.615506000000e-01
2.199663000000e-01  7.939723000000e-01
S 1   1
8.230990000000e-02  1.000000000000e+00
P 1   1
8.230990000000e-02  1.000000000000e+00
D 1   1
5.100000000000e-01  1.000000000000e+00
D 1   1
1.275000000000e-01  1.000000000000e+00
F 1   1
2.600000000000e-01  1.000000000000e+00
@END

@ATOMBASIS B
S 6   1
2.068882300000e+03  1.866300000000e-03
3.106495700000e+02  1.425150000000e-02
7.068303300000e+01  6.955160000000e-02
1.986108000000e+01  2.325729000000e-01
6.299304800000e+00  4.670787000000e-01
2.127027000000e+00  3.634314000000e-01
S 3   1
4.727971000000e+00 -1.303938000000e-01
1.190337700000e+00 -1.307889000000e-01
3.594117000000e-01  1.130944400000e+00
P 3   1
4.727971000000e+00  7.459760000000e-02
1.190337700000e+00  3.078467000000e-01
3.594117000000e-01  7.434568000000e-01
S 1   1
1.267512000000e-01  1.000000000000e+00
P 1   1
1.267512000000e-01  1.000000000000e+00
D 1   1
8.020000000000e-01  1.000000000000e+00
D 1   1
2.005000000000e-01  1.000000000000e+00
F 1   1
5.000000000000e-01  1.000000000000e+00
@END

@ATOMBASIS C
S 6   1
3.047524900000e+03  1.834700000000e-03
4.573695100000e+02  1.403730000000e-02
1.039486900000e+02  6.884260000000e-02
2.921015500000e+01  2.321844000000e-01
9.286663000000e+00  4.679413000000e-01
3.163927000000e+00  3.623120000000e-01
S 3   1
7.868272400000e+00 -1.193324000000e-01
1.881288500000e+00 -1.608542000000e-01
5.442493000000e-01  1.143456400000e+00
P 3   1
7.868272400000e+00  6.899910000000e-02
1.881288500000e+00  3.164240000000e-01
5.442493000000e-01  7.443083000000e-01
S 1   1
1.687144000000e-01  1.000000000000e+00
P 1   1
1.687144000000e-01  1.000000000000e+00
D 1   1
1.252000000000e+00  1.000000000000e+00
D 1   1
3.130000000000e-01  1.000000000000e+00
F 1   1
8.000000000000e-01  1.000000000000e+00
@END

@ATOMBASIS N
S 6   1
4.173511000000e+03  1.834800000000e-03
6.274579000000e+02  1.399500000000e-02
1.429021000000e+02  6.858700000000e-02
4.023433000000e+01  2.322410000000e-01
1.282021000000e+01  4.690700000000e-01
4.390437000000e+00  3.604550000000e-01
S 3   1
1.162635800000e+01 -1.149610000000e-01
2.716280000000e+00 -1.691180000000e-01
7.722180000000e-01  1.145852000000e+00
P 3   1
1.162635800000e+01  6.758000000000e-02
2.716280000000e+00  3.239070000000e-01
7.722180000000e-01  7.408950000000e-01
S 1   1
2.120313000000e-01  1.000000000000e+00
P 1   1
2.120313000000e-01  1.000000000000e+00
D 1   1
1.826000000000e+00  1.000000000000e+00
D 1   1
4.565000000000e-01  1.000000000000e+00
F 1   1
1.000000000000e+00  1.000000000000e+00
@END

@ATOMBASIS O
S 6   1
5.484671700000e+03  1.831100000000e-03
8.252349500000e+02  1.395010000000e-02
1.880469600000e+02  6.844510000000e-02
5.296450000000e+01  2.327143000000e-01
1.689757000000e+01  4.701930000000e-01
5.799635300000e+00  3.585209000000e-01
S 3   1
1.553961600000e+01 -1.107775000000e-01
3.599933600000e+00 -1.480263000000e-01
1.013761800000e+00  1.130767000000e+00
P 3   1
1.553961600000e+01  7.087430000000e-02
3.599933600000e+00  3.397528000000e-01
1.013761800000e+00  7.271586000000e-01
S 1   1
2.700058000000e-01  1.000000000000e+00
P 1   1
2.700058000000e-01  1.000000000000e+00
D 1   1
2.584000000000e+00  1.000000000000e+00
D 1   1
6.460000000000e-01  1.000000000000e+00
F 1   1
1.400000000000e+00  1.000000000000e+00
@END

@ATOMBASIS F
S 6   1
7.001713090000e+03  1.819616900000e-03
1.051366090000e+03  1.391607960000e-02
2.392856900000e+02  6.840532450000e-02
6.739744530000e+01  2.331857600000e-01
2.151995730000e+01  4.712674390000e-01
7.403101300000e+00  3.566185460000e-01
S 3   1
2.084795280000e+01 -1.085069750000e-01
4.808308340000e+00 -1.464516580000e-01
1.344069860000e+00  1.128688580000e+00
P 3   1
2.084795280000e+01  7.162872430000e-02
4.808308340000e+00  3.459121030000e-01
1.344069860000e+00  7.224699570000e-01
S 1   1
3.581513930000e-01  1.000000000000e+00
P 1   1
3.581513930000e-01  1.000000000000e+00
D 1   1
3.500000000000e+00  1.000000000000e+00
D 1   1
8.750000000000e-01  1.000000000000e+00
F 1   1
1.850000000000e+00  1.000000000000e+00
@END

@ATOMBASIS NE
S 6   1
8.425851530000e+03  1.884348100000e-03
1.268519400000e+03  1.433689940000e-02
2.896214140000e+02  7.010962330000e-02
8.185900400000e+01  2.373732660000e-01
2.625150790000e+01  4.730071260000e-01
9.094720510000e+00  3.484012410000e-01
S 3   1
2.653213100000e+01 -1.071182870000e-01
6.101755010000e+00 -1.461638210000e-01
1.696271530000e+00  1.127773500000e+00
P 3   1
2.653213100000e+01  7.190958850000e-02
6.101755010000e+00  3.495133720000e-01
1.696271530000e+00  7.199405120000e-01
S 1   1
4.458187000000e-01  1.000000000000e+00
P 1   1
4.458187000000e-01  1.000000000000e+00
D 1   1
4.608000000000e+00  1.000000000000e+00
D 1   1
1.152000000000e+00  1.000000000000e+00
F 1   1
2.500000000000e+00  1.000000000000e+00
@END

@ATOMBASIS NA
S 6   1
9.993200000000e+03  1.937700000000e-03
1.499890000000e+03  1.480700000000e-02
3.419510000000e+02  7.270600000000e-02
9.467970000000e+01  2.526290000000e-01
2.973450000000e+01  4.932420000000e-01
1.000630000000e+01  3.131690000000e-01
S 6   1
1.509630000000e+02 -3.542100000000e-03
3.558780000000e+01 -4.395900000000e-02
1.116830000000e+01 -1.097521000000e-01
3.902010000000e+00  1.873980000000e-01
1.381770000000e+00  6.466990000000e-01
4.663820000000e-01  3.060580000000e-01
P 6   1
1.509630000000e+02  5.001700000000e-03
3.558780000000e+01  3.551100000000e-02
1.116830000000e+01  1.428250000000e-01
3.902010000000e+00  3.386200000000e-01
1.381770000000e+00  4.515790000000e-01
4.663820000000e-01  2.732710000000e-01
S 3   1
4.979660000000e-01 -2.485030000000e-01
8.435300000000e-02 -1.317040000000e-01
6.663500000000e-02  1.233520000000e+00
P 3   1
4.979660000000e-01 -2.302300000000e-02
8.435300000000e-02  9.503590000000e-01
6.663500000000e-02  5.985800000000e-02
S 1   1
2.595440000000e-02  1.000000000000e+00
P 1   1
2.595440000000e-02  1.000000000000e+00
D 1   1
3.500000000000e-01  1.000000000000e+00
D 1   1
8.750000000000e-02  1.000000000000e+00
F 1   1
1.500000000000e-01  1.000000000000e+00
@END

@ATOMBASIS MG
S 6   1
1.172280000000e+04  1.977800000000e-03
1.759930000000e+03  1.511400000000e-02
4.008460000000e+02  7.391100000000e-02
1.128070000000e+02  2.491910000000e-01
3.599970000000e+01  4.879280000000e-01
1.218280000000e+01  3.196620000000e-01
S 6   1
1.891800000000e+02 -3.237200000000e-03
4.521190000000e+01 -4.100800000000e-02
1.435630000000e+01 -1.126000000000e-01
5.138860000000e+00  1.486330000000e-01
1.906520000000e+00  6.164970000000e-01
7.058870000000e-01  3.648290000000e-01
P 6   1
1.891800000000e+02  4.928100000000e-03
4.521190000000e+01  3.498900000000e-02
1.435630000000e+01  1.407250000000e-01
5.138860000000e+00  3.336420000000e-01
1.906520000000e+00  4.449400000000e-01
7.058870000000e-01  2.692540000000e-01
S 3   1
9.293400000000e-01 -2.122900000000e-01
2.690350000000e-01 -1.079850000000e-01
1.173790000000e-01  1.175840000000e+00
P 3   1
9.293400000000e-01 -2.241900000000e-02
2.690350000000e-01  1.922700000000e-01
1.173790000000e-01  8.461810000000e-01
S 1   1
4.210610000000e-02  1.000000000000e+00
P 1   1
4.210610000000e-02  1.000000000000e+00
D 1   1
3.500000000000e-01  1.000000000000e+00
D 1   1
8.750000000000e-02  1.000000000000e+00
F 1   1
2.000000000000e-01  1.000000000000e+00
@END

@ATOMBASIS AL
S 6   1
1.398310000000e+04  1.942670000000e-03
2.098750000000e+03  1.485990000000e-02
4.777050000000e+02  7.284940000000e-02
1.343600000000e+02  2.468300000000e-01
4.287090000000e+01  4.872580000000e-01
1.451890000000e+01  3.234960000000e-01
S 6   1
2.396680000000e+02 -2.926190000000e-03
5.744190000000e+01 -3.740800000000e-02
1.828590000000e+01 -1.144870000000e-01
6.599140000000e+00  1.156350000000e-01
2.490490000000e+00  6.125950000000e-01
9.445400000000e-01  3.937990000000e-01
P 6   1
2.396680000000e+02  4.602850000000e-03
5.744190000000e+01  3.319900000000e-02
1.828590000000e+01  1.362820000000e-01
6.599140000000e+00  3.304760000000e-01
2.490490000000e+00  4.491460000000e-01
9.445400000000e-01  2.657040000000e-01
S 3   1
1.277900000000e+00 -2.276060000000e-01
3.975900000000e-01  1.445830000000e-03
1.600950000000e-01  1.092790000000e+00
P 3   1
1.277900000000e+00 -1.751300000000e-02
3.975900000000e-01  2.445330000000e-01
1.600950000000e-01  8.049340000000e-01
S 1   1
5.565770000000e-02  1.000000000000e+00
P 1   1
5.565770000000e-02  1.000000000000e+00
D 1   1
6.500000000000e-01  1.000000000000e+00
D 1   1
1.625000000000e-01  1.000000000000e+00
F 1   1
2.500000000000e-01  1.000000000000e+00
@END

@ATOMBASIS SI
S 6   1
1.611590000000e+04  1.959480000000e-03
2.425580000000e+03  1.492880000000e-02
5.538670000000e+02  7.284780000000e-02
1.563400000000e+02  2.461300000000e-01
5.006830000000e+01  4.859140000000e-01
1.701780000000e+01  3.250020000000e-01
S 6   1
2.927180000000e+02 -2.780940000000e-03
6.987310000000e+01 -3.571460000000e-02
2.233630000000e+01 -1.149850000000e-01
8.150390000000e+00  9.356340000000e-02
3.134580000000e+00  6.030170000000e-01
1.225430000000e+00  4.189590000000e-01
P 6   1
2.927180000000e+02  4.438260000000e-03
6.987310000000e+01  3.266790000000e-02
2.233630000000e+01  1.347210000000e-01
8.150390000000e+00  3.286780000000e-01
3.134580000000e+00  4.496400000000e-01
1.225430000000e+00  2.613720000000e-01
S 3   1
1.727380000000e+00 -2.446300000000e-01
5.729220000000e-01  4.315720000000e-03
2.221920000000e-01  1.098180000000e+00
P 3   1
1.727380000000e+00 -1.779510000000e-02
5.729220000000e-01  2.535390000000e-01
2.221920000000e-01  8.006690000000e-01
S 1   1
7.783690000000e-02  1.000000000000e+00
P 1   1
7.783690000000e-02  1.000000000000e+00
D 1   1
9.000000000000e-01  1.000000000000e+00
D 1   1
2.250000000000e-01  1.000000000000e+00
F 1   1
3.200000000000e-01  1.000000000000e+00
@END

@ATOMBASIS P
S 6   1
1.941330000000e+04  1.851600000000e-03
2.909420000000e+03  1.420620000000e-02
6.613640000000e+02  6.999950000000e-02
1.857590000000e+02  2.400790000000e-01
5.919430000000e+01  4.847620000000e-01
2.003100000000e+01  3.352000000000e-01
S 6   1
3.394780000000e+02 -2.782170000000e-03
8.101010000000e+01 -3.604990000000e-02
2.587800000000e+01 -1.166310000000e-01
9.452210000000e+00  9.683280000000e-02
3.665660000000e+00  6.144180000000e-01
1.467460000000e+00  4.037980000000e-01
P 6   1
3.394780000000e+02  4.564620000000e-03
8.101010000000e+01  3.369360000000e-02
2.587800000000e+01  1.397550000000e-01
9.452210000000e+00  3.393620000000e-01
3.665660000000e+00  4.509210000000e-01
1.467460000000e+00  2.385860000000e-01
S 3   1
2.156230000000e+00 -2.529230000000e-01
7.489970000000e-01  3.285170000000e-02
2.831450000000e-01  1.081250000000e+00
P 3   1
2.156230000000e+00 -1.776530000000e-02
7.489970000000e-01  2.740580000000e-01
2.831450000000e-01  7.854210000000e-01
S 1   1
9.983170000000e-02  1.000000000000e+00
P 1   1
9.983170000000e-02  1.000000000000e+00
D 1   1
1.100000000000e+00  1.000000000000e+00
D 1   1
2.750000000000e-01  1.000000000000e+00
F 1   1
4.500000000000e-01  1.000000000000e+00
@END

@ATOMBASIS S
S 6   1
2.191710000000e+04  1.869000000000e-03
3.301490000000e+03  1.423000000000e-02
7.541460000000e+02  6.969600000000e-02
2.127110000000e+02  2.384870000000e-01
6.798960000000e+01  4.833070000000e-01
2.305150000000e+01  3.380740000000e-01
S 6   1
4.237350000000e+02 -2.376700000000e-03
1.007100000000e+02 -3.169300000000e-02
3.215990000000e+01 -1.133170000000e-01
1.180790000000e+01  5.609000000000e-02
4.631100000000e+00  5.922550000000e-01
1.870250000000e+00  4.550060000000e-01
P 6   1
4.237350000000e+02  4.061000000000e-03
1.007100000000e+02  3.068100000000e-02
3.215990000000e+01  1.304520000000e-01
1.180790000000e+01  3.272050000000e-01
4.631100000000e+00  4.528510000000e-01
1.870250000000e+00  2.560420000000e-01
S 3   1
2.615840000000e+00 -2.503740000000e-01
9.221670000000e-01  6.695700000000e-02
3.412870000000e-01  1.054510000000e+00
P 3   1
2.615840000000e+00 -1.451100000000e-02
9.221670000000e-01  3.102630000000e-01
3.412870000000e-01  7.544830000000e-01
S 1   1
1.171670000000e-01  1.000000000000e+00
P 1   1
1.171670000000e-01  1.000000000000e+00
D 1   1
1.300000000000e+00  1.000000000000e+00
D 1   1
3.250000000000e-01  1.000000000000e+00
F 1   1
5.500000000000e-01  1.000000000000e+00
@END

@ATOMBASIS CL
S 6   1
2.518010000000e+04  1.833000000000e-03
3.780350000000e+03  1.403400000000e-02
8.604740000000e+02  6.909700000000e-02
2.421450000000e+02  2.374520000000e-01
7.733490000000e+01  4.830340000000e-01
2.624700000000e+01  3.398560000000e-01
S 6   1
4.917650000000e+02 -2.297400000000e-03
1.169840000000e+02 -3.071400000000e-02
3.741530000000e+01 -1.125280000000e-01
1.378340000000e+01  4.501600000000e-02
5.452150000000e+00  5.893530000000e-01
2.225880000000e+00  4.652060000000e-01
P 6   1
4.917650000000e+02  3.989400000000e-03
1.169840000000e+02  3.031800000000e-02
3.741530000000e+01  1.298800000000e-01
1.378340000000e+01  3.279510000000e-01
5.452150000000e+00  4.535270000000e-01
2.225880000000e+00  2.521540000000e-01
S 3   1
3.186490000000e+00 -2.518300000000e-01
1.144270000000e+00  6.158900000000e-02
4.203770000000e-01  1.060180000000e+00
P 3   1
3.186490000000e+00 -1.429900000000e-02
1.144270000000e+00  3.235720000000e-01
4.203770000000e-01  7.435070000000e-01
S 1   1
1.426570000000e-01  1.000000000000e+00
P 1   1
1.426570000000e-01  1.000000000000e+00
D 1   1
1.500000000000e+00  1.000000000000e+00
D 1   1
3.750000000000e-01  1.000000000000e+00
F 1   1
7.000000000000e-01  1.000000000000e+00
@END

@ATOMBASIS AR
S 6   1
2.834830000000e+04  1.825260000000e-03
4.257620000000e+03  1.396860000000e-02
9.698570000000e+02  6.870730000000e-02
2.732630000000e+02  2.362040000000e-01
8.736950000000e+01  4.822140000000e-01
2.968670000000e+01  3.420430000000e-01
S 6   1
5.758910000000e+02 -2.159720000000e-03
1.368160000000e+02 -2.907750000000e-02
4.380980000000e+01 -1.108270000000e-01
1.620940000000e+01  2.769990000000e-02
6.460840000000e+00  5.776130000000e-01
2.651140000000e+00  4.886880000000e-01
P 6   1
5.758910000000e+02  3.806650000000e-03
1.368160000000e+02  2.923050000000e-02
4.380980000000e+01  1.264670000000e-01
1.620940000000e+01  3.235100000000e-01
6.460840000000e+00  4.548960000000e-01
2.651140000000e+00  2.566300000000e-01
S 3   1
3.860280000000e+00 -2.555920000000e-01
1.413730000000e+00  3.780660000000e-02
5.166460000000e-01  1.080560000000e+00
P 3   1
3.860280000000e+00 -1.591970000000e-02
1.413730000000e+00  3.246460000000e-01
5.166460000000e-01  7.439900000000e-01
S 1   1
1.738880000000e-01  1.000000000000e+00
P 1   1
1.738880000000e-01  1.000000000000e+00
D 1   1
1.700000000000e+00  1.000000000000e+00
D 1   1
4.250000000000e-01  1.000000000000e+00
F 1   1
8.500000000000e-01  1.000000000000e+00
@END
04fda022406dbb07eb2a669c555c7b50