@BASIS_SET 6-311G_2DF,2PD_  !6-311G(2DF,2PD)

@ATOMBASIS H
S 3   1
3.386500000000e+01  2.549380000000e-02
5.094790000000e+00  1.903730000000e-01
1.158790000000e+00  8.521610000000e-01
S 1   1
3.258400000000e-01  1.000000000000e+00
S 1   1
1.027410000000e-01  1.000000000000e+00
P 1   1
1.500000000000e+00  1.000000000000e+00
P 1   1
3.750000000000e-01  1.000000000000e+00
D 1   1
1.000000000000e+00  1.000000000000e+00
@END

@ATOMBASIS HE
S 3   1
9.812430000000e+01  2.874520000000e-02
1.476890000000e+01  2.080610000000e-01
3.318830000000e+00  8.376350000000e-01
S 1   1
8.740470000000e-01  1.000000000000e+00
S 1   1
2.445640000000e-01  1.000000000000e+00
P 1   1
1.500000000000e+00  1.000000000000e+00
P 1   1
3.750000000000e-01  1.000000000000e+00
D 1   1
2.000000000000e+00  1.000000000000e+00
@END

@ATOMBASIS LI
S 6   1
9.004600000000e+02  2.287040000000e-03
1.344330000000e+02  1.763500000000e-02
3.043650000000e+01  8.734340000000e-02
8.626390000000e+00  2.809770000000e-01
2.483320000000e+00  6.587410000000e-01
3.031790000000e-01  1.187120000000e-01
S 3   1
4.868900000000e+00  9.332930000000e-02
8.569240000000e-01  9.430450000000e-01
2.432270000000e-01 -2.798270000000e-03
P 3   1
4.868900000000e+00  3.276610000000e-02
8.569240000000e-01  1.597920000000e-01
2.432270000000e-01  8.856670000000e-01
S 1   1
6.350700000000e-02  1.000000000000e+00
P 1   1
6.350700000000e-02  1.000000000000e+00
S 1   1
2.436830000000e-02  1.000000000000e+00
P 1   1
2.436830000000e-02  1.000000000000e+00
D 1   1
4.000000000000e-01  1.000000000000e+00
D 1   1
1.000000000000e-01  1.000000000000e+00
F 1   1
1.500000000000e-01  1.000000000000e+00
@END

@ATOMBASIS BE
S 6   1
1.682800000000e+03  2.285740000000e-03
2.517150000000e+02  1.759380000000e-02
5.741160000000e+01  8.633150000000e-02
1.651710000000e+01  2.818350000000e-01
4.853640000000e+00  6.405940000000e-01
6.268630000000e-01  1.444670000000e-01
S 3   1
8.309380000000e+00  1.086210000000e-01
1.740750000000e+00  9.273010000000e-01
4.858160000000e-01 -2.971690000000e-03
P 3   1
8.309380000000e+00  3.613440000000e-02
1.740750000000e+00  2.169580000000e-01
4.858160000000e-01  8.418390000000e-01
S 1   1
1.636130000000e-01  1.000000000000e+00
P 1   1
1.636130000000e-01  1.000000000000e+00
S 1   1
5.672850000000e-02  1.000000000000e+00
P 1   1
5.672850000000e-02  1.000000000000e+00
D 1   1
5.100000000000e-01  1.000000000000e+00
D 1   1
1.275000000000e-01  1.000000000000e+00
F 1   1
2.600000000000e-01  1.000000000000e+00
@END

@ATOMBASIS B
S 6   1
2.858890000000e+03  2.153750000000e-03
4.281400000000e+02  1.658230000000e-02
9.752820000000e+01  8.218700000000e-02
2.796930000000e+01  2.766180000000e-01
8.215770000000e+00  6.293160000000e-01
1.112780000000e+00  1.737700000000e-01
S 3   1
1.324150000000e+01  1.174430000000e-01
3.001660000000e+00  9.180020000000e-01
9.128560000000e-01 -2.651050000000e-03
P 3   1
1.324150000000e+01  4.181000000000e-02
3.001660000000e+00  2.365750000000e-01
9.128560000000e-01  8.162140000000e-01
S 1   1
3.154540000000e-01  1.000000000000e+00
P 1   1
3.154540000000e-01  1.000000000000e+00
S 1   1
9.885630000000e-02  1.000000000000e+00
P 1   1
9.885630000000e-02  1.000000000000e+00
D 1   1
8.020000000000e-01  1.000000000000e+00
D 1   1
2.005000000000e-01  1.000000000000e+00
F 1   1
5.000000000000e-01  1.000000000000e+00
@END

@ATOMBASIS C
S 6   1
4.563240000000e+03  1.966650000000e-03
6.820240000000e+02  1.523060000000e-02
1.549730000000e+02  7.612690000000e-02
4.445530000000e+01  2.608010000000e-01
1.302900000000e+01  6.164620000000e-01
1.827730000000e+00  2.210060000000e-01
S 3   1
2.096420000000e+01  1.146600000000e-01
4.803310000000e+00  9.199990000000e-01
1.459330000000e+00 -3.030680000000e-03
P 3   1
2.096420000000e+01  4.024870000000e-02
4.803310000000e+00  2.375940000000e-01
1.459330000000e+00  8.158540000000e-01
S 1   1
4.834560000000e-01  1.000000000000e+00
P 1   1
4.834560000000e-01  1.000000000000e+00
S 1   1
1.455850000000e-01  1.000000000000e+00
P 1   1
1.455850000000e-01  1.000000000000e+00
D 1   1
1.252000000000e+00  1.000000000000e+00
D 1   1
3.130000000000e-01  1.000000000000e+00
F 1   1
8.000000000000e-01  1.000000000000e+00
@END

@ATOMBASIS N
S 6   1
6.293480000000e+03  1.969790000000e-03
9.490440000000e+02  1.496130000000e-02
2.187760000000e+02  7.350060000000e-02
6.369160000000e+01  2.489370000000e-01
1.882820000000e+01  6.024600000000e-01
2.720230000000e+00  2.562020000000e-01
S 3   1
3.063310000000e+01  1.119060000000e-01
7.026140000000e+00  9.216660000000e-01
2.112050000000e+00 -2.569190000000e-03
P 3   1
3.063310000000e+01  3.831190000000e-02
7.026140000000e+00  2.374030000000e-01
2.112050000000e+00  8.175920000000e-01
S 1   1
6.840090000000e-01  1.000000000000e+00
P 1   1
6.840090000000e-01  1.000000000000e+00
S 1   1
2.008780000000e-01  1.000000000000e+00
P 1   1
2.008780000000e-01  1.000000000000e+00
D 1   1
1.826000000000e+00  1.000000000000e+00
D 1   1
4.565000000000e-01  1.000000000000e+00
F 1   1
1.000000000000e+00  1.000000000000e+00
@END

@ATOMBASIS O
S 6   1
8.588500000000e+03  1.895150000000e-03
1.297230000000e+03  1.438590000000e-02
2.992960000000e+02  7.073200000000e-02
8.737710000000e+01  2.400010000000e-01
2.567890000000e+01  5.947970000000e-01
3.740040000000e+00  2.808020000000e-01
S 3   1
4.211750000000e+01  1.138890000000e-01
9.628370000000e+00  9.208110000000e-01
2.853320000000e+00 -3.274470000000e-03
P 3   1
4.211750000000e+01  3.651140000000e-02
9.628370000000e+00  2.371530000000e-01
2.853320000000e+00  8.197020000000e-01
S 1   1
9.056610000000e-01  1.000000000000e+00
P 1   1
9.056610000000e-01  1.000000000000e+00
S 1   1
2.556110000000e-01  1.000000000000e+00
P 1   1
2.556110000000e-01  1.000000000000e+00
D 1   1
2.584000000000e+00  1.000000000000e+00
D 1   1
6.460000000000e-01  1.000000000000e+00
F 1   1
1.400000000000e+00  1.000000000000e+00
@END

@ATOMBASIS F
S 6   1
1.142710000000e+04  1.800930000000e-03
1.722350000000e+03  1.374190000000e-02
3.957460000000e+02  6.813340000000e-02
1.151390000000e+02  2.333250000000e-01
3.360260000000e+01  5.890860000000e-01
4.919010000000e+00  2.995050000000e-01
S 3   1
5.544410000000e+01  1.145360000000e-01
1.263230000000e+01  9.205120000000e-01
3.717560000000e+00 -3.378040000000e-03
P 3   1
5.544410000000e+01  3.546090000000e-02
1.263230000000e+01  2.374510000000e-01
3.717560000000e+00  8.204580000000e-01
S 1   1
1.165450000000e+00  1.000000000000e+00
P 1   1
1.165450000000e+00  1.000000000000e+00
S 1   1
3.218920000000e-01  1.000000000000e+00
P 1   1
3.218920000000e-01  1.000000000000e+00
D 1   1
3.500000000000e+00  1.000000000000e+00
D 1   1
8.750000000000e-01  1.000000000000e+00
F 1   1
1.850000000000e+00  1.000000000000e+00
@END

@ATOMBASIS NE
S 6   1
1.399570000000e+04  1.832760000000e-03
2.117100000000e+03  1.388270000000e-02
4.904250000000e+02  6.806870000000e-02
1.438330000000e+02  2.313280000000e-01
4.192650000000e+01  5.858900000000e-01
6.156840000000e+00  3.058830000000e-01
S 3   1
6.912110000000e+01  1.191490000000e-01
1.583500000000e+01  9.173750000000e-01
4.673260000000e+00 -4.058390000000e-03
P 3   1
6.912110000000e+01  3.565740000000e-02
1.583500000000e+01  2.394770000000e-01
4.673260000000e+00  8.184610000000e-01
S 1   1
1.457560000000e+00  1.000000000000e+00
P 1   1
1.457560000000e+00  1.000000000000e+00
S 1   1
3.970570000000e-01  1.000000000000e+00
P 1   1
3.970570000000e-01  1.000000000000e+00
D 1   1
4.608000000000e+00  1.000000000000e+00
D 1   1
1.152000000000e+00  1.000000000000e+00
F 1   1
2.500000000000e+00  1.000000000000e+00
@END

@ATOMBASIS K
S 6   1
1.825940000000e+05  2.277470000000e-04
2.736900000000e+04  1.766400000000e-03
6.229170000000e+03  9.194970000000e-03
1.764580000000e+03  3.745510000000e-02
5.770510000000e+02  1.220450000000e-01
2.102490000000e+02  2.989900000000e-01
S 2   1
8.261780000000e+01  4.051470000000e-01
3.323320000000e+01  2.925320000000e-01
S 1   1
8.106490000000e+00  1.000000000000e+00
S 1   1
3.334030000000e+00  1.000000000000e+00
S 1   1
8.455440000000e-01  1.000000000000e+00
S 1   1
3.282160000000e-01  1.000000000000e+00
S 1   1
3.640350000000e-02  1.000000000000e+00
S 1   1
1.764630000000e-02  1.000000000000e+00
P 3   1
8.910540000000e+02  2.184290000000e-03
2.110160000000e+02  1.758910000000e-02
6.767140000000e+01  8.177750000000e-02
P 3   1
2.527150000000e+01  2.456560000000e-01
1.013900000000e+01  4.339840000000e-01
4.201860000000e+00  3.623770000000e-01
P 1   1
1.625070000000e+00  1.000000000000e+00
P 1   1
6.437700000000e-01  1.000000000000e+00
P 1   1
2.461300000000e-01  1.000000000000e+00
P 1   1
4.544000000000e-02  1.000000000000e+00
P 1   1
1.616000000000e-02  1.000000000000e+00
D 3   1
1.337000000000e+01  3.160160000000e-02
3.421000000000e+00  1.568790000000e-01
1.063000000000e+00  3.905820000000e-01
D 1   1
4.580000000000e-01  1.000000000000e+00
D 1   1
1.145000000000e-01  1.000000000000e+00
F 1   1
1.110000000000e+00  1.000000000000e+00
@END

@ATOMBASIS CA
S 6   1
2.026990000000e+05  2.229640000000e-04
3.038250000000e+04  1.729320000000e-03
6.915080000000e+03  9.002260000000e-03
1.959020000000e+03  3.666990000000e-02
6.409360000000e+02  1.194100000000e-01
2.339770000000e+02  2.918250000000e-01
S 2   1
9.228920000000e+01  4.044150000000e-01
3.725450000000e+01  2.963130000000e-01
S 1   1
9.131980000000e+00  1.000000000000e+00
S 1   1
3.817790000000e+00  1.000000000000e+00
S 1   1
1.049350000000e+00  1.000000000000e+00
S 1   1
4.286600000000e-01  1.000000000000e+00
S 1   1
6.282260000000e-02  1.000000000000e+00
S 1   1
2.601620000000e-02  1.000000000000e+00
P 3   1
1.019760000000e+03  2.059860000000e-03
2.415960000000e+02  1.665010000000e-02
7.763700000000e+01  7.776460000000e-02
P 3   1
2.911540000000e+01  2.418060000000e-01
1.176260000000e+01  4.325780000000e-01
4.922890000000e+00  3.673250000000e-01
P 1   1
1.906450000000e+00  1.000000000000e+00
P 1   1
7.369000000000e-01  1.000000000000e+00
P 1   1
2.764200000000e-01  1.000000000000e+00
P 1   1
6.027000000000e-02  1.000000000000e+00
P 1   1
1.791000000000e-02  1.000000000000e+00
D 3   1
1.508000000000e+01  3.689470000000e-02
3.926000000000e+00  1.778200000000e-01
1.233000000000e+00  4.255130000000e-01
D 1   1
5.200000000000e-01  1.000000000000e+00
D 1   1
1.300000000000e-01  1.000000000000e+00
F 1   1
1.330000000000e+00  1.000000000000e+00
@END
34b7aa9f0c2a79f8a4563ddabc1d6e0e