@BASIS_SET 6-31+G_D_  !6-31+G*

@ATOMBASIS H
S 3   1
1.873113696000e+01  3.349460434000e-02
2.825394365000e+00  2.347269535000e-01
6.401216923000e-01  8.137573261000e-01
S 1   1
1.612777588000e-01  1.000000000000e+00
@END

@ATOMBASIS HE
S 3   1
3.842163400000e+01  4.013973935000e-02
5.778030000000e+00  2.612460970000e-01
1.241774000000e+00  7.931846246000e-01
S 1   1
2.979640000000e-01  1.000000000000e+00
@END

@ATOMBASIS LI
S 6   1
6.424189150000e+02  2.142607810000e-03
9.679851530000e+01  1.620887150000e-02
2.209112120000e+01  7.731557250000e-02
6.201070250000e+00  2.457860520000e-01
1.935117680000e+00  4.701890040000e-01
6.367357890000e-01  3.454708450000e-01
S 3   1
2.324918408000e+00 -3.509174574000e-02
6.324303556000e-01 -1.912328431000e-01
7.905343475000e-02  1.083987795000e+00
P 3   1
2.324918408000e+00  8.941508043000e-03
6.324303556000e-01  1.410094640000e-01
7.905343475000e-02  9.453636953000e-01
S 1   1
3.596197175000e-02  1.000000000000e+00
P 1   1
3.596197175000e-02  1.000000000000e+00
S 1   1
7.400000000000e-03  1.000000000000e+00
P 1   1
7.400000000000e-03  1.000000000000e+00
D 1   1
2.000000000000e-01  1.000000000000e+00
@END

@ATOMBASIS BE
S 6   1
1.264585690000e+03  1.944757590000e-03
1.899368060000e+02  1.483505200000e-02
4.315908900000e+01  7.209054629000e-02
1.209866270000e+01  2.371541500000e-01
3.806323220000e+00  4.691986519000e-01
1.272890300000e+00  3.565202279000e-01
S 3   1
3.196463098000e+00 -1.126487285000e-01
7.478133038000e-01 -2.295064079000e-01
2.199663302000e-01  1.186916764000e+00
P 3   1
3.196463098000e+00  5.598019980000e-02
7.478133038000e-01  2.615506110000e-01
2.199663302000e-01  7.939723389000e-01
S 1   1
8.230990070000e-02  1.000000000000e+00
P 1   1
8.230990070000e-02  1.000000000000e+00
S 1   1
2.070000000000e-02  1.000000000000e+00
P 1   1
2.070000000000e-02  1.000000000000e+00
D 1   1
4.000000000000e-01  1.000000000000e+00
@END

@ATOMBASIS B
S 6   1
2.068882250000e+03  1.866274590000e-03
3.106495700000e+02  1.425148170000e-02
7.068303300000e+01  6.955161850000e-02
1.986108030000e+01  2.325729330000e-01
6.299304840000e+00  4.670787120000e-01
2.127026970000e+00  3.634314400000e-01
S 3   1
4.727971071000e+00 -1.303937974000e-01
1.190337736000e+00 -1.307889514000e-01
3.594116829000e-01  1.130944484000e+00
P 3   1
4.727971071000e+00  7.459757992000e-02
1.190337736000e+00  3.078466771000e-01
3.594116829000e-01  7.434568342000e-01
S 1   1
1.267512469000e-01  1.000000000000e+00
P 1   1
1.267512469000e-01  1.000000000000e+00
S 1   1
3.150000000000e-02  1.000000000000e+00
P 1   1
3.150000000000e-02  1.000000000000e+00
D 1   1
6.000000000000e-01  1.000000000000e+00
@END

@ATOMBASIS C
S 6   1
3.047524880000e+03  1.834737132000e-03
4.573695180000e+02  1.403732281000e-02
1.039486850000e+02  6.884262226000e-02
2.921015530000e+01  2.321844432000e-01
9.286662960000e+00  4.679413484000e-01
3.163926960000e+00  3.623119853000e-01
S 3   1
7.868272350000e+00 -1.193324198000e-01
1.881288540000e+00 -1.608541517000e-01
5.442492580000e-01  1.143456438000e+00
P 3   1
7.868272350000e+00  6.899906659000e-02
1.881288540000e+00  3.164239610000e-01
5.442492580000e-01  7.443082909000e-01
S 1   1
1.687144782000e-01  1.000000000000e+00
P 1   1
1.687144782000e-01  1.000000000000e+00
S 1   1
4.380000000000e-02  1.000000000000e+00
P 1   1
4.380000000000e-02  1.000000000000e+00
D 1   1
8.000000000000e-01  1.000000000000e+00
@END

@ATOMBASIS N
S 6   1
4.173511460000e+03  1.834772160000e-03
6.274579110000e+02  1.399462700000e-02
1.429020930000e+02  6.858655181000e-02
4.023432930000e+01  2.322408730000e-01
1.282021290000e+01  4.690699481000e-01
4.390437010000e+00  3.604551991000e-01
S 3   1
1.162636186000e+01 -1.149611817000e-01
2.716279807000e+00 -1.691174786000e-01
7.722183966000e-01  1.145851947000e+00
P 3   1
1.162636186000e+01  6.757974388000e-02
2.716279807000e+00  3.239072959000e-01
7.722183966000e-01  7.408951398000e-01
S 1   1
2.120314975000e-01  1.000000000000e+00
P 1   1
2.120314975000e-01  1.000000000000e+00
S 1   1
6.390000000000e-02  1.000000000000e+00
P 1   1
6.390000000000e-02  1.000000000000e+00
D 1   1
8.000000000000e-01  1.000000000000e+00
@END

@ATOMBASIS O
S 6   1
5.484671660000e+03  1.831074430000e-03
8.252349460000e+02  1.395017220000e-02
1.880469580000e+02  6.844507810000e-02
5.296450000000e+01  2.327143360000e-01
1.689757040000e+01  4.701928980000e-01
5.799635340000e+00  3.585208530000e-01
S 3   1
1.553961625000e+01 -1.107775495000e-01
3.599933586000e+00 -1.480262627000e-01
1.013761750000e+00  1.130767015000e+00
P 3   1
1.553961625000e+01  7.087426823000e-02
3.599933586000e+00  3.397528391000e-01
1.013761750000e+00  7.271585773000e-01
S 1   1
2.700058226000e-01  1.000000000000e+00
P 1   1
2.700058226000e-01  1.000000000000e+00
S 1   1
8.450000000000e-02  1.000000000000e+00
P 1   1
8.450000000000e-02  1.000000000000e+00
D 1   1
8.000000000000e-01  1.000000000000e+00
@END

@ATOMBASIS F
S 6   1
7.001713090000e+03  1.819616901000e-03
1.051366090000e+03  1.391607961000e-02
2.392856900000e+02  6.840532453000e-02
6.739744530000e+01  2.331857601000e-01
2.151995730000e+01  4.712674392000e-01
7.403101300000e+00  3.566185462000e-01
S 3   1
2.084795280000e+01 -1.085069751000e-01
4.808308340000e+00 -1.464516581000e-01
1.344069860000e+00  1.128688581000e+00
P 3   1
2.084795280000e+01  7.162872424000e-02
4.808308340000e+00  3.459121027000e-01
1.344069860000e+00  7.224699564000e-01
S 1   1
3.581513930000e-01  1.000000000000e+00
P 1   1
3.581513930000e-01  1.000000000000e+00
S 1   1
1.076000000000e-01  1.000000000000e+00
P 1   1
1.076000000000e-01  1.000000000000e+00
D 1   1
8.000000000000e-01  1.000000000000e+00
@END

@ATOMBASIS NE
S 6   1
8.425851530000e+03  1.884348050000e-03
1.268519400000e+03  1.433689940000e-02
2.896214140000e+02  7.010962331000e-02
8.185900400000e+01  2.373732660000e-01
2.625150790000e+01  4.730071261000e-01
9.094720510000e+00  3.484012410000e-01
S 3   1
2.653213100000e+01 -1.071182872000e-01
6.101755010000e+00 -1.461638213000e-01
1.696271530000e+00  1.127773503000e+00
P 3   1
2.653213100000e+01  7.190958851000e-02
6.101755010000e+00  3.495133720000e-01
1.696271530000e+00  7.199405121000e-01
S 1   1
4.458187000000e-01  1.000000000000e+00
P 1   1
4.458187000000e-01  1.000000000000e+00
S 1   1
1.300000000000e-01  1.000000000000e+00
P 1   1
1.300000000000e-01  1.000000000000e+00
D 1   1
8.000000000000e-01  1.000000000000e+00
@END

@ATOMBASIS NA
S 6   1
9.993200000000e+03  1.937659277000e-03
1.499890000000e+03  1.480699448000e-02
3.419510000000e+02  7.270547288000e-02
9.467960000000e+01  2.526289058000e-01
2.973450000000e+01  4.932418160000e-01
1.000630000000e+01  3.131688832000e-01
S 6   1
1.509630000000e+02 -3.542083504000e-03
3.558780000000e+01 -4.395884348000e-02
1.116830000000e+01 -1.097521086000e-01
3.902010000000e+00  1.873981854000e-01
1.381770000000e+00  6.466996397000e-01
4.663820000000e-01  3.060583027000e-01
P 6   1
1.509630000000e+02  5.001659710000e-03
3.558780000000e+01  3.551089794000e-02
1.116830000000e+01  1.428249917000e-01
3.902010000000e+00  3.386199803000e-01
1.381770000000e+00  4.515789738000e-01
4.663820000000e-01  2.732709841000e-01
S 3   1
4.979660000000e-01 -2.485031593000e-01
8.435290000000e-02 -1.317040844000e-01
6.663500000000e-02  1.233520791000e+00
P 3   1
4.979660000000e-01 -2.302250043000e-02
8.435290000000e-02  9.503590176000e-01
6.663500000000e-02  5.985790111000e-02
S 1   1
2.595440000000e-02  1.000000000000e+00
P 1   1
2.595440000000e-02  1.000000000000e+00
S 1   1
7.600000000000e-03  1.000000000000e+00
P 1   1
7.600000000000e-03  1.000000000000e+00
D 1   1
1.750000000000e-01  1.000000000000e+00
@END

@ATOMBASIS MG
S 6   1
1.172280000000e+04  1.977829317000e-03
1.759930000000e+03  1.511399478000e-02
4.008460000000e+02  7.391077448000e-02
1.128070000000e+02  2.491909140000e-01
3.599970000000e+01  4.879278316000e-01
1.218280000000e+01  3.196618896000e-01
S 6   1
1.891800000000e+02 -3.237170471000e-03
4.521190000000e+01 -4.100790597000e-02
1.435630000000e+01 -1.126000164000e-01
5.138860000000e+00  1.486330216000e-01
1.906520000000e+00  6.164970898000e-01
7.058870000000e-01  3.648290531000e-01
P 6   1
1.891800000000e+02  4.928129921000e-03
4.521190000000e+01  3.498879944000e-02
1.435630000000e+01  1.407249977000e-01
5.138860000000e+00  3.336419947000e-01
1.906520000000e+00  4.449399929000e-01
7.058870000000e-01  2.692539957000e-01
S 3   1
9.293400000000e-01 -2.122908985000e-01
2.690350000000e-01 -1.079854570000e-01
1.173790000000e-01  1.175844977000e+00
P 3   1
9.293400000000e-01 -2.241918123000e-02
2.690350000000e-01  1.922708390000e-01
1.173790000000e-01  8.461802916000e-01
S 1   1
4.210610000000e-02  1.000000000000e+00
P 1   1
4.210610000000e-02  1.000000000000e+00
S 1   1
1.460000000000e-02  1.000000000000e+00
P 1   1
1.460000000000e-02  1.000000000000e+00
D 1   1
1.750000000000e-01  1.000000000000e+00
@END

@ATOMBASIS AL
S 6   1
1.398310000000e+04  1.942669947000e-03
2.098750000000e+03  1.485989959000e-02
4.777050000000e+02  7.284939800000e-02
1.343600000000e+02  2.468299932000e-01
4.287090000000e+01  4.872579866000e-01
1.451890000000e+01  3.234959911000e-01
S 6   1
2.396680000000e+02 -2.926190028000e-03
5.744190000000e+01 -3.740830036000e-02
1.828590000000e+01 -1.144870011000e-01
6.599140000000e+00  1.156350011000e-01
2.490490000000e+00  6.125950058000e-01
9.445450000000e-01  3.937990037000e-01
P 6   1
2.396680000000e+02  4.602845582000e-03
5.744190000000e+01  3.319896813000e-02
1.828590000000e+01  1.362818692000e-01
6.599140000000e+00  3.304756828000e-01
2.490490000000e+00  4.491455689000e-01
9.445450000000e-01  2.657037450000e-01
S 3   1
1.277900000000e+00 -2.276069245000e-01
3.975900000000e-01  1.445835873000e-03
1.600950000000e-01  1.092794439000e+00
P 3   1
1.277900000000e+00 -1.751260189000e-02
3.975900000000e-01  2.445330264000e-01
1.600950000000e-01  8.049340867000e-01
S 1   1
5.565770000000e-02  1.000000000000e+00
P 1   1
5.565770000000e-02  1.000000000000e+00
S 1   1
3.180000000000e-02  1.000000000000e+00
P 1   1
3.180000000000e-02  1.000000000000e+00
D 1   1
3.250000000000e-01  1.000000000000e+00
@END

@ATOMBASIS SI
S 6   1
1.611590000000e+04  1.959480216000e-03
2.425580000000e+03  1.492880164000e-02
5.538670000000e+02  7.284780801000e-02
1.563400000000e+02  2.461300271000e-01
5.006830000000e+01  4.859140535000e-01
1.701780000000e+01  3.250020358000e-01
S 6   1
2.927180000000e+02 -2.780941415000e-03
6.987310000000e+01 -3.571461817000e-02
2.233630000000e+01 -1.149850585000e-01
8.150390000000e+00  9.356344760000e-02
3.134580000000e+00  6.030173068000e-01
1.225430000000e+00  4.189592131000e-01
P 6   1
2.927180000000e+02  4.438264521000e-03
6.987310000000e+01  3.266793328000e-02
2.233630000000e+01  1.347211372000e-01
8.150390000000e+00  3.286783348000e-01
3.134580000000e+00  4.496404580000e-01
1.225430000000e+00  2.613722662000e-01
S 3   1
1.727380000000e+00 -2.446310042000e-01
5.729220000000e-01  4.315737717000e-03
2.221920000000e-01  1.098184508000e+00
P 3   1
1.727380000000e+00 -1.779510605000e-02
5.729220000000e-01  2.535390863000e-01
2.221920000000e-01  8.006692724000e-01
S 1   1
7.783690000000e-02  1.000000000000e+00
P 1   1
7.783690000000e-02  1.000000000000e+00
S 1   1
3.310000000000e-02  1.000000000000e+00
P 1   1
3.310000000000e-02  1.000000000000e+00
D 1   1
4.500000000000e-01  1.000000000000e+00
@END

@ATOMBASIS P
S 6   1
1.941330000000e+04  1.851598923000e-03
2.909420000000e+03  1.420619174000e-02
6.613640000000e+02  6.999945928000e-02
1.857590000000e+02  2.400788603000e-01
5.919430000000e+01  4.847617180000e-01
2.003100000000e+01  3.351998050000e-01
S 6   1
3.394780000000e+02 -2.782170105000e-03
8.101010000000e+01 -3.604990135000e-02
2.587800000000e+01 -1.166310044000e-01
9.452210000000e+00  9.683280364000e-02
3.665660000000e+00  6.144180231000e-01
1.467460000000e+00  4.037980152000e-01
P 6   1
3.394780000000e+02  4.564616191000e-03
8.101010000000e+01  3.369357188000e-02
2.587800000000e+01  1.397548834000e-01
9.452210000000e+00  3.393617168000e-01
3.665660000000e+00  4.509206237000e-01
1.467460000000e+00  2.385858009000e-01
S 3   1
2.156230000000e+00 -2.529241139000e-01
7.489970000000e-01  3.285184468000e-02
2.831450000000e-01  1.081254762000e+00
P 3   1
2.156230000000e+00 -1.776531273000e-02
7.489970000000e-01  2.740581964000e-01
2.831450000000e-01  7.854215630000e-01
S 1   1
9.983170000000e-02  1.000000000000e+00
P 1   1
9.983170000000e-02  1.000000000000e+00
S 1   1
3.480000000000e-02  1.000000000000e+00
P 1   1
3.480000000000e-02  1.000000000000e+00
D 1   1
5.500000000000e-01  1.000000000000e+00
@END

@ATOMBASIS S
S 6   1
2.191710000000e+04  1.869240849000e-03
3.301490000000e+03  1.423030646000e-02
7.541460000000e+02  6.969623166000e-02
2.127110000000e+02  2.384871083000e-01
6.798960000000e+01  4.833072195000e-01
2.305150000000e+01  3.380741536000e-01
S 6   1
4.237350000000e+02 -2.376770499000e-03
1.007100000000e+02 -3.169300665000e-02
3.215990000000e+01 -1.133170238000e-01
1.180790000000e+01  5.609001177000e-02
4.631100000000e+00  5.922551243000e-01
1.870250000000e+00  4.550060955000e-01
P 6   1
4.237350000000e+02  4.061009982000e-03
1.007100000000e+02  3.068129986000e-02
3.215990000000e+01  1.304519994000e-01
1.180790000000e+01  3.272049985000e-01
4.631100000000e+00  4.528509980000e-01
1.870250000000e+00  2.560419989000e-01
S 3   1
2.615840000000e+00 -2.503731142000e-01
9.221670000000e-01  6.695676310000e-02
3.412870000000e-01  1.054506269000e+00
P 3   1
2.615840000000e+00 -1.451048955000e-02
9.221670000000e-01  3.102627765000e-01
3.412870000000e-01  7.544824565000e-01
S 1   1
1.171670000000e-01  1.000000000000e+00
P 1   1
1.171670000000e-01  1.000000000000e+00
S 1   1
4.050000000000e-02  1.000000000000e+00
P 1   1
4.050000000000e-02  1.000000000000e+00
D 1   1
6.500000000000e-01  1.000000000000e+00
@END

@ATOMBASIS CL
S 6   1
2.518010000000e+04  1.832959848000e-03
3.780350000000e+03  1.403419883000e-02
8.604740000000e+02  6.909739426000e-02
2.421450000000e+02  2.374519803000e-01
7.733490000000e+01  4.830339599000e-01
2.624700000000e+01  3.398559718000e-01
S 6   1
4.917650000000e+02 -2.297391417000e-03
1.169840000000e+02 -3.071371894000e-02
3.741530000000e+01 -1.125280694000e-01
1.378340000000e+01  4.501632776000e-02
5.452150000000e+00  5.893533634000e-01
2.225880000000e+00  4.652062868000e-01
P 6   1
4.917650000000e+02  3.989400879000e-03
1.169840000000e+02  3.031770668000e-02
3.741530000000e+01  1.298800286000e-01
1.378340000000e+01  3.279510723000e-01
5.452150000000e+00  4.535271000000e-01
2.225880000000e+00  2.521540556000e-01
S 3   1
3.186490000000e+00 -2.518280280000e-01
1.144270000000e+00  6.158925141000e-02
4.203770000000e-01  1.060184328000e+00
P 3   1
3.186490000000e+00 -1.429931472000e-02
1.144270000000e+00  3.235723331000e-01
4.203770000000e-01  7.435077653000e-01
S 1   1
1.426570000000e-01  1.000000000000e+00
P 1   1
1.426570000000e-01  1.000000000000e+00
S 1   1
4.830000000000e-02  1.000000000000e+00
P 1   1
4.830000000000e-02  1.000000000000e+00
D 1   1
7.500000000000e-01  1.000000000000e+00
@END

@ATOMBASIS AR
S 6   1
2.834830000000e+04  1.825260192000e-03
4.257620000000e+03  1.396860147000e-02
9.698570000000e+02  6.870730723000e-02
2.732630000000e+02  2.362040249000e-01
8.736950000000e+01  4.822140508000e-01
2.968670000000e+01  3.420430360000e-01
S 6   1
5.758910000000e+02 -2.159720895000e-03
1.368160000000e+02 -2.907751206000e-02
4.380980000000e+01 -1.108270460000e-01
1.620940000000e+01  2.769991148000e-02
6.460840000000e+00  5.776132395000e-01
2.651140000000e+00  4.886882026000e-01
P 6   1
5.758910000000e+02  3.806649842000e-03
1.368160000000e+02  2.923049879000e-02
4.380980000000e+01  1.264669948000e-01
1.620940000000e+01  3.235099866000e-01
6.460840000000e+00  4.548959811000e-01
2.651140000000e+00  2.566299894000e-01
S 3   1
3.860280000000e+00 -2.555929604000e-01
1.413730000000e+00  3.780674206000e-02
5.166460000000e-01  1.080564060000e+00
P 3   1
3.860280000000e+00 -1.591969040000e-02
1.413730000000e+00  3.246458042000e-01
5.166460000000e-01  7.439895512000e-01
S 1   1
1.738880000000e-01  1.000000000000e+00
P 1   1
1.738880000000e-01  1.000000000000e+00
S 1   1
6.000000000000e-02  1.000000000000e+00
P 1   1
6.000000000000e-02  1.000000000000e+00
D 1   1
8.500000000000e-01  1.000000000000e+00
@END
251d8f524e28b7b12de16a35903c645c