@BASIS_SET ANO-L-MB

@ATOMBASIS H
S 8   1
1.886144500000e+02  9.638500000000e-04
2.827659600000e+01  7.491960000000e-03
6.424830000000e+00  3.759541000000e-02
1.815041000000e+00  1.433949800000e-01
5.910630000000e-01  3.486363000000e-01
2.121490000000e-01  4.382973600000e-01
7.989100000000e-02  1.651066100000e-01
2.796200000000e-02  2.102287000000e-02
@END

@ATOMBASIS HE
S 9   1
1.149270500000e+03  3.577400000000e-04
1.720445700000e+02  2.772890000000e-03
3.908046500000e+01  1.429838000000e-02
1.103617300000e+01  5.586749000000e-02
3.564152000000e+00  1.633628400000e-01
1.240443000000e+00  3.313314600000e-01
4.473160000000e-01  4.142972800000e-01
1.642060000000e-01  1.890322800000e-01
5.747200000000e-02  5.156060000000e-03
@END

@ATOMBASIS LI
S 14   1
9.497934400000e+03  7.470000000000e-05
1.416811200000e+03  5.836400000000e-04
3.214599400000e+02  3.060950000000e-03
9.112416300000e+01  1.260109000000e-02
2.999989100000e+01  4.234724000000e-02
1.101763100000e+01  1.147580200000e-01
4.372801000000e+00  2.393659200000e-01
1.831256000000e+00  3.575917900000e-01
8.022610000000e-01  3.033758200000e-01
3.626480000000e-01  8.637933000000e-02
1.139950000000e-01  2.643900000000e-03
5.123700000000e-02  1.216960000000e-03
2.246800000000e-02  5.619700000000e-04
7.860000000000e-03  1.973000000000e-05
S 14   1
9.497934400000e+03 -1.100000000000e-05
1.416811200000e+03 -8.570000000000e-05
3.214599400000e+02 -4.507000000000e-04
9.112416300000e+01 -1.863000000000e-03
2.999989100000e+01 -6.357500000000e-03
1.101763100000e+01 -1.776730000000e-02
4.372801000000e+00 -3.979680000000e-02
1.831256000000e+00 -7.012820000000e-02
8.022610000000e-01 -1.029469000000e-01
3.626480000000e-01 -9.370780000000e-02
1.139950000000e-01  2.201287700000e-01
5.123700000000e-02  5.933773600000e-01
2.246800000000e-02  2.945275200000e-01
7.860000000000e-03  2.495030000000e-02
P 9   1
1.311950400000e+01  1.448970000000e-03
3.077424200000e+00  7.995780000000e-03
1.098800500000e+00  2.134846000000e-02
4.357784000000e-01  5.011954000000e-02
1.802432000000e-01  1.954738800000e-01
7.613330000000e-02  4.191119000000e-01
3.254650000000e-02  3.481647200000e-01
1.401820000000e-02  1.505975300000e-01
4.906400000000e-03  1.570330000000e-02
@END

@ATOMBASIS BE
S 14   1
2.262859900000e+04  5.331000000000e-05
3.372318100000e+03  4.181200000000e-04
7.603504000000e+02  2.226040000000e-03
2.117404800000e+02  9.562760000000e-03
6.722346800000e+01  3.481791000000e-02
2.337217700000e+01  1.059461100000e-01
8.721373000000e+00  2.456631800000e-01
3.468091000000e+00  3.860736200000e-01
1.452144000000e+00  3.103731800000e-01
6.086150000000e-01  6.389402000000e-02
2.576860000000e-01 -1.531400000000e-03
1.041760000000e-01  1.182470000000e-03
4.242700000000e-02 -2.521000000000e-04
1.484900000000e-02  7.381000000000e-05
S 14   1
2.262859900000e+04 -1.020000000000e-05
3.372318100000e+03 -8.040000000000e-05
7.603504000000e+02 -4.281000000000e-04
2.117404800000e+02 -1.848700000000e-03
6.722346800000e+01 -6.800800000000e-03
2.337217700000e+01 -2.137190000000e-02
8.721373000000e+00 -5.303520000000e-02
3.468091000000e+00 -1.004577000000e-01
1.452144000000e+00 -1.375139000000e-01
6.086150000000e-01 -6.507040000000e-02
2.576860000000e-01  3.245731700000e-01
1.041760000000e-01  6.181643300000e-01
4.242700000000e-02  2.047674900000e-01
1.484900000000e-02  4.303500000000e-03
P 9   1
3.371018400000e+01  1.037830000000e-03
8.057649500000e+00  6.608680000000e-03
2.836471400000e+00  2.155898000000e-02
1.099965700000e+00  6.087782000000e-02
4.433964000000e-01  2.035573200000e-01
1.822264000000e-01  4.579669500000e-01
7.572410000000e-02  3.685906300000e-01
3.168540000000e-02  6.306415000000e-02
1.108990000000e-02  2.109710000000e-03
@END

@ATOMBASIS B
S 14   1
3.336021700000e+04  5.830000000000e-05
4.972095200000e+03  4.564900000000e-04
1.125641700000e+03  2.408850000000e-03
3.164913600000e+02  1.016307000000e-02
1.020072600000e+02  3.609547000000e-02
3.629587300000e+01  1.059810300000e-01
1.397141000000e+01  2.395653700000e-01
5.741156000000e+00  3.737726500000e-01
2.494268000000e+00  3.081464800000e-01
1.114202000000e+00  7.769277000000e-02
4.215490000000e-01  1.479710000000e-03
1.696330000000e-01  4.990700000000e-04
6.853500000000e-02 -2.620000000000e-05
2.398700000000e-02  2.361000000000e-05
S 14   1
3.336021700000e+04 -1.210000000000e-05
4.972095200000e+03 -9.500000000000e-05
1.125641700000e+03 -5.028000000000e-04
3.164913600000e+02 -2.126400000000e-03
1.020072600000e+02 -7.674400000000e-03
3.629587300000e+01 -2.321790000000e-02
1.397141000000e+01 -5.694680000000e-02
5.741156000000e+00 -1.062577000000e-01
2.494268000000e+00 -1.457694000000e-01
1.114202000000e+00 -4.302850000000e-02
4.215490000000e-01  3.719441100000e-01
1.696330000000e-01  5.652089900000e-01
6.853500000000e-02  1.921269200000e-01
2.398700000000e-02  2.191276000000e-02
P 9   1
5.500000000000e+01  1.018560000000e-03
1.336610100000e+01  7.395750000000e-03
4.135394000000e+00  3.225139000000e-02
1.481256000000e+00  9.834638000000e-02
6.021360000000e-01  2.318024000000e-01
2.556360000000e-01  3.412435700000e-01
1.111510000000e-01  2.932982800000e-01
4.764800000000e-02  1.695951300000e-01
1.667700000000e-02  1.507569400000e-01
@END

@ATOMBASIS C
S 14   1
5.055750100000e+04  5.527000000000e-05
7.524785600000e+03  4.343300000000e-04
1.694327600000e+03  2.315880000000e-03
4.728227900000e+02  9.872920000000e-03
1.517107500000e+02  3.521949000000e-02
5.391874600000e+01  1.041937500000e-01
2.065931100000e+01  2.412741100000e-01
8.383976000000e+00  3.840174100000e-01
3.577015000000e+00  3.082371400000e-01
1.547118000000e+00  6.830554000000e-02
6.130130000000e-01  7.782100000000e-04
2.460680000000e-01  9.904900000000e-04
9.908700000000e-02 -8.930000000000e-05
3.468000000000e-02  4.714000000000e-05
S 14   1
5.055750100000e+04 -1.200000000000e-05
7.524785600000e+03 -9.400000000000e-05
1.694327600000e+03 -5.028000000000e-04
4.728227900000e+02 -2.147600000000e-03
1.517107500000e+02 -7.794200000000e-03
5.391874600000e+01 -2.376340000000e-02
2.065931100000e+01 -6.002350000000e-02
8.383976000000e+00 -1.153985000000e-01
3.577015000000e+00 -1.539009000000e-01
1.547118000000e+00 -1.459460000000e-02
6.130130000000e-01  3.895849200000e-01
2.460680000000e-01  5.397290700000e-01
9.908700000000e-02  1.884060100000e-01
3.468000000000e-02  2.585753000000e-02
P 9   1
8.333315500000e+01  1.224060000000e-03
1.955761100000e+01  9.438940000000e-03
6.080365000000e+00  4.177441000000e-02
2.179317000000e+00  1.318330400000e-01
8.651500000000e-01  2.789118800000e-01
3.619440000000e-01  3.668663300000e-01
1.547400000000e-01  2.790591300000e-01
6.542900000000e-02  1.380480700000e-01
2.290000000000e-02  3.419495000000e-02
@END

@ATOMBASIS N
S 14   1
7.476171500000e+04  5.021000000000e-05
1.112365400000e+04  3.945700000000e-04
2.512685700000e+03  2.088530000000e-03
7.037772900000e+02  8.907940000000e-03
2.254787900000e+02  3.208845000000e-02
7.961581000000e+01  9.744736000000e-02
3.023728300000e+01  2.317894800000e-01
1.226362200000e+01  3.776911400000e-01
5.265086000000e+00  3.187916600000e-01
2.333471000000e+00  8.237821000000e-02
9.018560000000e-01  2.790480000000e-03
3.583360000000e-01  2.464700000000e-04
1.410930000000e-01 -2.890000000000e-05
4.938300000000e-02  9.680000000000e-06
S 14   1
7.476171500000e+04 -1.120000000000e-05
1.112365400000e+04 -8.780000000000e-05
2.512685700000e+03 -4.667000000000e-04
7.037772900000e+02 -1.993100000000e-03
2.254787900000e+02 -7.303300000000e-03
7.961581000000e+01 -2.282590000000e-02
3.023728300000e+01 -5.922070000000e-02
1.226362200000e+01 -1.156121000000e-01
5.265086000000e+00 -1.565083000000e-01
2.333471000000e+00 -2.310580000000e-02
9.018560000000e-01  3.756475700000e-01
3.583360000000e-01  5.457653400000e-01
1.410930000000e-01  2.103543000000e-01
4.938300000000e-02  1.278945000000e-02
P 9   1
1.266665700000e+02  1.142310000000e-03
2.983738900000e+01  8.959090000000e-03
9.394038000000e+00  4.053750000000e-02
3.405104000000e+00  1.294901400000e-01
1.350000000000e+00  2.767808100000e-01
5.576960000000e-01  3.688889200000e-01
2.324490000000e-01  2.934619300000e-01
9.426400000000e-02  1.284683300000e-01
3.299200000000e-02  3.905858000000e-02
@END

@ATOMBASIS O
S 14   1
1.053749500000e+05  4.590000000000e-05
1.567924000000e+04  3.606500000000e-04
3.534544700000e+03  1.919770000000e-03
9.873651600000e+02  8.206660000000e-03
3.159787500000e+02  2.972570000000e-02
1.116542800000e+02  9.045579000000e-02
4.269945100000e+01  2.174053700000e-01
1.739559600000e+01  3.687656700000e-01
7.438309000000e+00  3.372797700000e-01
3.222862000000e+00  9.675046000000e-02
1.253877000000e+00  2.567360000000e-03
4.951550000000e-01  1.374610000000e-03
1.916650000000e-01 -1.410000000000e-04
6.708300000000e-02  6.829000000000e-05
S 14   1
1.053749500000e+05 -1.050000000000e-05
1.567924000000e+04 -8.250000000000e-05
3.534544700000e+03 -4.412000000000e-04
9.873651600000e+02 -1.886400000000e-03
3.159787500000e+02 -6.954000000000e-03
1.116542800000e+02 -2.172080000000e-02
4.269945100000e+01 -5.685130000000e-02
1.739559600000e+01 -1.139635000000e-01
7.438309000000e+00 -1.620201000000e-01
3.222862000000e+00 -3.338000000000e-02
1.253877000000e+00  3.655068500000e-01
4.951550000000e-01  5.520031100000e-01
1.916650000000e-01  2.236392700000e-01
6.708300000000e-02  6.574530000000e-03
P 9   1
2.000000000000e+02  8.933100000000e-04
4.653336700000e+01  7.369010000000e-03
1.462180900000e+01  3.493921000000e-02
5.313064000000e+00  1.152985500000e-01
2.102525000000e+00  2.583231400000e-01
8.502230000000e-01  3.696231200000e-01
3.375970000000e-01  3.238789400000e-01
1.288920000000e-01  1.467989300000e-01
4.511200000000e-02  3.361269000000e-02
@END

@ATOMBASIS F
S 14   1
1.031094600000e+05  6.366000000000e-05
1.528100700000e+04  5.028000000000e-04
3.441539200000e+03  2.667720000000e-03
9.670948300000e+02  1.120034000000e-02
3.140353400000e+02  3.909798000000e-02
1.134423000000e+02  1.122657400000e-01
4.464472700000e+01  2.472041700000e-01
1.894287400000e+01  3.680344900000e-01
8.532743000000e+00  2.908616500000e-01
3.919401000000e+00  7.810237000000e-02
1.568157000000e+00  3.540340000000e-03
6.232900000000e-01  9.156700000000e-04
2.408610000000e-01  7.651000000000e-05
8.430100000000e-02  2.052000000000e-05
S 14   1
1.031094600000e+05 -1.480000000000e-05
1.528100700000e+04 -1.172000000000e-04
3.441539200000e+03 -6.239000000000e-04
9.670948300000e+02 -2.628000000000e-03
3.140353400000e+02 -9.350300000000e-03
1.134423000000e+02 -2.784900000000e-02
4.464472700000e+01 -6.768800000000e-02
1.894287400000e+01 -1.230542000000e-01
8.532743000000e+00 -1.522180000000e-01
3.919401000000e+00 -7.579400000000e-03
1.568157000000e+00  3.759313500000e-01
6.232900000000e-01  5.438482400000e-01
2.408610000000e-01  2.127746400000e-01
8.430100000000e-02  6.642180000000e-03
P 9   1
2.453302900000e+02  9.879800000000e-04
5.691900500000e+01  8.291070000000e-03
1.760456800000e+01  4.073905000000e-02
6.274995000000e+00  1.353304000000e-01
2.447030000000e+00  2.809636600000e-01
9.950600000000e-01  3.588350900000e-01
4.039730000000e-01  3.038111600000e-01
1.548100000000e-01  1.389378600000e-01
5.418400000000e-02  2.581864000000e-02
@END

@ATOMBASIS NE
S 14   1
1.661650800000e+05  4.720000000000e-05
2.310752400000e+04  4.006700000000e-04
5.060153900000e+03  2.193210000000e-03
1.384612300000e+03  9.587560000000e-03
4.365125800000e+02  3.507343000000e-02
1.534714800000e+02  1.046517000000e-01
5.938908700000e+01  2.377123400000e-01
2.486196700000e+01  3.696061100000e-01
1.101570400000e+01  3.061608900000e-01
4.965175000000e+00  8.419854000000e-02
1.936503000000e+00  3.703450000000e-03
7.657280000000e-01  9.653500000000e-04
2.955380000000e-01  5.404000000000e-05
1.034380000000e-01  2.679000000000e-05
S 14   1
1.661650800000e+05 -1.110000000000e-05
2.310752400000e+04 -9.420000000000e-05
5.060153900000e+03 -5.180000000000e-04
1.384612300000e+03 -2.266500000000e-03
4.365125800000e+02 -8.459300000000e-03
1.534714800000e+02 -2.604860000000e-02
5.938908700000e+01 -6.535970000000e-02
2.486196700000e+01 -1.222657000000e-01
1.101570400000e+01 -1.585710000000e-01
4.965175000000e+00 -6.028700000000e-03
1.936503000000e+00  3.828956700000e-01
7.657280000000e-01  5.388649300000e-01
2.955380000000e-01  2.114487100000e-01
1.034380000000e-01  2.804900000000e-03
P 9   1
2.349450000000e+02  1.582610000000e-03
5.507738500000e+01  1.257669000000e-02
1.738954900000e+01  5.698653000000e-02
6.389537000000e+00  1.681230100000e-01
2.542082000000e+00  3.073859500000e-01
1.033764000000e+00  3.583111500000e-01
4.187880000000e-01  2.786937600000e-01
1.646270000000e-01  9.521109000000e-02
5.761900000000e-02  2.101990000000e-03
@END

@ATOMBASIS NA
S 17   1
1.387737200000e+05  7.636000000000e-05
2.032589900000e+04  5.293900000000e-04
5.878604900000e+03  1.837220000000e-03
2.015437300000e+03  6.534310000000e-03
7.396265800000e+02  2.092231000000e-02
2.808211600000e+02  6.426610000000e-02
1.087150100000e+02  1.708992300000e-01
4.260157200000e+01  3.561034200000e-01
1.682981700000e+01  4.021346100000e-01
6.686448600000e+00  1.274639300000e-01
2.667487700000e+00  6.106400000000e-04
1.067462100000e+00  3.384570000000e-03
4.281891000000e-01 -1.328700000000e-03
1.720801000000e-01  8.574800000000e-04
6.925880000000e-02 -4.761000000000e-04
2.790920000000e-02  2.218600000000e-04
1.116330000000e-02 -6.380000000000e-05
S 17   1
1.387737200000e+05 -1.870000000000e-05
2.032589900000e+04 -1.291000000000e-04
5.878604900000e+03 -4.511000000000e-04
2.015437300000e+03 -1.598200000000e-03
7.396265800000e+02 -5.213500000000e-03
2.808211600000e+02 -1.627270000000e-02
1.087150100000e+02 -4.645830000000e-02
4.260157200000e+01 -1.114445000000e-01
1.682981700000e+01 -1.853734000000e-01
6.686448600000e+00 -6.005440000000e-02
2.667487700000e+00  3.592408600000e-01
1.067462100000e+00  5.720797100000e-01
4.281891000000e-01  2.232142000000e-01
1.720801000000e-01 -5.028600000000e-03
6.925880000000e-02  5.959570000000e-03
2.790920000000e-02 -2.537700000000e-03
1.116330000000e-02  7.863500000000e-04
S 17   1
1.387737200000e+05  2.550000000000e-06
2.032589900000e+04  1.760000000000e-05
5.878604900000e+03  6.160000000000e-05
2.015437300000e+03  2.176900000000e-04
7.396265800000e+02  7.118400000000e-04
2.808211600000e+02  2.213690000000e-03
1.087150100000e+02  6.328670000000e-03
4.260157200000e+01  1.509121000000e-02
1.682981700000e+01  2.530901000000e-02
6.686448600000e+00  8.089490000000e-03
2.667487700000e+00 -5.305070000000e-02
1.067462100000e+00 -1.116411000000e-01
4.281891000000e-01 -1.383134000000e-01
1.720801000000e-01 -2.990100000000e-02
6.925880000000e-02  4.490048500000e-01
2.790920000000e-02  4.748449300000e-01
1.116330000000e-02  2.290505200000e-01
P 12   1
3.837917200000e+02  1.028670000000e-03
9.439807200000e+01  7.430930000000e-03
3.236150700000e+01  3.273646000000e-02
1.205435200000e+01  1.168703600000e-01
4.641718600000e+00  2.775376300000e-01
1.817287600000e+00  3.980001500000e-01
7.182712000000e-01  3.233108600000e-01
2.855803000000e-01  9.433492000000e-02
1.139947000000e-01  1.093730000000e-03
4.562920000000e-02  1.781580000000e-03
1.830100000000e-02 -6.980000000000e-04
7.320400000000e-03  2.253900000000e-04
P 12   1
3.837917200000e+02 -1.186000000000e-04
9.439807200000e+01 -8.634000000000e-04
3.236150700000e+01 -3.799700000000e-03
1.205435200000e+01 -1.384260000000e-02
4.641718600000e+00 -3.315040000000e-02
1.817287600000e+00 -4.899740000000e-02
7.182712000000e-01 -4.658270000000e-02
2.855803000000e-01 -3.024570000000e-02
1.139947000000e-01  2.229431300000e-01
4.562920000000e-02  5.092325200000e-01
1.830100000000e-02  3.719682300000e-01
7.320400000000e-03  4.475107000000e-02
@END

@ATOMBASIS MG
S 17   1
1.699738700000e+05  7.417000000000e-05
2.469906600000e+04  5.173600000000e-04
7.175485100000e+03  1.772760000000e-03
2.478792000000e+03  6.238640000000e-03
9.177325900000e+02  1.976587000000e-02
3.517514000000e+02  6.017463000000e-02
1.375155700000e+02  1.601629500000e-01
5.443028600000e+01  3.391758100000e-01
2.172256900000e+01  4.088335200000e-01
8.719448400000e+00  1.518341300000e-01
3.514716600000e+00  1.959270000000e-03
1.421213200000e+00  4.185180000000e-03
5.760765000000e-01 -1.876600000000e-03
2.339525000000e-01  1.203380000000e-03
9.515600000000e-02 -6.745000000000e-04
3.875100000000e-02  3.146000000000e-04
1.550040000000e-02 -8.880000000000e-05
S 17   1
1.699738700000e+05 -1.880000000000e-05
2.469906600000e+04 -1.306000000000e-04
7.175485100000e+03 -4.501000000000e-04
2.478792000000e+03 -1.579400000000e-03
9.177325900000e+02 -5.090700000000e-03
3.517514000000e+02 -1.575210000000e-02
1.375155700000e+02 -4.484030000000e-02
5.443028600000e+01 -1.085387000000e-01
2.172256900000e+01 -1.875980000000e-01
8.719448400000e+00 -8.683860000000e-02
3.514716600000e+00  3.346421600000e-01
1.421213200000e+00  5.981381800000e-01
5.760765000000e-01  2.318042800000e-01
2.339525000000e-01 -6.938600000000e-03
9.515600000000e-02  6.801790000000e-03
3.875100000000e-02 -2.803000000000e-03
1.550040000000e-02  8.300300000000e-04
S 17   1
1.699738700000e+05  3.790000000000e-06
2.469906600000e+04  2.638000000000e-05
7.175485100000e+03  9.109000000000e-05
2.478792000000e+03  3.190600000000e-04
9.177325900000e+02  1.031630000000e-03
3.517514000000e+02  3.189030000000e-03
1.375155700000e+02  9.139310000000e-03
5.443028600000e+01  2.227591000000e-02
2.172256900000e+01  3.965557000000e-02
8.719448400000e+00  1.868253000000e-02
3.514716600000e+00 -8.001640000000e-02
1.421213200000e+00 -1.882757000000e-01
5.760765000000e-01 -2.116262000000e-01
2.339525000000e-01  1.406656000000e-01
9.515600000000e-02  6.847706400000e-01
3.875100000000e-02  3.454502200000e-01
1.550040000000e-02  8.749720000000e-03
P 12   1
5.571307800000e+02  7.983300000000e-04
1.354838800000e+02  5.892310000000e-03
4.721295800000e+01  2.583591000000e-02
1.800095500000e+01  9.406296000000e-02
7.114660700000e+00  2.413448000000e-01
2.863024000000e+00  3.874646400000e-01
1.164018500000e+00  3.559506700000e-01
4.763047000000e-01  1.228816800000e-01
1.957356000000e-01  3.807870000000e-03
8.067830000000e-02  2.302830000000e-03
3.332660000000e-02 -8.589000000000e-04
1.333060000000e-02  2.757900000000e-04
P 12   1
5.571307800000e+02 -1.612000000000e-04
1.354838800000e+02 -1.193100000000e-03
4.721295800000e+01 -5.246400000000e-03
1.800095500000e+01 -1.931180000000e-02
7.114660700000e+00 -5.049450000000e-02
2.863024000000e+00 -8.296280000000e-02
1.164018500000e+00 -8.827490000000e-02
4.763047000000e-01 -3.970790000000e-02
1.957356000000e-01  4.216544900000e-01
8.067830000000e-02  5.897845000000e-01
3.332660000000e-02  1.038027500000e-01
1.333060000000e-02  5.024400000000e-03
@END

@ATOMBASIS AL
S 17   1
2.084594900000e+05  7.078000000000e-05
2.997159800000e+04  4.975900000000e-04
8.764456500000e+03  1.674440000000e-03
3.060707300000e+03  5.802460000000e-03
1.147496300000e+03  1.811648000000e-02
4.457559500000e+02  5.440537000000e-02
1.767064200000e+02  1.449205400000e-01
7.094362000000e+01  3.132120000000e-01
2.872400000000e+01  4.133425000000e-01
1.169892300000e+01  1.905965300000e-01
4.785369700000e+00  7.074870000000e-03
1.963751800000e+00  4.840320000000e-03
8.078594000000e-01 -2.330100000000e-03
3.329906000000e-01  1.535180000000e-03
1.374693000000e-01 -8.688000000000e-04
5.682380000000e-02  4.022300000000e-04
2.272950000000e-02 -1.112000000000e-04
S 17   1
2.084594900000e+05 -1.840000000000e-05
2.997159800000e+04 -1.292000000000e-04
8.764456500000e+03 -4.371000000000e-04
3.060707300000e+03 -1.512000000000e-03
1.147496300000e+03 -4.794300000000e-03
4.457559500000e+02 -1.462910000000e-02
1.767064200000e+02 -4.143990000000e-02
7.094362000000e+01 -1.011887000000e-01
2.872400000000e+01 -1.844770000000e-01
1.169892300000e+01 -1.227370000000e-01
4.785369700000e+00  2.734831600000e-01
1.963751800000e+00  6.153073300000e-01
8.078594000000e-01  2.814602400000e-01
3.329906000000e-01 -5.036000000000e-03
1.374693000000e-01  7.962060000000e-03
5.682380000000e-02 -3.536400000000e-03
2.272950000000e-02  1.002470000000e-03
S 17   1
2.084594900000e+05  4.320000000000e-06
2.997159800000e+04  3.029000000000e-05
8.764456500000e+03  1.026500000000e-04
3.060707300000e+03  3.542100000000e-04
1.147496300000e+03  1.127430000000e-03
4.457559500000e+02  3.434460000000e-03
1.767064200000e+02  9.803410000000e-03
7.094362000000e+01  2.408671000000e-02
2.872400000000e+01  4.527494000000e-02
1.169892300000e+01  3.095121000000e-02
4.785369700000e+00 -7.575180000000e-02
1.963751800000e+00 -2.248045000000e-01
8.078594000000e-01 -2.548542000000e-01
3.329906000000e-01  2.014950300000e-01
1.374693000000e-01  6.831053400000e-01
5.682380000000e-02  3.078292300000e-01
2.272950000000e-02  2.408008000000e-02
P 12   1
6.777645800000e+02  7.971700000000e-04
1.648344200000e+02  5.899410000000e-03
5.768342400000e+01  2.586307000000e-02
2.210867400000e+01  9.471373000000e-02
8.787751400000e+00  2.448479600000e-01
3.557087400000e+00  3.983799300000e-01
1.454878000000e+00  3.529461000000e-01
5.989363000000e-01  1.028000500000e-01
2.476373000000e-01  2.345800000000e-03
1.026995000000e-01  1.758050000000e-03
4.268530000000e-02 -5.341000000000e-04
1.707410000000e-02  1.952800000000e-04
P 12   1
6.777645800000e+02 -1.373000000000e-04
1.648344200000e+02 -1.012300000000e-03
5.768342400000e+01 -4.495200000000e-03
2.210867400000e+01 -1.657140000000e-02
8.787751400000e+00 -4.414490000000e-02
3.557087400000e+00 -7.248030000000e-02
1.454878000000e+00 -7.465500000000e-02
5.989363000000e-01  1.880214000000e-02
2.476373000000e-01  2.773951500000e-01
1.026995000000e-01  4.420747500000e-01
4.268530000000e-02  2.905505700000e-01
1.707410000000e-02  1.662533200000e-01
@END

@ATOMBASIS SI
S 17   1
2.500959700000e+05  6.815000000000e-05
3.580320000000e+04  4.801700000000e-04
1.052248300000e+04  1.596260000000e-03
3.701774500000e+03  5.475070000000e-03
1.399393300000e+03  1.693706000000e-02
5.483889500000e+02  5.041784000000e-02
2.193626900000e+02  1.345026700000e-01
8.888225900000e+01  2.947640100000e-01
3.632337700000e+01  4.127972600000e-01
1.493346300000e+01  2.188576000000e-01
6.166348500000e+00  1.352631000000e-02
2.554556500000e+00  4.787610000000e-03
1.060950700000e+00 -2.350900000000e-03
4.415024000000e-01  1.577000000000e-03
1.840168000000e-01 -9.118000000000e-04
7.679620000000e-02  4.164400000000e-04
3.071850000000e-02 -1.140000000000e-04
S 17   1
2.500959700000e+05 -1.820000000000e-05
3.580320000000e+04 -1.278000000000e-04
1.052248300000e+04 -4.265000000000e-04
3.701774500000e+03 -1.461800000000e-03
1.399393300000e+03 -4.584500000000e-03
5.483889500000e+02 -1.387010000000e-02
2.193626900000e+02 -3.917820000000e-02
8.888225900000e+01 -9.635060000000e-02
3.632337700000e+01 -1.817620000000e-01
1.493346300000e+01 -1.452339000000e-01
6.166348500000e+00  2.298980700000e-01
2.554556500000e+00  6.237984700000e-01
1.060950700000e+00  3.154358200000e-01
4.415024000000e-01 -2.762600000000e-03
1.840168000000e-01  9.037220000000e-03
7.679620000000e-02 -3.906200000000e-03
3.071850000000e-02  1.111440000000e-03
S 17   1
2.500959700000e+05  4.700000000000e-06
3.580320000000e+04  3.305000000000e-05
1.052248300000e+04  1.106400000000e-04
3.701774500000e+03  3.777800000000e-04
1.399393300000e+03  1.191200000000e-03
5.483889500000e+02  3.592280000000e-03
2.193626900000e+02  1.024273000000e-02
8.888225900000e+01  2.530364000000e-02
3.632337700000e+01  4.932521000000e-02
1.493346300000e+01  4.049616000000e-02
6.166348500000e+00 -6.985640000000e-02
2.554556500000e+00 -2.541120000000e-01
1.060950700000e+00 -2.861133000000e-01
4.415024000000e-01  2.463941500000e-01
1.840168000000e-01  6.801918100000e-01
7.679620000000e-02  2.896670600000e-01
3.071850000000e-02  2.414823000000e-02
P 12   1
8.435338200000e+02  7.436900000000e-04
2.049072600000e+02  5.520150000000e-03
7.224878700000e+01  2.411287000000e-02
2.796136500000e+01  8.883573000000e-02
1.123228200000e+01  2.349425100000e-01
4.596937300000e+00  3.973225000000e-01
1.901483300000e+00  3.618118500000e-01
7.917828000000e-01  1.052477300000e-01
3.311662000000e-01  2.565550000000e-03
1.389423000000e-01  1.773290000000e-03
5.842570000000e-02 -4.541000000000e-04
2.337030000000e-02  1.788100000000e-04
P 12   1
8.435338200000e+02 -1.574000000000e-04
2.049072600000e+02 -1.165600000000e-03
7.224878700000e+01 -5.152900000000e-03
2.796136500000e+01 -1.917230000000e-02
1.123228200000e+01 -5.231320000000e-02
4.596937300000e+00 -9.000870000000e-02
1.901483300000e+00 -9.250120000000e-02
7.917828000000e-01  3.870909000000e-02
3.311662000000e-01  3.415276900000e-01
1.389423000000e-01  4.611056100000e-01
5.842570000000e-02  2.585592100000e-01
2.337030000000e-02  7.566560000000e-02
@END

@ATOMBASIS P
S 17   1
2.966475500000e+05  6.562000000000e-05
4.238003000000e+04  4.625400000000e-04
1.250385600000e+04  1.524120000000e-03
4.422493700000e+03  5.189260000000e-03
1.681847800000e+03  1.595159000000e-02
6.632149000000e+02  4.720087000000e-02
2.670058500000e+02  1.261998100000e-01
1.088959200000e+02  2.798252900000e-01
4.479731400000e+01  4.103038200000e-01
1.854031200000e+01  2.418822000000e-01
7.707099500000e+00  2.071709000000e-02
3.214375000000e+00  4.436220000000e-03
1.344012700000e+00 -2.168700000000e-03
5.630870000000e-01  1.487600000000e-03
2.362870000000e-01 -8.772000000000e-04
9.928110000000e-02  3.969800000000e-04
3.971240000000e-02 -1.079000000000e-04
S 17   1
2.966475500000e+05 -1.780000000000e-05
4.238003000000e+04 -1.256000000000e-04
1.250385600000e+04 -4.153000000000e-04
4.422493700000e+03 -1.414000000000e-03
1.681847800000e+03 -4.400300000000e-03
6.632149000000e+02 -1.323730000000e-02
2.670058500000e+02 -3.733840000000e-02
1.088959200000e+02 -9.244400000000e-02
4.479731400000e+01 -1.790816000000e-01
1.854031200000e+01 -1.617487000000e-01
7.707099500000e+00  1.939981000000e-01
3.214375000000e+00  6.278512100000e-01
1.344012700000e+00  3.432072200000e-01
5.630870000000e-01 -1.020000000000e-04
2.362870000000e-01  9.930850000000e-03
9.928110000000e-02 -4.180800000000e-03
3.971240000000e-02  1.192750000000e-03
S 17   1
2.966475500000e+05  4.950000000000e-06
4.238003000000e+04  3.483000000000e-05
1.250385600000e+04  1.156000000000e-04
4.422493700000e+03  3.917500000000e-04
1.681847800000e+03  1.227270000000e-03
6.632149000000e+02  3.675060000000e-03
2.670058500000e+02  1.047976000000e-02
1.088959200000e+02  2.602575000000e-02
4.479731400000e+01  5.218594000000e-02
1.854031200000e+01  4.842224000000e-02
7.707099500000e+00 -6.270700000000e-02
3.214375000000e+00 -2.764821000000e-01
1.344012700000e+00 -3.113284000000e-01
5.630870000000e-01  2.758479100000e-01
2.362870000000e-01  6.774553900000e-01
9.928110000000e-02  2.856083000000e-01
3.971240000000e-02  1.675006000000e-02
P 12   1
1.018412200000e+03  7.115900000000e-04
2.473982000000e+02  5.283870000000e-03
8.779048200000e+01  2.297828000000e-02
3.424860000000e+01  8.494327000000e-02
1.387701400000e+01  2.280328500000e-01
5.730309800000e+00  3.965837700000e-01
2.392006800000e+00  3.676673400000e-01
1.005276700000e+00  1.064078100000e-01
4.243929000000e-01  2.810280000000e-03
1.797306000000e-01  1.652680000000e-03
7.629100000000e-02 -4.011000000000e-04
3.051640000000e-02  1.631500000000e-04
P 12   1
1.018412200000e+03 -1.688000000000e-04
2.473982000000e+02 -1.250100000000e-03
8.779048200000e+01 -5.509600000000e-03
3.424860000000e+01 -2.057220000000e-02
1.387701400000e+01 -5.717830000000e-02
5.730309800000e+00 -1.015364000000e-01
2.392006800000e+00 -1.048700000000e-01
1.005276700000e+00  5.753445000000e-02
4.243929000000e-01  3.752464900000e-01
1.797306000000e-01  4.566824400000e-01
7.629100000000e-02  2.257215600000e-01
3.051640000000e-02  6.188888000000e-02
@END

@ATOMBASIS S
S 17   1
3.463482300000e+05  6.370000000000e-05
4.939114600000e+04  4.493500000000e-04
1.461099000000e+04  1.471420000000e-03
5.187209500000e+03  4.984290000000e-03
1.980967600000e+03  1.525241000000e-02
7.846313900000e+02  4.494424000000e-02
3.173277900000e+02  1.203533800000e-01
1.300197600000e+02  2.690833500000e-01
5.373820800000e+01  4.072249000000e-01
2.234589600000e+01  2.583185600000e-01
9.333251200000e+00  2.714669000000e-02
3.911186800000e+00  4.008720000000e-03
1.643206600000e+00 -1.927100000000e-03
6.917456000000e-01  1.346440000000e-03
2.916736000000e-01 -8.115000000000e-04
1.231441000000e-01  3.638200000000e-04
4.925760000000e-02 -9.870000000000e-05
S 17   1
3.463482300000e+05 -1.760000000000e-05
4.939114600000e+04 -1.241000000000e-04
1.461099000000e+04 -4.076000000000e-04
5.187209500000e+03 -1.382000000000e-03
1.980967600000e+03 -4.276300000000e-03
7.846313900000e+02 -1.281620000000e-02
3.173277900000e+02 -3.610970000000e-02
1.300197600000e+02 -8.987260000000e-02
5.373820800000e+01 -1.772888000000e-01
2.234589600000e+01 -1.731201000000e-01
9.333251200000e+00  1.688711500000e-01
3.911186800000e+00  6.311553400000e-01
1.643206600000e+00  3.610317800000e-01
6.917456000000e-01  1.841350000000e-03
2.916736000000e-01  1.069710000000e-02
1.231441000000e-01 -4.323000000000e-03
4.925760000000e-02  1.242480000000e-03
S 17   1
3.463482300000e+05  5.160000000000e-06
4.939114600000e+04  3.629000000000e-05
1.461099000000e+04  1.197000000000e-04
5.187209500000e+03  4.033600000000e-04
1.980967600000e+03  1.258410000000e-03
7.846313900000e+02  3.748050000000e-03
3.173277900000e+02  1.069509000000e-02
1.300197600000e+02  2.665475000000e-02
5.373820800000e+01  5.454724000000e-02
2.234589600000e+01  5.462756000000e-02
9.333251200000e+00 -5.692420000000e-02
3.911186800000e+00 -2.965855000000e-01
1.643206600000e+00 -3.293273000000e-01
6.917456000000e-01  3.047079500000e-01
2.916736000000e-01  6.738363000000e-01
1.231441000000e-01  2.774842100000e-01
4.925760000000e-02  1.304772000000e-02
P 12   1
1.129126900000e+03  7.714500000000e-04
2.740351500000e+02  5.729450000000e-03
9.740258400000e+01  2.477182000000e-02
3.808551800000e+01  9.109122000000e-02
1.547103300000e+01  2.406457700000e-01
6.405659000000e+00  4.097688200000e-01
2.681282800000e+00  3.522680400000e-01
1.130005000000e+00  8.382797000000e-02
4.783995000000e-01  2.717870000000e-03
2.031805000000e-01  7.865500000000e-04
8.649230000000e-02  1.153500000000e-04
3.459690000000e-02  3.404000000000e-05
P 12   1
1.129126900000e+03 -1.970000000000e-04
2.740351500000e+02 -1.462400000000e-03
9.740258400000e+01 -6.400400000000e-03
3.808551800000e+01 -2.387630000000e-02
1.547103300000e+01 -6.532010000000e-02
6.405659000000e+00 -1.147693000000e-01
2.681282800000e+00 -1.065702000000e-01
1.130005000000e+00  1.104813000000e-01
4.783995000000e-01  4.179582700000e-01
2.031805000000e-01  4.251781300000e-01
8.649230000000e-02  1.922823100000e-01
3.459690000000e-02  4.207771000000e-02
@END

@ATOMBASIS CL
S 17   1
3.994324700000e+05  6.215000000000e-05
5.690883300000e+04  4.383800000000e-04
1.687476900000e+04  1.427810000000e-03
6.010027800000e+03  4.816200000000e-03
2.303283000000e+03  1.468157000000e-02
9.156599400000e+02  4.311398000000e-02
3.717200900000e+02  1.155838800000e-01
1.528910900000e+02  2.601634800000e-01
6.343630300000e+01  4.038238000000e-01
2.648172300000e+01  2.717987700000e-01
1.110411200000e+01  3.338125000000e-02
4.671628900000e+00  3.562110000000e-03
1.970452000000e+00 -1.656000000000e-03
8.327946000000e-01  1.179620000000e-03
3.525409000000e-01 -7.311000000000e-04
1.494341000000e-01  3.242500000000e-04
5.977360000000e-02 -8.790000000000e-05
S 17   1
3.994324700000e+05 -1.740000000000e-05
5.690883300000e+04 -1.229000000000e-04
1.687476900000e+04 -4.013000000000e-04
6.010027800000e+03 -1.355600000000e-03
2.303283000000e+03 -4.174400000000e-03
9.156599400000e+02 -1.247260000000e-02
3.717200900000e+02 -3.510470000000e-02
1.528910900000e+02 -8.775020000000e-02
6.343630300000e+01 -1.756425000000e-01
2.648172300000e+01 -1.820699000000e-01
1.110411200000e+01  1.475337000000e-01
4.671628900000e+00  6.329511100000e-01
1.970452000000e+00  3.761417800000e-01
8.327946000000e-01  3.808020000000e-03
3.525409000000e-01  1.133746000000e-02
1.494341000000e-01 -4.444500000000e-03
5.977360000000e-02  1.290470000000e-03
S 17   1
3.994324700000e+05  5.310000000000e-06
5.690883300000e+04  3.739000000000e-05
1.687476900000e+04  1.227100000000e-04
6.010027800000e+03  4.115900000000e-04
2.303283000000e+03  1.279600000000e-03
9.156599400000e+02  3.794160000000e-03
3.717200900000e+02  1.083171000000e-02
1.528910900000e+02  2.707379000000e-02
6.343630300000e+01  5.631797000000e-02
2.648172300000e+01  5.980454000000e-02
1.110411200000e+01 -5.113350000000e-02
4.671628900000e+00 -3.126721000000e-01
1.970452000000e+00 -3.437438000000e-01
8.327946000000e-01  3.257796700000e-01
3.525409000000e-01  6.689257500000e-01
1.494341000000e-01  2.717014600000e-01
5.977360000000e-02  1.386816000000e-02
P 12   1
1.288971600000e+03  7.818100000000e-04
3.122443000000e+02  5.817290000000e-03
1.113463400000e+02  2.503057000000e-02
4.373608700000e+01  9.188004000000e-02
1.785652400000e+01  2.425807200000e-01
7.432765900000e+00  4.139442400000e-01
3.128253800000e+00  3.478908600000e-01
1.325721400000e+00  7.717314000000e-02
5.644191000000e-01  3.128350000000e-03
2.410741000000e-01  5.004900000000e-04
1.032089000000e-01  3.478600000000e-04
4.128360000000e-02 -2.380000000000e-05
P 12   1
1.288971600000e+03 -2.107000000000e-04
3.122443000000e+02 -1.570400000000e-03
1.113463400000e+02 -6.830400000000e-03
4.373608700000e+01 -2.552010000000e-02
1.785652400000e+01 -6.974890000000e-02
7.432765900000e+00 -1.238756000000e-01
3.128253800000e+00 -1.085162000000e-01
1.325721400000e+00  1.389428100000e-01
5.644191000000e-01  4.295435900000e-01
2.410741000000e-01  4.082913100000e-01
1.032089000000e-01  1.815625600000e-01
4.128360000000e-02  3.396053000000e-02
@END

@ATOMBASIS AR
S 17   1
4.554767700000e+05  6.096000000000e-05
6.481774300000e+04  4.302000000000e-04
1.925698700000e+04  1.394660000000e-03
6.877007300000e+03  4.687790000000e-03
2.643487700000e+03  1.424066000000e-02
1.054237500000e+03  4.169365000000e-02
4.293712200000e+02  1.118305300000e-01
1.771885900000e+02  2.529887800000e-01
7.376394500000e+01  4.004479000000e-01
3.089700700000e+01  2.824509000000e-01
1.299948200000e+01  3.906305000000e-02
5.487679300000e+00  3.145650000000e-03
2.322571600000e+00 -1.391600000000e-03
9.849807000000e-01  1.010340000000e-03
4.183973000000e-01 -6.485000000000e-04
1.779594000000e-01  2.840200000000e-04
7.118380000000e-02 -7.710000000000e-05
S 17   1
4.554767700000e+05 -1.730000000000e-05
6.481774300000e+04 -1.222000000000e-04
1.925698700000e+04 -3.969000000000e-04
6.877007300000e+03 -1.336700000000e-03
2.643487700000e+03 -4.098600000000e-03
1.054237500000e+03 -1.221340000000e-02
4.293712200000e+02 -3.433220000000e-02
1.771885900000e+02 -8.610070000000e-02
7.376394500000e+01 -1.742768000000e-01
3.089700700000e+01 -1.890266000000e-01
1.299948200000e+01  1.300971800000e-01
5.487679300000e+00  6.339917100000e-01
2.322571600000e+00  3.881502000000e-01
9.849807000000e-01  5.732220000000e-03
4.183973000000e-01  1.193554000000e-02
1.779594000000e-01 -4.494100000000e-03
7.118380000000e-02  1.319520000000e-03
S 17   1
4.554767700000e+05  5.440000000000e-06
6.481774300000e+04  3.829000000000e-05
1.925698700000e+04  1.251300000000e-04
6.877007300000e+03  4.179500000000e-04
2.643487700000e+03  1.295720000000e-03
1.054237500000e+03  3.825780000000e-03
4.293712200000e+02  1.092652000000e-02
1.771885900000e+02  2.735689000000e-02
7.376394500000e+01  5.765806000000e-02
3.089700700000e+01  6.394978000000e-02
1.299948200000e+01 -4.572820000000e-02
5.487679300000e+00 -3.257725000000e-01
2.322571600000e+00 -3.533104000000e-01
9.849807000000e-01  3.381756600000e-01
4.183973000000e-01  6.622309100000e-01
1.779594000000e-01  2.763690600000e-01
7.118380000000e-02  9.496920000000e-03
P 12   1
1.462496200000e+03  7.875600000000e-04
3.540673100000e+02  5.860480000000e-03
1.266977900000e+02  2.510137000000e-02
4.998909500000e+01  9.200774000000e-02
2.050929500000e+01  2.431719700000e-01
8.580464100000e+00  4.167454200000e-01
3.630104900000e+00  3.454204500000e-01
1.546528000000e+00  7.305360000000e-02
6.619369000000e-01  2.943970000000e-03
2.842428000000e-01 -2.394000000000e-04
1.223463000000e-01  2.899500000000e-04
4.893850000000e-02 -9.340000000000e-05
P 12   1
1.462496200000e+03 -2.212000000000e-04
3.540673100000e+02 -1.651400000000e-03
1.266977900000e+02 -7.139900000000e-03
4.998909500000e+01 -2.671710000000e-02
2.050929500000e+01 -7.307220000000e-02
8.580464100000e+00 -1.313295000000e-01
3.630104900000e+00 -1.096421000000e-01
1.546528000000e+00  1.604863600000e-01
6.619369000000e-01  4.359555600000e-01
2.842428000000e-01  4.045844100000e-01
1.223463000000e-01  1.712510600000e-01
4.893850000000e-02  1.351308000000e-02
@END

@ATOMBASIS SC
S 21   1
2.715278000000e+06  9.040000000000e-06
4.065984000000e+05  7.025000000000e-05
9.253004000000e+04  3.693600000000e-04
2.620792000000e+04  1.557340000000e-03
8.549429000000e+03  5.638170000000e-03
3.085975000000e+03  1.806446000000e-02
1.203172000000e+03  5.144548000000e-02
4.984869000000e+02  1.270707900000e-01
2.167360000000e+02  2.549055500000e-01
9.787476000000e+01  3.601744800000e-01
4.520433000000e+01  2.699414200000e-01
2.021187000000e+01  6.163753000000e-02
9.574751000000e+00 -1.370100000000e-03
4.540346000000e+00  2.053430000000e-03
1.995687000000e+00 -9.541000000000e-04
9.422150000000e-01  4.355200000000e-04
4.178450000000e-01 -1.870000000000e-04
9.576100000000e-02  9.671000000000e-05
5.135100000000e-02 -9.370000000000e-05
2.387800000000e-02  4.126000000000e-05
9.551000000000e-03 -9.600000000000e-06
S 21   1
2.715278000000e+06 -2.600000000000e-06
4.065984000000e+05 -2.060000000000e-05
9.253004000000e+04 -1.083000000000e-04
2.620792000000e+04 -4.572000000000e-04
8.549429000000e+03 -1.661300000000e-03
3.085975000000e+03 -5.374800000000e-03
1.203172000000e+03 -1.567320000000e-02
4.984869000000e+02 -4.083870000000e-02
2.167360000000e+02 -9.186680000000e-02
9.787476000000e+01 -1.648338000000e-01
4.520433000000e+01 -1.809127000000e-01
2.021187000000e+01  5.165397000000e-02
9.574751000000e+00  5.047499900000e-01
4.540346000000e+00  5.045812000000e-01
1.995687000000e+00  9.393705000000e-02
9.422150000000e-01 -2.970800000000e-03
4.178450000000e-01  2.482540000000e-03
9.576100000000e-02 -8.017000000000e-04
5.135100000000e-02  7.653800000000e-04
2.387800000000e-02 -3.371000000000e-04
9.551000000000e-03  7.798000000000e-05
S 21   1
2.715278000000e+06  9.300000000000e-07
4.065984000000e+05  7.250000000000e-06
9.253004000000e+04  3.813000000000e-05
2.620792000000e+04  1.611000000000e-04
8.549429000000e+03  5.852500000000e-04
3.085975000000e+03  1.897100000000e-03
1.203172000000e+03  5.540260000000e-03
4.984869000000e+02  1.453926000000e-02
2.167360000000e+02  3.306537000000e-02
9.787476000000e+01  6.115124000000e-02
4.520433000000e+01  7.020757000000e-02
2.021187000000e+01 -2.111350000000e-02
9.574751000000e+00 -2.706528000000e-01
4.540346000000e+00 -4.405492000000e-01
1.995687000000e+00  6.285392000000e-02
9.422150000000e-01  7.169126200000e-01
4.178450000000e-01  4.428795200000e-01
9.576100000000e-02  2.330734000000e-02
5.135100000000e-02 -1.372210000000e-02
2.387800000000e-02  4.630100000000e-03
9.551000000000e-03 -9.669000000000e-04
S 21   1
2.715278000000e+06 -2.000000000000e-07
4.065984000000e+05 -1.800000000000e-06
9.253004000000e+04 -9.400000000000e-06
2.620792000000e+04 -3.970000000000e-05
8.549429000000e+03 -1.442000000000e-04
3.085975000000e+03 -4.669000000000e-04
1.203172000000e+03 -1.366600000000e-03
4.984869000000e+02 -3.580600000000e-03
2.167360000000e+02 -8.180400000000e-03
9.787476000000e+01 -1.512000000000e-02
4.520433000000e+01 -1.759940000000e-02
2.021187000000e+01  5.508000000000e-03
9.574751000000e+00  7.005315000000e-02
4.540346000000e+00  1.231272100000e-01
1.995687000000e+00 -2.804590000000e-02
9.422150000000e-01 -2.441728000000e-01
4.178450000000e-01 -3.251997000000e-01
9.576100000000e-02  3.583295100000e-01
5.135100000000e-02  6.075219500000e-01
2.387800000000e-02  2.097175400000e-01
9.551000000000e-03  7.359320000000e-03
P 15   1
4.609885000000e+03  1.918200000000e-04
1.092156000000e+03  1.680060000000e-03
3.543368000000e+02  9.275320000000e-03
1.348076000000e+02  3.752902000000e-02
5.660258000000e+01  1.149024000000e-01
2.533410000000e+01  2.543924800000e-01
1.174033000000e+01  3.799166100000e-01
5.569259000000e+00  3.095555700000e-01
2.594958000000e+00  8.713977000000e-02
1.196351000000e+00  2.560960000000e-03
5.350590000000e-01  1.226830000000e-03
2.207760000000e-01 -4.759000000000e-04
8.831000000000e-02  2.263500000000e-04
3.532400000000e-02 -1.110000000000e-04
1.413000000000e-02  3.471000000000e-05
P 15   1
4.609885000000e+03 -6.450000000000e-05
1.092156000000e+03 -5.647000000000e-04
3.543368000000e+02 -3.141600000000e-03
1.348076000000e+02 -1.284830000000e-02
5.660258000000e+01 -4.053780000000e-02
2.533410000000e+01 -9.287680000000e-02
1.174033000000e+01 -1.476504000000e-01
5.569259000000e+00 -1.128068000000e-01
2.594958000000e+00  1.576161800000e-01
1.196351000000e+00  4.713695500000e-01
5.350590000000e-01  4.300995200000e-01
2.207760000000e-01  1.018083300000e-01
8.831000000000e-02 -1.842200000000e-03
3.532400000000e-02  2.902510000000e-03
1.413000000000e-02 -7.827000000000e-04
P 15   1
4.609885000000e+03  1.892000000000e-05
1.092156000000e+03  1.679900000000e-04
3.543368000000e+02  9.226400000000e-04
1.348076000000e+02  3.829990000000e-03
5.660258000000e+01  1.193472000000e-02
2.533410000000e+01  2.796506000000e-02
1.174033000000e+01  4.354371000000e-02
5.569259000000e+00  3.528510000000e-02
2.594958000000e+00 -6.168620000000e-02
1.196351000000e+00 -1.580190000000e-01
5.350590000000e-01 -2.229972000000e-01
2.207760000000e-01  1.584348300000e-01
8.831000000000e-02  7.024474900000e-01
3.532400000000e-02  2.812042500000e-01
1.413000000000e-02  1.348198000000e-02
D 10   1
1.102197000000e+02  8.258500000000e-04
3.280041000000e+01  6.681050000000e-03
1.231300000000e+01  2.815944000000e-02
5.063819000000e+00  8.372592000000e-02
2.225547000000e+00  1.784010500000e-01
9.923430000000e-01  2.672948100000e-01
4.363610000000e-01  3.037322200000e-01
1.857050000000e-01  2.950184900000e-01
7.344100000000e-02  1.990361800000e-01
2.937600000000e-02  9.880504000000e-02
@END

@ATOMBASIS TI
S 21   1
3.014643000000e+06  8.910000000000e-06
4.514329000000e+05  6.931000000000e-05
1.027338000000e+05  3.643800000000e-04
2.909817000000e+04  1.536390000000e-03
9.492330000000e+03  5.562850000000e-03
3.426346000000e+03  1.782861000000e-02
1.335896000000e+03  5.081175000000e-02
5.535026000000e+02  1.257179600000e-01
2.406925000000e+02  2.529934700000e-01
1.087293000000e+02  3.595943400000e-01
5.026457000000e+01  2.724695200000e-01
2.258004000000e+01  6.359557000000e-02
1.071432000000e+01 -1.224500000000e-03
5.093546000000e+00  2.011720000000e-03
2.244183000000e+00 -9.357000000000e-04
1.059570000000e+00  4.204600000000e-04
4.688490000000e-01 -1.776000000000e-04
1.061430000000e-01  8.641000000000e-05
5.526200000000e-02 -8.290000000000e-05
2.546500000000e-02  3.762000000000e-05
1.018600000000e-02 -9.000000000000e-06
S 21   1
3.014643000000e+06 -2.600000000000e-06
4.514329000000e+05 -2.050000000000e-05
1.027338000000e+05 -1.077000000000e-04
2.909817000000e+04 -4.548000000000e-04
9.492330000000e+03 -1.652900000000e-03
3.426346000000e+03 -5.348500000000e-03
1.335896000000e+03 -1.560890000000e-02
5.535026000000e+02 -4.072220000000e-02
2.406925000000e+02 -9.187640000000e-02
1.087293000000e+02 -1.655028000000e-01
5.026457000000e+01 -1.836009000000e-01
2.258004000000e+01  4.772324000000e-02
1.071432000000e+01  5.057850700000e-01
5.093546000000e+00  5.066198200000e-01
2.244183000000e+00  9.464746000000e-02
1.059570000000e+00 -2.802800000000e-03
4.688490000000e-01  2.441300000000e-03
1.061430000000e-01 -7.298000000000e-04
5.526200000000e-02  6.979200000000e-04
2.546500000000e-02 -3.147000000000e-04
1.018600000000e-02  7.494000000000e-05
S 21   1
3.014643000000e+06  9.400000000000e-07
4.514329000000e+05  7.320000000000e-06
1.027338000000e+05  3.850000000000e-05
2.909817000000e+04  1.626500000000e-04
9.492330000000e+03  5.909200000000e-04
3.426346000000e+03  1.916020000000e-03
1.335896000000e+03  5.599240000000e-03
5.535026000000e+02  1.471713000000e-02
2.406925000000e+02  3.356771000000e-02
1.087293000000e+02  6.237534000000e-02
5.026457000000e+01  7.240544000000e-02
2.258004000000e+01 -1.969540000000e-02
1.071432000000e+01 -2.781485000000e-01
5.093546000000e+00 -4.477923000000e-01
2.244183000000e+00  7.571834000000e-02
1.059570000000e+00  7.218244800000e-01
4.688490000000e-01  4.330536700000e-01
1.061430000000e-01  2.190391000000e-02
5.526200000000e-02 -1.256510000000e-02
2.546500000000e-02  4.501430000000e-03
1.018600000000e-02 -9.663000000000e-04
S 21   1
3.014643000000e+06 -2.000000000000e-07
4.514329000000e+05 -1.800000000000e-06
1.027338000000e+05 -9.500000000000e-06
2.909817000000e+04 -4.010000000000e-05
9.492330000000e+03 -1.458000000000e-04
3.426346000000e+03 -4.727000000000e-04
1.335896000000e+03 -1.382200000000e-03
5.535026000000e+02 -3.634700000000e-03
2.406925000000e+02 -8.307100000000e-03
1.087293000000e+02 -1.548490000000e-02
5.026457000000e+01 -1.810670000000e-02
2.258004000000e+01  4.957880000000e-03
1.071432000000e+01  7.274548000000e-02
5.093546000000e+00  1.246226000000e-01
2.244183000000e+00 -3.012510000000e-02
1.059570000000e+00 -2.547207000000e-01
4.688490000000e-01 -3.112813000000e-01
1.061430000000e-01  3.964178000000e-01
5.526200000000e-02  5.823943900000e-01
2.546500000000e-02  1.989805800000e-01
1.018600000000e-02  4.651010000000e-03
P 15   1
5.181157000000e+03  1.872400000000e-04
1.227461000000e+03  1.641390000000e-03
3.982712000000e+02  9.083040000000e-03
1.515867000000e+02  3.689507000000e-02
6.369633000000e+01  1.135598700000e-01
2.854733000000e+01  2.531789900000e-01
1.326129000000e+01  3.801676200000e-01
6.310352000000e+00  3.101999600000e-01
2.951875000000e+00  8.777409000000e-02
1.365370000000e+00  2.949090000000e-03
6.114150000000e-01  1.319370000000e-03
2.525480000000e-01 -4.215000000000e-04
1.010190000000e-01  2.198100000000e-04
4.040800000000e-02 -1.063000000000e-04
1.616300000000e-02  3.319000000000e-05
P 15   1
5.181157000000e+03 -6.430000000000e-05
1.227461000000e+03 -5.635000000000e-04
3.982712000000e+02 -3.142500000000e-03
1.515867000000e+02 -1.290430000000e-02
6.369633000000e+01 -4.095070000000e-02
2.854733000000e+01 -9.460300000000e-02
1.326129000000e+01 -1.513956000000e-01
6.310352000000e+00 -1.141409000000e-01
2.951875000000e+00  1.632056500000e-01
1.365370000000e+00  4.732173300000e-01
6.114150000000e-01  4.245132300000e-01
2.525480000000e-01  1.018377200000e-01
1.010190000000e-01 -1.678700000000e-03
4.040800000000e-02  2.839210000000e-03
1.616300000000e-02 -7.664000000000e-04
P 15   1
5.181157000000e+03  1.778000000000e-05
1.227461000000e+03  1.578100000000e-04
3.982712000000e+02  8.699200000000e-04
1.515867000000e+02  3.620990000000e-03
6.369633000000e+01  1.136286000000e-02
2.854733000000e+01  2.679911000000e-02
1.326129000000e+01  4.214155000000e-02
6.310352000000e+00  3.368180000000e-02
2.951875000000e+00 -5.898500000000e-02
1.365370000000e+00 -1.512272000000e-01
6.114150000000e-01 -2.034795000000e-01
2.525480000000e-01  1.180616700000e-01
1.010190000000e-01  6.938394700000e-01
4.040800000000e-02  3.145851500000e-01
1.616300000000e-02  1.638688000000e-02
D 10   1
1.343565000000e+02  8.294600000000e-04
4.004189000000e+01  6.867160000000e-03
1.512976000000e+01  2.978288000000e-02
6.276990000000e+00  8.973599000000e-02
2.781410000000e+00  1.933983100000e-01
1.253602000000e+00  2.893468400000e-01
5.574050000000e-01  3.179440600000e-01
2.397590000000e-01  2.758861100000e-01
9.528700000000e-02  1.593833200000e-01
3.811500000000e-02  7.054351000000e-02
@END

@ATOMBASIS V
S 21   1
3.321857000000e+06  8.830000000000e-06
4.974356000000e+05  6.866000000000e-05
1.132027000000e+05  3.609900000000e-04
3.206333000000e+04  1.522130000000e-03
1.045962000000e+04  5.511650000000e-03
3.775506000000e+03  1.766850000000e-02
1.472040000000e+03  5.038288000000e-02
6.099331000000e+02  1.248087500000e-01
2.652634000000e+02  2.517261500000e-01
1.198607000000e+02  3.592265300000e-01
5.544891000000e+01  2.741644500000e-01
2.498372000000e+01  6.486325000000e-02
1.188056000000e+01 -1.166200000000e-03
5.660311000000e+00  1.982800000000e-03
2.495703000000e+00 -9.224000000000e-04
1.177866000000e+00  4.098800000000e-04
5.200440000000e-01 -1.702000000000e-04
1.159650000000e-01  7.885000000000e-05
5.893800000000e-02 -7.520000000000e-05
2.694600000000e-02  3.493000000000e-05
1.077800000000e-02 -8.500000000000e-06
S 21   1
3.321857000000e+06 -2.600000000000e-06
4.974356000000e+05 -2.040000000000e-05
1.132027000000e+05 -1.075000000000e-04
3.206333000000e+04 -4.539000000000e-04
1.045962000000e+04 -1.650100000000e-03
3.775506000000e+03 -5.340000000000e-03
1.472040000000e+03 -1.559340000000e-02
6.099331000000e+02 -4.072340000000e-02
2.652634000000e+02 -9.208410000000e-02
1.198607000000e+02 -1.663647000000e-01
5.544891000000e+01 -1.858041000000e-01
2.498372000000e+01  4.585458000000e-02
1.188056000000e+01  5.080706100000e-01
5.660311000000e+00  5.069204300000e-01
2.495703000000e+00  9.430995000000e-02
1.177866000000e+00 -2.702200000000e-03
5.200440000000e-01  2.400650000000e-03
1.159650000000e-01 -6.790000000000e-04
5.893800000000e-02  6.463000000000e-04
2.694600000000e-02 -2.988000000000e-04
1.077800000000e-02  7.268000000000e-05
S 21   1
3.321857000000e+06  9.500000000000e-07
4.974356000000e+05  7.390000000000e-06
1.132027000000e+05  3.887000000000e-05
3.206333000000e+04  1.642300000000e-04
1.045962000000e+04  5.966900000000e-04
3.775506000000e+03  1.935330000000e-03
1.472040000000e+03  5.658190000000e-03
6.099331000000e+02  1.489218000000e-02
2.652634000000e+02  3.404071000000e-02
1.198607000000e+02  6.349336000000e-02
5.544891000000e+01  7.421806000000e-02
2.498372000000e+01 -1.908000000000e-02
1.188056000000e+01 -2.857174000000e-01
5.660311000000e+00 -4.524590000000e-01
2.495703000000e+00  9.007795000000e-02
1.177866000000e+00  7.250873700000e-01
5.200440000000e-01  4.230042200000e-01
1.159650000000e-01  2.042977000000e-02
5.893800000000e-02 -1.164770000000e-02
2.694600000000e-02  4.322590000000e-03
1.077800000000e-02 -9.541000000000e-04
S 21   1
3.321857000000e+06 -2.000000000000e-07
4.974356000000e+05 -1.700000000000e-06
1.132027000000e+05 -9.200000000000e-06
3.206333000000e+04 -3.870000000000e-05
1.045962000000e+04 -1.408000000000e-04
3.775506000000e+03 -4.567000000000e-04
1.472040000000e+03 -1.335600000000e-03
6.099331000000e+02 -3.518300000000e-03
2.652634000000e+02 -8.054700000000e-03
1.198607000000e+02 -1.508270000000e-02
5.544891000000e+01 -1.773950000000e-02
2.498372000000e+01  4.553640000000e-03
1.188056000000e+01  7.165822000000e-02
5.660311000000e+00  1.202978100000e-01
2.495703000000e+00 -3.297310000000e-02
1.177866000000e+00 -2.473306000000e-01
5.200440000000e-01 -2.854831000000e-01
1.159650000000e-01  3.533114900000e-01
5.893800000000e-02  5.907965100000e-01
2.694600000000e-02  2.222751600000e-01
1.077800000000e-02  4.041890000000e-03
P 15   1
5.777377000000e+03  1.836400000000e-04
1.368674000000e+03  1.611100000000e-03
4.441233000000e+02  8.933060000000e-03
1.690991000000e+02  3.640766000000e-02
7.110191000000e+01  1.125592800000e-01
3.190311000000e+01  2.523888600000e-01
1.485109000000e+01  3.804874800000e-01
7.085227000000e+00  3.104782000000e-01
3.324422000000e+00  8.808031000000e-02
1.541164000000e+00  3.200030000000e-03
6.905200000000e-01  1.367980000000e-03
2.854240000000e-01 -3.878000000000e-04
1.141700000000e-01  2.143600000000e-04
4.566800000000e-02 -1.028000000000e-04
1.826700000000e-02  3.206000000000e-05
P 15   1
5.777377000000e+03 -6.410000000000e-05
1.368674000000e+03 -5.626000000000e-04
4.441233000000e+02 -3.144100000000e-03
1.690991000000e+02 -1.295560000000e-02
7.110191000000e+01 -4.131800000000e-02
3.190311000000e+01 -9.610600000000e-02
1.485109000000e+01 -1.545839000000e-01
7.085227000000e+00 -1.148758000000e-01
3.324422000000e+00  1.682575700000e-01
1.541164000000e+00  4.752220100000e-01
6.905200000000e-01  4.199564700000e-01
2.854240000000e-01  1.007151600000e-01
1.141700000000e-01 -1.651000000000e-03
4.566800000000e-02  2.774810000000e-03
1.826700000000e-02 -7.462000000000e-04
P 15   1
5.777377000000e+03  1.786000000000e-05
1.368674000000e+03  1.583100000000e-04
4.441233000000e+02  8.760200000000e-04
1.690991000000e+02  3.652950000000e-03
7.110191000000e+01  1.154370000000e-02
3.190311000000e+01  2.735364000000e-02
1.485109000000e+01  4.343197000000e-02
7.085227000000e+00  3.382935000000e-02
3.324422000000e+00 -6.114900000000e-02
1.541164000000e+00 -1.559635000000e-01
6.905200000000e-01 -1.942334000000e-01
2.854240000000e-01  1.212851200000e-01
1.141700000000e-01  6.800286700000e-01
4.566800000000e-02  3.252677200000e-01
1.826700000000e-02  1.640418000000e-02
D 10   1
1.558527000000e+02  8.240200000000e-04
4.649771000000e+01  6.907870000000e-03
1.762999000000e+01  3.046120000000e-02
7.354672000000e+00  9.234492000000e-02
3.274051000000e+00  1.985696100000e-01
1.482482000000e+00  2.942780200000e-01
6.613510000000e-01  3.178236400000e-01
2.848260000000e-01  2.736146400000e-01
1.128990000000e-01  1.545784200000e-01
4.516000000000e-02  5.137878000000e-02
@END

@ATOMBASIS CR
S 21   1
6.177194000000e+06  4.530000000000e-06
9.249295000000e+05  3.521000000000e-05
2.104865000000e+05  1.851500000000e-04
5.962005000000e+04  7.816800000000e-04
1.945076000000e+04  2.840010000000e-03
7.022056000000e+03  9.191190000000e-03
2.738763000000e+03  2.681960000000e-02
1.135814000000e+03  7.006655000000e-02
4.950923000000e+02  1.580228900000e-01
2.247487000000e+02  2.846801000000e-01
1.053836000000e+02  3.478419000000e-01
5.019359000000e+01  2.146959600000e-01
2.224957000000e+01  3.639134000000e-02
1.098265000000e+01 -2.339000000000e-03
5.383665000000e+00  1.575850000000e-03
2.343685000000e+00 -7.032000000000e-04
1.105202000000e+00  2.839900000000e-04
4.878480000000e-01 -1.028000000000e-04
8.959900000000e-02  2.443000000000e-05
3.342300000000e-02 -1.690000000000e-05
1.336900000000e-02  5.990000000000e-06
S 21   1
6.177194000000e+06 -1.400000000000e-06
9.249295000000e+05 -1.060000000000e-05
2.104865000000e+05 -5.550000000000e-05
5.962005000000e+04 -2.344000000000e-04
1.945076000000e+04 -8.546000000000e-04
7.022056000000e+03 -2.777600000000e-03
2.738763000000e+03 -8.233100000000e-03
1.135814000000e+03 -2.215430000000e-02
4.950923000000e+02 -5.364420000000e-02
2.247487000000e+02 -1.108446000000e-01
1.053836000000e+02 -1.798118000000e-01
5.019359000000e+01 -1.532613000000e-01
2.224957000000e+01  1.570460500000e-01
1.098265000000e+01  5.579835200000e-01
5.383665000000e+00  4.064273400000e-01
2.343685000000e+00  5.485289000000e-02
1.105202000000e+00 -1.837700000000e-03
4.878480000000e-01  1.453630000000e-03
8.959900000000e-02 -7.650000000000e-05
3.342300000000e-02  2.354200000000e-04
1.336900000000e-02 -4.620000000000e-05
S 21   1
6.177194000000e+06  4.900000000000e-07
9.249295000000e+05  3.820000000000e-06
2.104865000000e+05  2.012000000000e-05
5.962005000000e+04  8.479000000000e-05
1.945076000000e+04  3.097900000000e-04
7.022056000000e+03  1.005010000000e-03
2.738763000000e+03  2.992570000000e-03
1.135814000000e+03  8.052810000000e-03
4.950923000000e+02  1.974039000000e-02
2.247487000000e+02  4.123838000000e-02
1.053836000000e+02  6.982356000000e-02
5.019359000000e+01  6.194171000000e-02
2.224957000000e+01 -7.028210000000e-02
1.098265000000e+01 -3.520653000000e-01
5.383665000000e+00 -3.830360000000e-01
2.343685000000e+00  2.666097100000e-01
1.105202000000e+00  7.072440100000e-01
4.878480000000e-01  3.133199200000e-01
8.959900000000e-02  7.855280000000e-03
3.342300000000e-02 -3.627200000000e-03
1.336900000000e-02  1.079280000000e-03
S 21   1
6.177194000000e+06 -1.000000000000e-07
9.249295000000e+05 -9.000000000000e-07
2.104865000000e+05 -4.800000000000e-06
5.962005000000e+04 -2.000000000000e-05
1.945076000000e+04 -7.390000000000e-05
7.022056000000e+03 -2.366000000000e-04
2.738763000000e+03 -7.161000000000e-04
1.135814000000e+03 -1.890600000000e-03
4.950923000000e+02 -4.750900000000e-03
2.247487000000e+02 -9.646500000000e-03
1.053836000000e+02 -1.712800000000e-02
5.019359000000e+01 -1.396960000000e-02
2.224957000000e+01  1.468508000000e-02
1.098265000000e+01  9.575892000000e-02
5.383665000000e+00  9.291531000000e-02
2.343685000000e+00 -6.694350000000e-02
1.105202000000e+00 -3.057681000000e-01
4.878480000000e-01 -1.700677000000e-01
8.959900000000e-02  7.452786700000e-01
3.342300000000e-02  3.968427400000e-01
1.336900000000e-02  5.285400000000e-03
P 15   1
6.268921000000e+03  1.873900000000e-04
1.485118000000e+03  1.644310000000e-03
4.819146000000e+02  9.120760000000e-03
1.835142000000e+02  3.719649000000e-02
7.719005000000e+01  1.149260800000e-01
3.465178000000e+01  2.569293500000e-01
1.614846000000e+01  3.833593700000e-01
7.710939000000e+00  3.047353900000e-01
3.607154000000e+00  8.243436000000e-02
1.667362000000e+00  2.736240000000e-03
7.390880000000e-01  1.457190000000e-03
3.013260000000e-01 -3.291000000000e-04
1.205300000000e-01  2.283300000000e-04
4.821200000000e-02 -1.021000000000e-04
1.928500000000e-02  3.224000000000e-05
P 15   1
6.268921000000e+03 -6.560000000000e-05
1.485118000000e+03 -5.756000000000e-04
4.819146000000e+02 -3.220400000000e-03
1.835142000000e+02 -1.327760000000e-02
7.719005000000e+01 -4.237710000000e-02
3.465178000000e+01 -9.833830000000e-02
1.614846000000e+01 -1.569767000000e-01
7.710939000000e+00 -1.086111000000e-01
3.607154000000e+00  1.848506600000e-01
1.667362000000e+00  4.759647600000e-01
7.390880000000e-01  4.067229600000e-01
3.013260000000e-01  1.021274000000e-01
1.205300000000e-01 -1.556500000000e-03
4.821200000000e-02  2.753490000000e-03
1.928500000000e-02 -7.733000000000e-04
P 15   1
6.268921000000e+03  2.114000000000e-05
1.485118000000e+03  1.861400000000e-04
4.819146000000e+02  1.038140000000e-03
1.835142000000e+02  4.302050000000e-03
7.719005000000e+01  1.371148000000e-02
3.465178000000e+01  3.212876000000e-02
1.614846000000e+01  5.144403000000e-02
7.710939000000e+00  3.596735000000e-02
3.607154000000e+00 -7.642230000000e-02
1.667362000000e+00 -1.942220000000e-01
7.390880000000e-01 -1.856082000000e-01
3.013260000000e-01  2.010582000000e-01
1.205300000000e-01  6.865245600000e-01
4.821200000000e-02  2.606774800000e-01
1.928500000000e-02  1.717460000000e-03
D 10   1
1.508341000000e+02  1.180760000000e-03
4.499723000000e+01  9.661180000000e-03
1.696088000000e+01  4.140729000000e-02
7.040154000000e+00  1.213166400000e-01
3.103878000000e+00  2.409538800000e-01
1.375896000000e+00  3.248495400000e-01
5.922820000000e-01  3.206033000000e-01
2.421380000000e-01  2.360529700000e-01
9.128400000000e-02  9.618844000000e-02
3.651400000000e-02  2.433110000000e-02
@END

@ATOMBASIS MN
S 21   1
3.960805000000e+06  8.740000000000e-06
5.931155000000e+05  6.798000000000e-05
1.349768000000e+05  3.574000000000e-04
3.823067000000e+04  1.507050000000e-03
1.247154000000e+04  5.457560000000e-03
4.501743000000e+03  1.749973000000e-02
1.755212000000e+03  4.993510000000e-02
7.273039000000e+02  1.238806500000e-01
3.163678000000e+02  2.504969000000e-01
1.430098000000e+02  3.589592100000e-01
6.621805000000e+01  2.759016600000e-01
2.991896000000e+01  6.596040000000e-02
1.430318000000e+01 -1.237200000000e-03
6.839451000000e+00  1.956290000000e-03
3.012374000000e+00 -9.071000000000e-04
1.418808000000e+00  3.975100000000e-04
6.236240000000e-01 -1.593000000000e-04
1.340980000000e-01  6.825000000000e-05
6.554800000000e-02 -6.470000000000e-05
2.958400000000e-02  3.125000000000e-05
1.183400000000e-02 -7.900000000000e-06
S 21   1
3.960805000000e+06 -2.600000000000e-06
5.931155000000e+05 -2.050000000000e-05
1.349768000000e+05 -1.078000000000e-04
3.823067000000e+04 -4.553000000000e-04
1.247154000000e+04 -1.655200000000e-03
4.501743000000e+03 -5.357600000000e-03
1.755212000000e+03 -1.565660000000e-02
7.273039000000e+02 -4.095100000000e-02
3.163678000000e+02 -9.287230000000e-02
1.430098000000e+02 -1.684245000000e-01
6.621805000000e+01 -1.891878000000e-01
2.991896000000e+01  4.616512000000e-02
1.430318000000e+01  5.147184000000e-01
6.839451000000e+00  5.041849500000e-01
3.012374000000e+00  9.186063000000e-02
1.418808000000e+00 -2.587000000000e-03
6.236240000000e-01  2.308040000000e-03
1.340980000000e-01 -5.992000000000e-04
6.554800000000e-02  5.684100000000e-04
2.958400000000e-02 -2.737000000000e-04
1.183400000000e-02  6.891000000000e-05
S 21   1
3.960805000000e+06  9.700000000000e-07
5.931155000000e+05  7.540000000000e-06
1.349768000000e+05  3.963000000000e-05
3.823067000000e+04  1.674700000000e-04
1.247154000000e+04  6.084100000000e-04
4.501743000000e+03  1.974430000000e-03
1.755212000000e+03  5.775340000000e-03
7.273039000000e+02  1.523348000000e-02
3.163678000000e+02  3.492024000000e-02
1.430098000000e+02  6.548772000000e-02
6.621805000000e+01  7.702395000000e-02
2.991896000000e+01 -1.954550000000e-02
1.430318000000e+01 -3.005826000000e-01
6.839451000000e+00 -4.562535000000e-01
3.012374000000e+00  1.202726900000e-01
1.418808000000e+00  7.281293400000e-01
6.236240000000e-01  4.032453500000e-01
1.340980000000e-01  1.779610000000e-02
6.554800000000e-02 -1.018190000000e-02
2.958400000000e-02  4.003660000000e-03
1.183400000000e-02 -9.240000000000e-04
S 21   1
3.960805000000e+06 -2.000000000000e-07
5.931155000000e+05 -1.800000000000e-06
1.349768000000e+05 -9.400000000000e-06
3.823067000000e+04 -3.980000000000e-05
1.247154000000e+04 -1.445000000000e-04
4.501743000000e+03 -4.699000000000e-04
1.755212000000e+03 -1.371200000000e-03
7.273039000000e+02 -3.632200000000e-03
3.163678000000e+02 -8.304900000000e-03
1.430098000000e+02 -1.572940000000e-02
6.621805000000e+01 -1.842520000000e-02
2.991896000000e+01  4.367270000000e-03
1.430318000000e+01  7.696053000000e-02
6.839451000000e+00  1.210387500000e-01
3.012374000000e+00 -3.966160000000e-02
1.418808000000e+00 -2.631384000000e-01
6.236240000000e-01 -2.629456000000e-01
1.340980000000e-01  4.329907100000e-01
6.554800000000e-02  5.464339100000e-01
2.958400000000e-02  1.906747600000e-01
1.183400000000e-02 -2.215000000000e-04
P 15   1
7.048271000000e+03  1.783800000000e-04
1.669678000000e+03  1.566820000000e-03
5.418571000000e+02  8.715400000000e-03
2.064295000000e+02  3.571612000000e-02
8.689334000000e+01  1.112153200000e-01
3.906309000000e+01  2.516051100000e-01
1.824725000000e+01  3.812308000000e-01
8.741289000000e+00  3.102902000000e-01
4.119332000000e+00  8.812067000000e-02
1.914804000000e+00  3.599010000000e-03
8.578930000000e-01  1.452130000000e-03
3.549500000000e-01 -3.342000000000e-04
1.419800000000e-01  2.060100000000e-04
5.679200000000e-02 -9.730000000000e-05
2.271700000000e-02  3.032000000000e-05
P 15   1
7.048271000000e+03 -6.390000000000e-05
1.669678000000e+03 -5.610000000000e-04
5.418571000000e+02 -3.146500000000e-03
2.064295000000e+02 -1.303980000000e-02
8.689334000000e+01 -4.192160000000e-02
3.906309000000e+01 -9.857340000000e-02
1.824725000000e+01 -1.596252000000e-01
8.741289000000e+00 -1.150729000000e-01
4.119332000000e+00  1.770515000000e-01
1.914804000000e+00  4.773778800000e-01
8.578930000000e-01  4.126449900000e-01
3.549500000000e-01  9.948657000000e-02
1.419800000000e-01 -1.597800000000e-03
5.679200000000e-02  2.678260000000e-03
2.271700000000e-02 -7.155000000000e-04
P 15   1
7.048271000000e+03  1.764000000000e-05
1.669678000000e+03  1.560100000000e-04
5.418571000000e+02  8.696500000000e-04
2.064295000000e+02  3.632800000000e-03
8.689334000000e+01  1.162417000000e-02
3.906309000000e+01  2.770210000000e-02
1.824725000000e+01  4.470706000000e-02
8.741289000000e+00  3.304798000000e-02
4.119332000000e+00 -6.260660000000e-02
1.914804000000e+00 -1.610873000000e-01
8.578930000000e-01 -1.769052000000e-01
3.549500000000e-01  1.209127300000e-01
1.419800000000e-01  6.442918500000e-01
5.679200000000e-02  3.582729500000e-01
2.271700000000e-02  1.972486000000e-02
D 10   1
1.998357000000e+02  8.689100000000e-04
5.972176000000e+01  7.405500000000e-03
2.274772000000e+01  3.343543000000e-02
9.565003000000e+00  1.022230600000e-01
4.285499000000e+00  2.176382000000e-01
1.950975000000e+00  3.138864900000e-01
8.727960000000e-01  3.226514100000e-01
3.756210000000e-01  2.489773500000e-01
1.480090000000e-01  1.155548300000e-01
5.920400000000e-02  3.978048000000e-02
@END

@ATOMBASIS FE
S 21   1
4.316265000000e+06  8.690000000000e-06
6.463424000000e+05  6.755000000000e-05
1.470897000000e+05  3.551400000000e-04
4.166152000000e+04  1.497580000000e-03
1.359077000000e+04  5.423680000000e-03
4.905750000000e+03  1.739498000000e-02
1.912746000000e+03  4.966288000000e-02
7.926043000000e+02  1.233557300000e-01
3.448065000000e+02  2.500228800000e-01
1.558999000000e+02  3.599036900000e-01
7.223091000000e+01  2.789927900000e-01
3.272506000000e+01  6.684859000000e-02
1.566762000000e+01 -5.304500000000e-03
7.503483000000e+00 -2.194200000000e-03
3.312223000000e+00 -1.567200000000e-03
1.558471000000e+00  7.005900000000e-04
6.839140000000e-01 -1.330000000000e-05
1.467570000000e-01  7.584000000000e-05
7.058300000000e-02 -6.820000000000e-05
3.144900000000e-02  3.286000000000e-05
1.258000000000e-02 -8.400000000000e-06
S 21   1
4.316265000000e+06 -2.600000000000e-06
6.463424000000e+05 -2.020000000000e-05
1.470897000000e+05 -1.065000000000e-04
4.166152000000e+04 -4.495000000000e-04
1.359077000000e+04 -1.634700000000e-03
4.905750000000e+03 -5.293400000000e-03
1.912746000000e+03 -1.548620000000e-02
7.926043000000e+02 -4.059850000000e-02
3.448065000000e+02 -9.250400000000e-02
1.558999000000e+02 -1.690500000000e-01
7.223091000000e+01 -1.922840000000e-01
3.272506000000e+01  4.532080000000e-02
1.566762000000e+01  5.291912400000e-01
7.503483000000e+00  5.261369900000e-01
3.312223000000e+00  8.634042000000e-02
1.558471000000e+00 -3.666660000000e-02
6.839140000000e-01 -1.644200000000e-02
1.467570000000e-01 -1.380200000000e-03
7.058300000000e-02  9.867200000000e-04
3.144900000000e-02 -4.385000000000e-04
1.258000000000e-02  1.090300000000e-04
S 21   1
4.316265000000e+06  8.500000000000e-07
6.463424000000e+05  6.600000000000e-06
1.470897000000e+05  3.471000000000e-05
4.166152000000e+04  1.467000000000e-04
1.359077000000e+04  5.329300000000e-04
4.905750000000e+03  1.730430000000e-03
1.912746000000e+03  5.064780000000e-03
7.926043000000e+02  1.338915000000e-02
3.448065000000e+02  3.080255000000e-02
1.558999000000e+02  5.821825000000e-02
7.223091000000e+01  6.938655000000e-02
3.272506000000e+01 -1.668270000000e-02
1.566762000000e+01 -2.807190000000e-01
7.503483000000e+00 -4.350295000000e-01
3.312223000000e+00  1.310265300000e-01
1.558471000000e+00  7.287152300000e-01
6.839140000000e-01  3.985276200000e-01
1.467570000000e-01  1.733967000000e-02
7.058300000000e-02 -9.661600000000e-03
3.144900000000e-02  3.851980000000e-03
1.258000000000e-02 -9.097000000000e-04
S 21   1
4.316265000000e+06 -2.000000000000e-07
6.463424000000e+05 -1.800000000000e-06
1.470897000000e+05 -9.400000000000e-06
4.166152000000e+04 -3.970000000000e-05
1.359077000000e+04 -1.438000000000e-04
4.905750000000e+03 -4.680000000000e-04
1.912746000000e+03 -1.365800000000e-03
7.926043000000e+02 -3.622600000000e-03
3.448065000000e+02 -8.296400000000e-03
1.558999000000e+02 -1.577060000000e-02
7.223091000000e+01 -1.858720000000e-02
3.272506000000e+01  4.103550000000e-03
1.566762000000e+01  7.759402000000e-02
7.503483000000e+00  1.205448600000e-01
3.312223000000e+00 -4.091310000000e-02
1.558471000000e+00 -2.624671000000e-01
6.839140000000e-01 -2.576817000000e-01
1.467570000000e-01  4.333975800000e-01
7.058300000000e-02  5.466255600000e-01
3.144900000000e-02  1.874711400000e-01
1.258000000000e-02  2.704820000000e-03
P 15   1
7.721489000000e+03  1.794000000000e-04
1.829126000000e+03  1.576530000000e-03
5.936280000000e+02  8.782090000000e-03
2.262054000000e+02  3.607769000000e-02
9.526145000000e+01  1.127292800000e-01
4.285920000000e+01  2.560928000000e-01
2.004971000000e+01  3.890942500000e-01
9.620885000000e+00  3.151302500000e-01
4.541371000000e+00  7.892748000000e-02
2.113500000000e+00 -1.959520000000e-02
9.472010000000e-01 -1.837930000000e-02
3.912430000000e-01 -5.053700000000e-03
1.564970000000e-01  2.794400000000e-04
6.259900000000e-02 -2.231000000000e-04
2.504000000000e-02  6.381000000000e-05
P 15   1
7.721489000000e+03 -5.530000000000e-05
1.829126000000e+03 -4.858000000000e-04
5.936280000000e+02 -2.732200000000e-03
2.262054000000e+02 -1.136920000000e-02
9.526145000000e+01 -3.684800000000e-02
4.285920000000e+01 -8.750780000000e-02
2.004971000000e+01 -1.433072000000e-01
9.620885000000e+00 -9.976090000000e-02
4.541371000000e+00  1.857857000000e-01
2.113500000000e+00  4.790901200000e-01
9.472010000000e-01  4.081510000000e-01
3.912430000000e-01  9.750333000000e-02
1.564970000000e-01 -1.551800000000e-03
6.259900000000e-02  2.631380000000e-03
2.504000000000e-02 -7.026000000000e-04
P 15   1
7.721489000000e+03  1.827000000000e-05
1.829126000000e+03  1.613800000000e-04
5.936280000000e+02  9.023200000000e-04
2.262054000000e+02  3.772650000000e-03
9.526145000000e+01  1.213515000000e-02
4.285920000000e+01  2.898861000000e-02
2.004971000000e+01  4.708145000000e-02
9.620885000000e+00  3.395627000000e-02
4.541371000000e+00 -6.721070000000e-02
2.113500000000e+00 -1.728765000000e-01
9.472010000000e-01 -1.662075000000e-01
3.912430000000e-01  1.458974200000e-01
1.564970000000e-01  6.117855100000e-01
6.259900000000e-02  3.592588800000e-01
2.504000000000e-02  4.073564000000e-02
D 10   1
2.173688000000e+02  9.085900000000e-04
6.499976000000e+01  7.757030000000e-03
2.477314000000e+01  3.509608000000e-02
1.043614000000e+01  1.069063900000e-01
4.679653000000e+00  2.235477800000e-01
2.125622000000e+00  3.148228100000e-01
9.452420000000e-01  3.170631400000e-01
4.026850000000e-01  2.453396800000e-01
1.566510000000e-01  1.198018200000e-01
6.266000000000e-02  4.248366000000e-02
@END

@ATOMBASIS CO
S 21   1
4.676708000000e+06  8.620000000000e-06
7.003172000000e+05  6.703000000000e-05
1.593730000000e+05  3.524300000000e-04
4.514067000000e+04  1.486160000000e-03
1.472575000000e+04  5.382500000000e-03
5.315448000000e+03  1.726474000000e-02
2.072498000000e+03  4.930401000000e-02
8.588231000000e+02  1.225355000000e-01
3.736437000000e+02  2.486038200000e-01
1.689682000000e+02  3.583790500000e-01
7.831971000000e+01  2.784105500000e-01
3.553724000000e+01  6.785877000000e-02
1.704735000000e+01 -1.157500000000e-03
8.175534000000e+00  1.923040000000e-03
3.611578000000e+00 -8.896000000000e-04
1.697468000000e+00  3.852100000000e-04
7.436360000000e-01 -1.514000000000e-04
1.583250000000e-01  6.126000000000e-05
7.500900000000e-02 -5.670000000000e-05
3.309300000000e-02  2.784000000000e-05
1.323700000000e-02 -7.300000000000e-06
S 21   1
4.676708000000e+06 -2.600000000000e-06
7.003172000000e+05 -2.040000000000e-05
1.593730000000e+05 -1.075000000000e-04
4.514067000000e+04 -4.538000000000e-04
1.472575000000e+04 -1.650000000000e-03
5.315448000000e+03 -5.341900000000e-03
2.072498000000e+03 -1.562390000000e-02
8.588231000000e+02 -4.092880000000e-02
3.736437000000e+02 -9.312740000000e-02
1.689682000000e+02 -1.696550000000e-01
7.831971000000e+01 -1.924509000000e-01
3.553724000000e+01  4.347139000000e-02
1.704735000000e+01  5.173704300000e-01
8.175534000000e+00  5.046464500000e-01
3.611578000000e+00  9.201286000000e-02
1.697468000000e+00 -2.345500000000e-03
7.436360000000e-01  2.242290000000e-03
1.583250000000e-01 -5.385000000000e-04
7.500900000000e-02  5.012100000000e-04
3.309300000000e-02 -2.456000000000e-04
1.323700000000e-02  6.422000000000e-05
S 21   1
4.676708000000e+06  9.800000000000e-07
7.003172000000e+05  7.620000000000e-06
1.593730000000e+05  4.004000000000e-05
4.514067000000e+04  1.692300000000e-04
1.472575000000e+04  6.148400000000e-04
5.315448000000e+03  1.995940000000e-03
2.072498000000e+03  5.842900000000e-03
8.588231000000e+02  1.543990000000e-02
3.736437000000e+02  3.551543000000e-02
1.689682000000e+02  6.696125000000e-02
7.831971000000e+01  7.961678000000e-02
3.553724000000e+01 -1.872100000000e-02
1.704735000000e+01 -3.104228000000e-01
8.175534000000e+00 -4.605415000000e-01
3.611578000000e+00  1.358724300000e-01
1.697468000000e+00  7.302026400000e-01
7.436360000000e-01  3.933000800000e-01
1.583250000000e-01  1.679521000000e-02
7.500900000000e-02 -9.301600000000e-03
3.309300000000e-02  3.751850000000e-03
1.323700000000e-02 -9.060000000000e-04
S 21   1
4.676708000000e+06 -2.000000000000e-07
7.003172000000e+05 -1.700000000000e-06
1.593730000000e+05 -8.900000000000e-06
4.514067000000e+04 -3.790000000000e-05
1.472575000000e+04 -1.373000000000e-04
5.315448000000e+03 -4.468000000000e-04
2.072498000000e+03 -1.305300000000e-03
8.588231000000e+02 -3.462400000000e-03
3.736437000000e+02 -7.948700000000e-03
1.689682000000e+02 -1.512480000000e-02
7.831971000000e+01 -1.794030000000e-02
3.553724000000e+01  3.957750000000e-03
1.704735000000e+01  7.479185000000e-02
8.175534000000e+00  1.149007900000e-01
3.611578000000e+00 -4.223380000000e-02
1.697468000000e+00 -2.468642000000e-01
7.436360000000e-01 -2.419882000000e-01
1.583250000000e-01  3.722608800000e-01
7.500900000000e-02  5.675955500000e-01
3.309300000000e-02  2.173793500000e-01
1.323700000000e-02  3.524730000000e-03
P 15   1
8.421842000000e+03  1.749100000000e-04
1.995000000000e+03  1.537730000000e-03
6.474855000000e+02  8.574640000000e-03
2.467795000000e+02  3.528967000000e-02
1.039689000000e+02  1.104856200000e-01
4.681052000000e+01  2.515627300000e-01
2.192703000000e+01  3.820884300000e-01
1.053715000000e+01  3.094567100000e-01
4.980678000000e+00  8.757280000000e-02
2.319824000000e+00  3.826590000000e-03
1.039609000000e+00  1.512290000000e-03
4.289210000000e-01 -2.853000000000e-04
1.715680000000e-01  2.013800000000e-04
6.862700000000e-02 -9.280000000000e-05
2.745100000000e-02  2.894000000000e-05
P 15   1
8.421842000000e+03 -6.400000000000e-05
1.995000000000e+03 -5.624000000000e-04
6.474855000000e+02 -3.162600000000e-03
2.467795000000e+02 -1.316530000000e-02
1.039689000000e+02 -4.258770000000e-02
4.681052000000e+01 -1.009536000000e-01
2.192703000000e+01 -1.640955000000e-01
1.053715000000e+01 -1.146114000000e-01
4.980678000000e+00  1.858507000000e-01
2.319824000000e+00  4.807124300000e-01
1.039609000000e+00  4.051311400000e-01
4.289210000000e-01  9.651019000000e-02
1.715680000000e-01 -1.557800000000e-03
6.862700000000e-02  2.612710000000e-03
2.745100000000e-02 -6.972000000000e-04
P 15   1
8.421842000000e+03  1.883000000000e-05
1.995000000000e+03  1.661900000000e-04
6.474855000000e+02  9.316300000000e-04
2.467795000000e+02  3.899070000000e-03
1.039689000000e+02  1.259829000000e-02
4.681052000000e+01  3.016538000000e-02
2.192703000000e+01  4.922893000000e-02
1.053715000000e+01  3.475151000000e-02
4.980678000000e+00 -7.188090000000e-02
2.319824000000e+00 -1.828456000000e-01
1.039609000000e+00 -1.534736000000e-01
4.289210000000e-01  1.559936600000e-01
1.715680000000e-01  5.975205800000e-01
6.862700000000e-02  3.641942400000e-01
2.745100000000e-02  4.018451000000e-02
D 10   1
2.375928000000e+02  9.270100000000e-04
7.108881000000e+01  7.938650000000e-03
2.711903000000e+01  3.606409000000e-02
1.144826000000e+01  1.096815500000e-01
5.139542000000e+00  2.264577500000e-01
2.332694000000e+00  3.136776200000e-01
1.034030000000e+00  3.124354700000e-01
4.378990000000e-01  2.462833000000e-01
1.689630000000e-01  1.263317100000e-01
6.758500000000e-02  3.900343000000e-02
@END

@ATOMBASIS NI
S 21   1
5.048010000000e+06  8.590000000000e-06
7.559181000000e+05  6.676000000000e-05
1.720262000000e+05  3.510200000000e-04
4.872457000000e+04  1.480240000000e-03
1.589489000000e+04  5.361280000000e-03
5.737468000000e+03  1.719845000000e-02
2.237051000000e+03  4.912754000000e-02
9.270302000000e+02  1.221670300000e-01
4.033461000000e+02  2.481088300000e-01
1.824282000000e+02  3.582623400000e-01
8.458917000000e+01  2.791023300000e-01
3.842293000000e+01  6.830145000000e-02
1.846879000000e+01 -1.183500000000e-03
8.868190000000e+00  1.916250000000e-03
3.918870000000e+00 -8.845000000000e-04
1.839853000000e+00  3.817100000000e-04
8.046630000000e-01 -1.483000000000e-04
1.698460000000e-01  5.854000000000e-05
7.937000000000e-02 -5.370000000000e-05
3.470000000000e-02  2.661000000000e-05
1.388000000000e-02 -7.100000000000e-06
S 21   1
5.048010000000e+06 -2.600000000000e-06
7.559181000000e+05 -2.040000000000e-05
1.720262000000e+05 -1.076000000000e-04
4.872457000000e+04 -4.541000000000e-04
1.589489000000e+04 -1.651200000000e-03
5.737468000000e+03 -5.346300000000e-03
2.237051000000e+03 -1.564110000000e-02
9.270302000000e+02 -4.099880000000e-02
4.033461000000e+02 -9.339290000000e-02
1.824282000000e+02 -1.704003000000e-01
8.458917000000e+01 -1.937400000000e-01
3.842293000000e+01  4.354049000000e-02
1.846879000000e+01  5.195027400000e-01
8.868190000000e+00  5.037238600000e-01
3.918870000000e+00  9.139081000000e-02
1.839853000000e+00 -2.273600000000e-03
8.046630000000e-01  2.208160000000e-03
1.698460000000e-01 -5.133000000000e-04
7.937000000000e-02  4.748400000000e-04
3.470000000000e-02 -2.348000000000e-04
1.388000000000e-02  6.236000000000e-05
S 21   1
5.048010000000e+06  9.800000000000e-07
7.559181000000e+05  7.660000000000e-06
1.720262000000e+05  4.028000000000e-05
4.872457000000e+04  1.702200000000e-04
1.589489000000e+04  6.184600000000e-04
5.737468000000e+03  2.008010000000e-03
2.237051000000e+03  5.879680000000e-03
9.270302000000e+02  1.554882000000e-02
4.033461000000e+02  3.580902000000e-02
1.824282000000e+02  6.764847000000e-02
8.458917000000e+01  8.065478000000e-02
3.842293000000e+01 -1.892620000000e-02
1.846879000000e+01 -3.154584000000e-01
8.868190000000e+00 -4.611078000000e-01
3.918870000000e+00  1.448986900000e-01
1.839853000000e+00  7.304487300000e-01
8.046630000000e-01  3.877855300000e-01
1.698460000000e-01  1.622800000000e-02
7.937000000000e-02 -8.914800000000e-03
3.470000000000e-02  3.643980000000e-03
1.388000000000e-02 -8.965000000000e-04
S 21   1
5.048010000000e+06 -2.000000000000e-07
7.559181000000e+05 -1.700000000000e-06
1.720262000000e+05 -8.900000000000e-06
4.872457000000e+04 -3.750000000000e-05
1.589489000000e+04 -1.362000000000e-04
5.737468000000e+03 -4.432000000000e-04
2.237051000000e+03 -1.294800000000e-03
9.270302000000e+02 -3.438100000000e-03
4.033461000000e+02 -7.900000000000e-03
1.824282000000e+02 -1.506930000000e-02
8.458917000000e+01 -1.791070000000e-02
3.842293000000e+01  3.921930000000e-03
1.846879000000e+01  7.504682000000e-02
8.868190000000e+00  1.132424600000e-01
3.918870000000e+00 -4.393570000000e-02
1.839853000000e+00 -2.443838000000e-01
8.046630000000e-01 -2.348542000000e-01
1.698460000000e-01  3.686554000000e-01
7.937000000000e-02  5.724337400000e-01
3.470000000000e-02  2.159243400000e-01
1.388000000000e-02  2.877000000000e-04
P 15   1
9.148796000000e+03  1.735700000000e-04
2.167171000000e+03  1.526570000000e-03
7.033857000000e+02  8.521290000000e-03
2.681342000000e+02  3.513410000000e-02
1.130078000000e+02  1.102502700000e-01
5.091339000000e+01  2.516806100000e-01
2.387740000000e+01  3.825045700000e-01
1.148924000000e+01  3.089366900000e-01
5.436884000000e+00  8.722897000000e-02
2.533837000000e+00  3.920620000000e-03
1.135309000000e+00  1.539190000000e-03
4.678910000000e-01 -2.655000000000e-04
1.871560000000e-01  1.993700000000e-04
7.486200000000e-02 -9.090000000000e-05
2.994500000000e-02  2.837000000000e-05
P 15   1
9.148796000000e+03 -6.400000000000e-05
2.167171000000e+03 -5.629000000000e-04
7.033857000000e+02 -3.169200000000e-03
2.681342000000e+02 -1.321830000000e-02
1.130078000000e+02 -4.287100000000e-02
5.091339000000e+01 -1.019674000000e-01
2.387740000000e+01 -1.659257000000e-01
1.148924000000e+01 -1.141167000000e-01
5.436884000000e+00  1.896880500000e-01
2.533837000000e+00  4.817171600000e-01
1.135309000000e+00  4.020203300000e-01
4.678910000000e-01  9.551929000000e-02
1.871560000000e-01 -1.548900000000e-03
7.486200000000e-02  2.588260000000e-03
2.994500000000e-02 -6.906000000000e-04
P 15   1
9.148796000000e+03  1.962000000000e-05
2.167171000000e+03  1.731200000000e-04
7.033857000000e+02  9.722300000000e-04
2.681342000000e+02  4.074380000000e-03
1.130078000000e+02  1.321023000000e-02
5.091339000000e+01  3.171293000000e-02
2.387740000000e+01  5.192371000000e-02
1.148924000000e+01  3.605129000000e-02
5.436884000000e+00 -7.725320000000e-02
2.533837000000e+00 -1.941497000000e-01
1.135309000000e+00 -1.477233000000e-01
4.678910000000e-01  1.718753100000e-01
1.871560000000e-01  6.042662600000e-01
7.486200000000e-02  3.554410500000e-01
2.994500000000e-02  2.125057000000e-02
D 10   1
2.588667000000e+02  9.525200000000e-04
7.749604000000e+01  8.179940000000e-03
2.958972000000e+01  3.730818000000e-02
1.251527000000e+01  1.132872000000e-01
5.624468000000e+00  2.314757300000e-01
2.551303000000e+00  3.161359700000e-01
1.128060000000e+00  3.108432000000e-01
4.753730000000e-01  2.421023700000e-01
1.821280000000e-01  1.229838600000e-01
7.285100000000e-02  3.516757000000e-02
@END

@ATOMBASIS CU
S 21   1
9.148883000000e+06  4.460000000000e-06
1.369956000000e+06  3.469000000000e-05
3.117826000000e+05  1.823900000000e-04
8.831880000000e+04  7.700100000000e-04
2.881553000000e+04  2.797640000000e-03
1.040346000000e+04  9.055960000000e-03
4.057791000000e+03  2.644076000000e-02
1.682974000000e+03  6.918041000000e-02
7.337543000000e+02  1.564798700000e-01
3.332677000000e+02  2.831880300000e-01
1.564338000000e+02  3.483474400000e-01
7.469721000000e+01  2.172971600000e-01
3.332262000000e+01  3.723951000000e-02
1.662237000000e+01 -2.580700000000e-03
8.208260000000e+00  1.560370000000e-03
3.609400000000e+00 -6.799000000000e-04
1.683449000000e+00  2.619000000000e-04
7.337570000000e-01 -8.680000000000e-05
1.102070000000e-01  1.768000000000e-05
3.878600000000e-02 -1.290000000000e-05
1.551400000000e-02  4.850000000000e-06
S 21   1
9.148883000000e+06 -1.400000000000e-06
1.369956000000e+06 -1.070000000000e-05
3.117826000000e+05 -5.610000000000e-05
8.831880000000e+04 -2.370000000000e-04
2.881553000000e+04 -8.638000000000e-04
1.040346000000e+04 -2.808300000000e-03
4.057791000000e+03 -8.329800000000e-03
1.682974000000e+03 -2.245400000000e-02
7.337543000000e+02 -5.456570000000e-02
3.332677000000e+02 -1.133921000000e-01
1.564338000000e+02 -1.851260000000e-01
7.469721000000e+01 -1.587381000000e-01
3.332262000000e+01  1.660091000000e-01
1.662237000000e+01  5.680883800000e-01
8.208260000000e+00  3.950504700000e-01
3.609400000000e+00  5.193438000000e-02
1.683449000000e+00 -1.057800000000e-03
7.337570000000e-01  1.239410000000e-03
1.102070000000e-01 -1.197000000000e-04
3.878600000000e-02  8.857000000000e-05
1.551400000000e-02 -3.400000000000e-05
S 21   1
9.148883000000e+06  5.100000000000e-07
1.369956000000e+06  3.990000000000e-06
3.117826000000e+05  2.101000000000e-05
8.831880000000e+04  8.857000000000e-05
2.881553000000e+04  3.236000000000e-04
1.040346000000e+04  1.050190000000e-03
4.057791000000e+03  3.129360000000e-03
1.682974000000e+03  8.438640000000e-03
7.337543000000e+02  2.077023000000e-02
3.332677000000e+02  4.369710000000e-02
1.564338000000e+02  7.460186000000e-02
7.469721000000e+01  6.696043000000e-02
3.332262000000e+01 -7.944260000000e-02
1.662237000000e+01 -3.848752000000e-01
8.208260000000e+00 -3.724662000000e-01
3.609400000000e+00  3.193858300000e-01
1.683449000000e+00  7.043586200000e-01
7.337570000000e-01  2.799623900000e-01
1.102070000000e-01  5.791010000000e-03
3.878600000000e-02 -2.665200000000e-03
1.551400000000e-02  9.521900000000e-04
S 21   1
9.148883000000e+06 -1.000000000000e-07
1.369956000000e+06 -8.000000000000e-07
3.117826000000e+05 -4.500000000000e-06
8.831880000000e+04 -1.870000000000e-05
2.881553000000e+04 -6.950000000000e-05
1.040346000000e+04 -2.203000000000e-04
4.057791000000e+03 -6.753000000000e-04
1.682974000000e+03 -1.761200000000e-03
7.337543000000e+02 -4.522200000000e-03
3.332677000000e+02 -9.043000000000e-03
1.564338000000e+02 -1.670180000000e-02
7.469721000000e+01 -1.288420000000e-02
3.332262000000e+01  1.333561000000e-02
1.662237000000e+01  9.790588000000e-02
8.208260000000e+00  7.249738000000e-02
3.609400000000e+00 -6.056550000000e-02
1.683449000000e+00 -2.971844000000e-01
7.337570000000e-01 -1.063761000000e-01
1.102070000000e-01  7.953271400000e-01
3.878600000000e-02  3.075824700000e-01
1.551400000000e-02  1.483550000000e-02
P 15   1
9.713253000000e+03  1.783500000000e-04
2.300889000000e+03  1.568580000000e-03
7.467706000000e+02  8.754340000000e-03
2.846806000000e+02  3.608107000000e-02
1.199999000000e+02  1.129914900000e-01
5.407386000000e+01  2.566408600000e-01
2.537321000000e+01  3.851874700000e-01
1.220962000000e+01  3.028808000000e-01
5.757421000000e+00  8.164476000000e-02
2.673402000000e+00  3.388070000000e-03
1.186835000000e+00  1.576960000000e-03
4.815930000000e-01 -2.208000000000e-04
1.926370000000e-01  2.119500000000e-04
7.705500000000e-02 -8.950000000000e-05
3.082200000000e-02  2.842000000000e-05
P 15   1
9.713253000000e+03 -6.580000000000e-05
2.300889000000e+03 -5.782000000000e-04
7.467706000000e+02 -3.256600000000e-03
2.846806000000e+02 -1.357800000000e-02
1.199999000000e+02 -4.399850000000e-02
5.407386000000e+01 -1.041809000000e-01
2.537321000000e+01 -1.676802000000e-01
1.220962000000e+01 -1.071443000000e-01
5.757421000000e+00  2.050045900000e-01
2.673402000000e+00  4.829396300000e-01
1.186835000000e+00  3.902232900000e-01
4.815930000000e-01  9.437742000000e-02
1.926370000000e-01 -1.544800000000e-03
7.705500000000e-02  2.643870000000e-03
3.082200000000e-02 -7.274000000000e-04
P 15   1
9.713253000000e+03  2.261000000000e-05
2.300889000000e+03  1.982400000000e-04
7.467706000000e+02  1.120440000000e-03
2.846806000000e+02  4.665700000000e-03
1.199999000000e+02  1.521575000000e-02
5.407386000000e+01  3.608110000000e-02
2.537321000000e+01  5.925497000000e-02
1.220962000000e+01  3.709927000000e-02
5.757421000000e+00 -9.339450000000e-02
2.673402000000e+00 -2.290024000000e-01
1.186835000000e+00 -1.232369000000e-01
4.815930000000e-01  2.311824400000e-01
1.926370000000e-01  6.024108700000e-01
7.705500000000e-02  3.065241900000e-01
3.082200000000e-02  1.307756000000e-02
D 10   1
2.493497000000e+02  1.263960000000e-03
7.463837000000e+01  1.063885000000e-02
2.837641000000e+01  4.720950000000e-02
1.194893000000e+01  1.379365800000e-01
5.317646000000e+00  2.626675200000e-01
2.364417000000e+00  3.324163400000e-01
1.012386000000e+00  3.077990100000e-01
4.067730000000e-01  2.166409600000e-01
1.473310000000e-01  8.407717000000e-02
5.893200000000e-02  5.043770000000e-03
@END

@ATOMBASIS ZN
S 21   1
5.820021000000e+06  8.550000000000e-06
8.715234000000e+05  6.647000000000e-05
1.983350000000e+05  3.495000000000e-04
5.617631000000e+04  1.473830000000e-03
1.832582000000e+04  5.338330000000e-03
6.614955000000e+03  1.712708000000e-02
2.579199000000e+03  4.894085000000e-02
1.068849000000e+03  1.217934000000e-01
4.651045000000e+02  2.476588700000e-01
2.104130000000e+02  3.582432400000e-01
9.761629000000e+01  2.798170200000e-01
4.438020000000e+01  6.857579000000e-02
2.142308000000e+01 -1.312700000000e-03
1.030891000000e+01  1.916270000000e-03
4.553645000000e+00 -8.791000000000e-04
2.132821000000e+00  3.778000000000e-04
9.296970000000e-01 -1.433000000000e-04
1.921470000000e-01  5.411000000000e-05
8.759500000000e-02 -4.910000000000e-05
3.770200000000e-02  2.471000000000e-05
1.508100000000e-02 -6.700000000000e-06
S 21   1
5.820021000000e+06 -2.600000000000e-06
8.715234000000e+05 -2.050000000000e-05
1.983350000000e+05 -1.080000000000e-04
5.617631000000e+04 -4.559000000000e-04
1.832582000000e+04 -1.657800000000e-03
6.614955000000e+03 -5.368500000000e-03
2.579199000000e+03 -1.571240000000e-02
1.068849000000e+03 -4.122570000000e-02
4.651045000000e+02 -9.406410000000e-02
2.104130000000e+02 -1.719964000000e-01
9.761629000000e+01 -1.958500000000e-01
4.438020000000e+01  4.532437000000e-02
2.142308000000e+01  5.244522200000e-01
1.030891000000e+01  5.006009900000e-01
4.553645000000e+00  8.947690000000e-02
2.132821000000e+00 -2.174300000000e-03
9.296970000000e-01  2.137470000000e-03
1.921470000000e-01 -4.691000000000e-04
8.759500000000e-02  4.303000000000e-04
3.770200000000e-02 -2.165000000000e-04
1.508100000000e-02  5.905000000000e-05
S 21   1
5.820021000000e+06  1.000000000000e-06
8.715234000000e+05  7.750000000000e-06
1.983350000000e+05  4.076000000000e-05
5.617631000000e+04  1.722800000000e-04
1.832582000000e+04  6.259300000000e-04
6.614955000000e+03  2.032910000000e-03
2.579199000000e+03  5.954560000000e-03
1.068849000000e+03  1.576693000000e-02
4.651045000000e+02  3.637539000000e-02
2.104130000000e+02  6.892730000000e-02
9.761629000000e+01  8.237327000000e-02
4.438020000000e+01 -2.009310000000e-02
2.142308000000e+01 -3.253008000000e-01
1.030891000000e+01 -4.602086000000e-01
4.553645000000e+00  1.633907800000e-01
2.132821000000e+00  7.299936400000e-01
9.296970000000e-01  3.766747000000e-01
1.921470000000e-01  1.508169000000e-02
8.759500000000e-02 -8.224000000000e-03
3.770200000000e-02  3.448380000000e-03
1.508100000000e-02 -8.762000000000e-04
S 21   1
5.820021000000e+06 -2.000000000000e-07
8.715234000000e+05 -1.700000000000e-06
1.983350000000e+05 -9.100000000000e-06
5.617631000000e+04 -3.860000000000e-05
1.832582000000e+04 -1.399000000000e-04
6.614955000000e+03 -4.559000000000e-04
2.579199000000e+03 -1.330900000000e-03
1.068849000000e+03 -3.542700000000e-03
4.651045000000e+02 -8.143000000000e-03
2.104130000000e+02 -1.561320000000e-02
9.761629000000e+01 -1.853580000000e-02
4.438020000000e+01  4.132030000000e-03
2.142308000000e+01  7.898844000000e-02
1.030891000000e+01  1.141316000000e-01
4.553645000000e+00 -4.867670000000e-02
2.132821000000e+00 -2.515387000000e-01
9.296970000000e-01 -2.337560000000e-01
1.921470000000e-01  4.380171500000e-01
8.759500000000e-02  5.521738500000e-01
3.770200000000e-02  1.698573200000e-01
1.508100000000e-02  2.497330000000e-03
P 15   1
1.068458000000e+04  1.714200000000e-04
2.530903000000e+03  1.508720000000e-03
8.214820000000e+02  8.436820000000e-03
3.132522000000e+02  3.489609000000e-02
1.321094000000e+02  1.099358600000e-01
5.958751000000e+01  2.520564300000e-01
2.800399000000e+01  3.832784000000e-01
1.350425000000e+01  3.078259500000e-01
6.401881000000e+00  8.651147000000e-02
2.985769000000e+00  4.082150000000e-03
1.336902000000e+00  1.585700000000e-03
5.499610000000e-01 -2.323000000000e-04
2.199840000000e-01  1.958200000000e-04
8.799400000000e-02 -8.780000000000e-05
3.519800000000e-02  2.741000000000e-05
P 15   1
1.068458000000e+04 -6.410000000000e-05
2.530903000000e+03 -5.638000000000e-04
8.214820000000e+02 -3.180400000000e-03
3.132522000000e+02 -1.331030000000e-02
1.321094000000e+02 -4.336340000000e-02
5.958751000000e+01 -1.037319000000e-01
2.800399000000e+01 -1.690002000000e-01
1.350425000000e+01 -1.128672000000e-01
6.401881000000e+00  1.963897700000e-01
2.985769000000e+00  4.829794900000e-01
1.336902000000e+00  3.967617100000e-01
5.499610000000e-01  9.411042000000e-02
2.199840000000e-01 -1.530600000000e-03
8.799400000000e-02  2.547930000000e-03
3.519800000000e-02 -6.797000000000e-04
P 15   1
1.068458000000e+04  1.678000000000e-05
2.530903000000e+03  1.482200000000e-04
8.214820000000e+02  8.337700000000e-04
3.132522000000e+02  3.506530000000e-03
1.321094000000e+02  1.141348000000e-02
5.958751000000e+01  2.756400000000e-02
2.800399000000e+01  4.514618000000e-02
1.350425000000e+01  3.039094000000e-02
6.401881000000e+00 -6.646510000000e-02
2.985769000000e+00 -1.615315000000e-01
1.336902000000e+00 -1.364279000000e-01
5.499610000000e-01  1.165787100000e-01
2.199840000000e-01  5.468359600000e-01
8.799400000000e-02  4.149079100000e-01
3.519800000000e-02  7.954381000000e-02
D 10   1
3.050115000000e+02  1.025030000000e-03
9.140003000000e+01  8.846690000000e-03
3.495829000000e+01  4.068306000000e-02
1.483697000000e+01  1.232399400000e-01
6.680748000000e+00  2.479330400000e-01
3.029026000000e+00  3.308667600000e-01
1.334839000000e+00  3.173635200000e-01
5.586080000000e-01  2.230148400000e-01
2.117430000000e-01  8.092209000000e-02
8.469700000000e-02  3.543240000000e-03
@END
eaeb76750841f18b20bf2f6e6dbe61d5