@BASIS_SET AUG-CC-PCVDZ

@ATOMBASIS H
S 3   1
1.301000000000e+01  1.968500000000e-02
1.962000000000e+00  1.379770000000e-01
4.446000000000e-01  4.781480000000e-01
S 1   1
1.220000000000e-01  1.000000000000e+00
S 1   1
2.974000000000e-02  1.000000000000e+00
P 1   1
7.270000000000e-01  1.000000000000e+00
P 1   1
1.410000000000e-01  1.000000000000e+00
@END

@ATOMBASIS HE
S 3   1
3.836000000000e+01  2.380900000000e-02
5.770000000000e+00  1.548910000000e-01
1.240000000000e+00  4.699870000000e-01
S 1   1
2.976000000000e-01  1.000000000000e+00
S 1   1
7.255000000000e-02  1.000000000000e+00
P 1   1
1.275000000000e+00  1.000000000000e+00
P 1   1
2.473000000000e-01  1.000000000000e+00
@END

@ATOMBASIS LI
S 8   1
1.469000000000e+03  7.660000000000e-04
2.205000000000e+02  5.892000000000e-03
5.026000000000e+01  2.967100000000e-02
1.424000000000e+01  1.091800000000e-01
4.581000000000e+00  2.827890000000e-01
1.580000000000e+00  4.531230000000e-01
5.640000000000e-01  2.747740000000e-01
7.345000000000e-02  9.751000000000e-03
S 8   1
1.469000000000e+03 -1.200000000000e-04
2.205000000000e+02 -9.230000000000e-04
5.026000000000e+01 -4.689000000000e-03
1.424000000000e+01 -1.768200000000e-02
4.581000000000e+00 -4.890200000000e-02
1.580000000000e+00 -9.600900000000e-02
5.640000000000e-01 -1.363800000000e-01
7.345000000000e-02  5.751020000000e-01
S 1   1
2.805000000000e-02  1.000000000000e+00
S 1   1
8.640000000000e-03  1.000000000000e+00
S 1   1
9.060000000000e-01  1.000000000000e+00
P 3   1
1.534000000000e+00  2.278400000000e-02
2.749000000000e-01  1.391070000000e-01
7.362000000000e-02  5.003750000000e-01
P 1   1
2.403000000000e-02  1.000000000000e+00
P 1   1
5.790000000000e-03  1.000000000000e+00
P 1   1
3.242000000000e+00  1.000000000000e+00
D 1   1
1.239000000000e-01  1.000000000000e+00
D 1   1
7.250000000000e-02  1.000000000000e+00
@END

@ATOMBASIS BE
S 8   1
2.940000000000e+03  6.800000000000e-04
4.412000000000e+02  5.236000000000e-03
1.005000000000e+02  2.660600000000e-02
2.843000000000e+01  9.999300000000e-02
9.169000000000e+00  2.697020000000e-01
3.196000000000e+00  4.514690000000e-01
1.159000000000e+00  2.950740000000e-01
1.811000000000e-01  1.258700000000e-02
S 8   1
2.940000000000e+03 -1.230000000000e-04
4.412000000000e+02 -9.660000000000e-04
1.005000000000e+02 -4.831000000000e-03
2.843000000000e+01 -1.931400000000e-02
9.169000000000e+00 -5.328000000000e-02
3.196000000000e+00 -1.207230000000e-01
1.159000000000e+00 -1.334350000000e-01
1.811000000000e-01  5.307670000000e-01
S 1   1
5.890000000000e-02  1.000000000000e+00
S 1   1
1.877000000000e-02  1.000000000000e+00
S 1   1
1.860000000000e+00  1.000000000000e+00
P 3   1
3.619000000000e+00  2.911100000000e-02
7.110000000000e-01  1.693650000000e-01
1.951000000000e-01  5.134580000000e-01
P 1   1
6.018000000000e-02  1.000000000000e+00
P 1   1
8.500000000000e-03  1.000000000000e+00
P 1   1
6.163000000000e+00  1.000000000000e+00
D 1   1
2.380000000000e-01  1.000000000000e+00
D 1   1
7.400000000000e-02  1.000000000000e+00
@END

@ATOMBASIS B
S 8   1
4.570000000000e+03  6.960000000000e-04
6.859000000000e+02  5.353000000000e-03
1.565000000000e+02  2.713400000000e-02
4.447000000000e+01  1.013800000000e-01
1.448000000000e+01  2.720550000000e-01
5.131000000000e+00  4.484030000000e-01
1.898000000000e+00  2.901230000000e-01
3.329000000000e-01  1.432200000000e-02
S 8   1
4.570000000000e+03 -1.390000000000e-04
6.859000000000e+02 -1.097000000000e-03
1.565000000000e+02 -5.444000000000e-03
4.447000000000e+01 -2.191600000000e-02
1.448000000000e+01 -5.975100000000e-02
5.131000000000e+00 -1.387320000000e-01
1.898000000000e+00 -1.314820000000e-01
3.329000000000e-01  5.395260000000e-01
S 1   1
1.043000000000e-01  1.000000000000e+00
S 1   1
3.105000000000e-02  1.000000000000e+00
S 1   1
3.066000000000e+00  1.000000000000e+00
P 3   1
6.001000000000e+00  3.548100000000e-02
1.241000000000e+00  1.980720000000e-01
3.364000000000e-01  5.052300000000e-01
P 1   1
9.538000000000e-02  1.000000000000e+00
P 1   1
2.378000000000e-02  1.000000000000e+00
P 1   1
9.940000000000e+00  1.000000000000e+00
D 1   1
3.430000000000e-01  1.000000000000e+00
D 1   1
9.040000000000e-02  1.000000000000e+00
@END

@ATOMBASIS C
S 8   1
6.665000000000e+03  6.920000000000e-04
1.000000000000e+03  5.329000000000e-03
2.280000000000e+02  2.707700000000e-02
6.471000000000e+01  1.017180000000e-01
2.106000000000e+01  2.747400000000e-01
7.495000000000e+00  4.485640000000e-01
2.797000000000e+00  2.850740000000e-01
5.215000000000e-01  1.520400000000e-02
S 8   1
6.665000000000e+03 -1.460000000000e-04
1.000000000000e+03 -1.154000000000e-03
2.280000000000e+02 -5.725000000000e-03
6.471000000000e+01 -2.331200000000e-02
2.106000000000e+01 -6.395500000000e-02
7.495000000000e+00 -1.499810000000e-01
2.797000000000e+00 -1.272620000000e-01
5.215000000000e-01  5.445290000000e-01
S 1   1
1.596000000000e-01  1.000000000000e+00
S 1   1
4.690000000000e-02  1.000000000000e+00
S 1   1
4.530000000000e+00  1.000000000000e+00
P 3   1
9.439000000000e+00  3.810900000000e-02
2.002000000000e+00  2.094800000000e-01
5.456000000000e-01  5.085570000000e-01
P 1   1
1.517000000000e-01  1.000000000000e+00
P 1   1
4.041000000000e-02  1.000000000000e+00
P 1   1
1.455700000000e+01  1.000000000000e+00
D 1   1
5.500000000000e-01  1.000000000000e+00
D 1   1
1.510000000000e-01  1.000000000000e+00
@END

@ATOMBASIS N
S 8   1
9.046000000000e+03  7.000000000000e-04
1.357000000000e+03  5.389000000000e-03
3.093000000000e+02  2.740600000000e-02
8.773000000000e+01  1.032070000000e-01
2.856000000000e+01  2.787230000000e-01
1.021000000000e+01  4.485400000000e-01
3.838000000000e+00  2.782380000000e-01
7.466000000000e-01  1.544000000000e-02
S 8   1
9.046000000000e+03 -1.530000000000e-04
1.357000000000e+03 -1.208000000000e-03
3.093000000000e+02 -5.992000000000e-03
8.773000000000e+01 -2.454400000000e-02
2.856000000000e+01 -6.745900000000e-02
1.021000000000e+01 -1.580780000000e-01
3.838000000000e+00 -1.218310000000e-01
7.466000000000e-01  5.490030000000e-01
S 1   1
2.248000000000e-01  1.000000000000e+00
S 1   1
6.124000000000e-02  1.000000000000e+00
S 1   1
6.233000000000e+00  1.000000000000e+00
P 3   1
1.355000000000e+01  3.991900000000e-02
2.917000000000e+00  2.171690000000e-01
7.973000000000e-01  5.103190000000e-01
P 1   1
2.185000000000e-01  1.000000000000e+00
P 1   1
5.611000000000e-02  1.000000000000e+00
P 1   1
1.997700000000e+01  1.000000000000e+00
D 1   1
8.170000000000e-01  1.000000000000e+00
D 1   1
2.300000000000e-01  1.000000000000e+00
@END

@ATOMBASIS O
S 8   1
1.172000000000e+04  7.100000000000e-04
1.759000000000e+03  5.470000000000e-03
4.008000000000e+02  2.783700000000e-02
1.137000000000e+02  1.048000000000e-01
3.703000000000e+01  2.830620000000e-01
1.327000000000e+01  4.487190000000e-01
5.025000000000e+00  2.709520000000e-01
1.013000000000e+00  1.545800000000e-02
S 8   1
1.172000000000e+04 -1.600000000000e-04
1.759000000000e+03 -1.263000000000e-03
4.008000000000e+02 -6.267000000000e-03
1.137000000000e+02 -2.571600000000e-02
3.703000000000e+01 -7.092400000000e-02
1.327000000000e+01 -1.654110000000e-01
5.025000000000e+00 -1.169550000000e-01
1.013000000000e+00  5.573680000000e-01
S 1   1
3.023000000000e-01  1.000000000000e+00
S 1   1
7.896000000000e-02  1.000000000000e+00
S 1   1
8.215000000000e+00  1.000000000000e+00
P 3   1
1.770000000000e+01  4.301800000000e-02
3.854000000000e+00  2.289130000000e-01
1.046000000000e+00  5.087280000000e-01
P 1   1
2.753000000000e-01  1.000000000000e+00
P 1   1
6.856000000000e-02  1.000000000000e+00
P 1   1
2.605600000000e+01  1.000000000000e+00
D 1   1
1.185000000000e+00  1.000000000000e+00
D 1   1
3.320000000000e-01  1.000000000000e+00
@END

@ATOMBASIS F
S 8   1
1.471000000000e+04  7.210000000000e-04
2.207000000000e+03  5.553000000000e-03
5.028000000000e+02  2.826700000000e-02
1.426000000000e+02  1.064440000000e-01
4.647000000000e+01  2.868140000000e-01
1.670000000000e+01  4.486410000000e-01
6.356000000000e+00  2.647610000000e-01
1.316000000000e+00  1.533300000000e-02
S 8   1
1.471000000000e+04 -1.650000000000e-04
2.207000000000e+03 -1.308000000000e-03
5.028000000000e+02 -6.495000000000e-03
1.426000000000e+02 -2.669100000000e-02
4.647000000000e+01 -7.369000000000e-02
1.670000000000e+01 -1.707760000000e-01
6.356000000000e+00 -1.123270000000e-01
1.316000000000e+00  5.628140000000e-01
S 1   1
3.897000000000e-01  1.000000000000e+00
S 1   1
9.863000000000e-02  1.000000000000e+00
S 1   1
1.042600000000e+01  1.000000000000e+00
P 3   1
2.267000000000e+01  4.487800000000e-02
4.977000000000e+00  2.357180000000e-01
1.347000000000e+00  5.085210000000e-01
P 1   1
3.471000000000e-01  1.000000000000e+00
P 1   1
8.502000000000e-02  1.000000000000e+00
P 1   1
3.283000000000e+01  1.000000000000e+00
D 1   1
1.640000000000e+00  1.000000000000e+00
D 1   1
4.640000000000e-01  1.000000000000e+00
@END

@ATOMBASIS NE
S 8   1
1.788000000000e+04  7.380000000000e-04
2.683000000000e+03  5.677000000000e-03
6.115000000000e+02  2.888300000000e-02
1.735000000000e+02  1.085400000000e-01
5.664000000000e+01  2.909070000000e-01
2.042000000000e+01  4.483240000000e-01
7.810000000000e+00  2.580260000000e-01
1.653000000000e+00  1.506300000000e-02
S 8   1
1.788000000000e+04 -1.720000000000e-04
2.683000000000e+03 -1.357000000000e-03
6.115000000000e+02 -6.737000000000e-03
1.735000000000e+02 -2.766300000000e-02
5.664000000000e+01 -7.620800000000e-02
2.042000000000e+01 -1.752270000000e-01
7.810000000000e+00 -1.070380000000e-01
1.653000000000e+00  5.670500000000e-01
S 1   1
4.869000000000e-01  1.000000000000e+00
S 1   1
1.230000000000e-01  1.000000000000e+00
S 1   1
1.285400000000e+01  1.000000000000e+00
P 3   1
2.839000000000e+01  4.608700000000e-02
6.270000000000e+00  2.401810000000e-01
1.695000000000e+00  5.087440000000e-01
P 1   1
4.317000000000e-01  1.000000000000e+00
P 1   1
1.064000000000e-01  1.000000000000e+00
P 1   1
4.018400000000e+01  1.000000000000e+00
D 1   1
2.202000000000e+00  1.000000000000e+00
D 1   1
6.310000000000e-01  1.000000000000e+00
@END

@ATOMBASIS NA
S 11   1
3.170000000000e+04  4.588780000000e-04
4.755000000000e+03  3.550700000000e-03
1.082000000000e+03  1.826180000000e-02
3.064000000000e+02  7.166500000000e-02
9.953000000000e+01  2.123460000000e-01
3.542000000000e+01  4.162030000000e-01
1.330000000000e+01  3.730200000000e-01
4.392000000000e+00  6.250540000000e-02
1.676000000000e+00 -6.245320000000e-03
5.889000000000e-01  2.433740000000e-03
5.640000000000e-02 -4.423810000000e-04
S 11   1
3.170000000000e+04 -1.121620000000e-04
4.755000000000e+03 -8.685120000000e-04
1.082000000000e+03 -4.513300000000e-03
3.064000000000e+02 -1.814360000000e-02
9.953000000000e+01 -5.807990000000e-02
3.542000000000e+01 -1.376530000000e-01
1.330000000000e+01 -1.939080000000e-01
4.392000000000e+00  8.580090000000e-02
1.676000000000e+00  6.044190000000e-01
5.889000000000e-01  4.417190000000e-01
5.640000000000e-02  1.305470000000e-02
S 11   1
3.170000000000e+04  1.701600000000e-05
4.755000000000e+03  1.306930000000e-04
1.082000000000e+03  6.877840000000e-04
3.064000000000e+02  2.723590000000e-03
9.953000000000e+01  8.955290000000e-03
3.542000000000e+01  2.078320000000e-02
1.330000000000e+01  3.193800000000e-02
4.392000000000e+00 -1.913680000000e-02
1.676000000000e+00 -1.025950000000e-01
5.889000000000e-01 -1.989450000000e-01
5.640000000000e-02  6.559520000000e-01
S 1   1
2.307000000000e-02  1.000000000000e+00
S 1   1
7.250000000000e-03  1.000000000000e+00
S 1   1
7.040000000000e-01  1.000000000000e+00
P 7   1
1.381000000000e+02  5.796410000000e-03
3.224000000000e+01  4.157560000000e-02
9.985000000000e+00  1.628730000000e-01
3.484000000000e+00  3.594010000000e-01
1.231000000000e+00  4.499880000000e-01
4.177000000000e-01  2.275070000000e-01
6.513000000000e-02  8.082470000000e-03
P 7   1
1.381000000000e+02 -5.815310000000e-04
3.224000000000e+01 -4.073060000000e-03
9.985000000000e+00 -1.679370000000e-02
3.484000000000e+00 -3.532680000000e-02
1.231000000000e+00 -5.219710000000e-02
4.177000000000e-01 -1.683590000000e-02
6.513000000000e-02  4.346130000000e-01
P 1   1
2.053000000000e-02  1.000000000000e+00
P 1   1
6.330000000000e-03  1.000000000000e+00
P 1   1
7.610000000000e-01  1.000000000000e+00
D 1   1
9.730000000000e-02  1.000000000000e+00
D 1   1
4.680000000000e-02  1.000000000000e+00
D 1   1
2.949000000000e+00  1.000000000000e+00
@END

@ATOMBASIS MG
S 11   1
4.739000000000e+04  3.460230000000e-04
7.108000000000e+03  2.680770000000e-03
1.618000000000e+03  1.383670000000e-02
4.584000000000e+02  5.517670000000e-02
1.493000000000e+02  1.696600000000e-01
5.359000000000e+01  3.647030000000e-01
2.070000000000e+01  4.068560000000e-01
8.384000000000e+00  1.350890000000e-01
2.542000000000e+00  4.908840000000e-03
8.787000000000e-01  2.864600000000e-04
1.077000000000e-01  2.645900000000e-05
S 11   1
4.739000000000e+04 -8.778390000000e-05
7.108000000000e+03 -6.747250000000e-04
1.618000000000e+03 -3.556030000000e-03
4.584000000000e+02 -1.421540000000e-02
1.493000000000e+02 -4.767480000000e-02
5.359000000000e+01 -1.148920000000e-01
2.070000000000e+01 -2.006760000000e-01
8.384000000000e+00 -3.412240000000e-02
2.542000000000e+00  5.704540000000e-01
8.787000000000e-01  5.423090000000e-01
1.077000000000e-01  2.181280000000e-02
S 11   1
4.739000000000e+04  1.696280000000e-05
7.108000000000e+03  1.298650000000e-04
1.618000000000e+03  6.888310000000e-04
4.584000000000e+02  2.735330000000e-03
1.493000000000e+02  9.312240000000e-03
5.359000000000e+01  2.232650000000e-02
2.070000000000e+01  4.111950000000e-02
8.384000000000e+00  5.456420000000e-03
2.542000000000e+00 -1.340120000000e-01
8.787000000000e-01 -2.561760000000e-01
1.077000000000e-01  6.058560000000e-01
S 1   1
3.999000000000e-02  1.000000000000e+00
S 1   1
1.488000000000e-02  1.000000000000e+00
S 1   1
3.422000000000e+00  1.000000000000e+00
P 7   1
1.799000000000e+02  5.381610000000e-03
4.214000000000e+01  3.924180000000e-02
1.313000000000e+01  1.574450000000e-01
4.628000000000e+00  3.585350000000e-01
1.670000000000e+00  4.572260000000e-01
5.857000000000e-01  2.159180000000e-01
1.311000000000e-01  6.649480000000e-03
P 7   1
1.799000000000e+02 -8.659480000000e-04
4.214000000000e+01 -6.159780000000e-03
1.313000000000e+01 -2.615190000000e-02
4.628000000000e+00 -5.706470000000e-02
1.670000000000e+00 -8.739060000000e-02
5.857000000000e-01 -1.229900000000e-02
1.311000000000e-01  5.020850000000e-01
P 1   1
4.112000000000e-02  1.000000000000e+00
P 1   1
9.350000000000e-03  1.000000000000e+00
P 1   1
8.279000000000e+00  1.000000000000e+00
D 1   1
1.870000000000e-01  1.000000000000e+00
D 1   1
5.950000000000e-02  1.000000000000e+00
D 1   1
3.704000000000e+00  1.000000000000e+00
@END

@ATOMBASIS AL
S 11   1
6.415000000000e+04  2.902500000000e-04
9.617000000000e+03  2.250640000000e-03
2.189000000000e+03  1.164590000000e-02
6.205000000000e+02  4.673770000000e-02
2.027000000000e+02  1.462990000000e-01
7.315000000000e+01  3.302830000000e-01
2.855000000000e+01  4.158610000000e-01
1.177000000000e+01  1.892530000000e-01
3.300000000000e+00  1.158890000000e-02
1.173000000000e+00 -1.283850000000e-03
1.752000000000e-01  4.258830000000e-04
S 11   1
6.415000000000e+04 -7.580480000000e-05
9.617000000000e+03 -5.817910000000e-04
2.189000000000e+03 -3.081130000000e-03
6.205000000000e+02 -1.231120000000e-02
2.027000000000e+02 -4.197810000000e-02
7.315000000000e+01 -1.033710000000e-01
2.855000000000e+01 -1.963080000000e-01
1.177000000000e+01 -8.300020000000e-02
3.300000000000e+00  5.410400000000e-01
1.173000000000e+00  5.787960000000e-01
1.752000000000e-01  2.881470000000e-02
S 11   1
6.415000000000e+04  1.750780000000e-05
9.617000000000e+03  1.342080000000e-04
2.189000000000e+03  7.124420000000e-04
6.205000000000e+02  2.843300000000e-03
2.027000000000e+02  9.768420000000e-03
7.315000000000e+01  2.418500000000e-02
2.855000000000e+01  4.749930000000e-02
1.177000000000e+01  2.036210000000e-02
3.300000000000e+00 -1.587880000000e-01
1.173000000000e+00 -3.116940000000e-01
1.752000000000e-01  6.201470000000e-01
S 1   1
6.473000000000e-02  1.000000000000e+00
S 1   1
2.310000000000e-02  1.000000000000e+00
S 1   1
4.030000000000e+00  1.000000000000e+00
P 7   1
2.588000000000e+02  4.068470000000e-03
6.089000000000e+01  3.068150000000e-02
1.914000000000e+01  1.291490000000e-01
6.881000000000e+00  3.208310000000e-01
2.574000000000e+00  4.538150000000e-01
9.572000000000e-01  2.750660000000e-01
2.099000000000e-01  1.908070000000e-02
P 7   1
2.588000000000e+02 -7.480530000000e-04
6.089000000000e+01 -5.457960000000e-03
1.914000000000e+01 -2.453710000000e-02
6.881000000000e+00 -5.821380000000e-02
2.574000000000e+00 -9.837560000000e-02
9.572000000000e-01 -2.600640000000e-02
2.099000000000e-01  4.640200000000e-01
P 1   1
5.986000000000e-02  1.000000000000e+00
P 1   1
1.530000000000e-02  1.000000000000e+00
P 1   1
1.529000000000e+00  1.000000000000e+00
D 1   1
1.890000000000e-01  1.000000000000e+00
D 1   1
5.350000000000e-02  1.000000000000e+00
D 1   1
4.725000000000e+00  1.000000000000e+00
@END

@ATOMBASIS SI
S 11   1
7.886000000000e+04  2.704430000000e-04
1.182000000000e+04  2.097170000000e-03
2.692000000000e+03  1.085060000000e-02
7.634000000000e+02  4.367540000000e-02
2.496000000000e+02  1.376530000000e-01
9.028000000000e+01  3.166440000000e-01
3.529000000000e+01  4.185810000000e-01
1.451000000000e+01  2.102120000000e-01
4.053000000000e+00  1.449520000000e-02
1.482000000000e+00 -2.035900000000e-03
2.517000000000e-01  6.241860000000e-04
S 11   1
7.886000000000e+04 -7.231770000000e-05
1.182000000000e+04 -5.551160000000e-04
2.692000000000e+03 -2.938050000000e-03
7.634000000000e+02 -1.176870000000e-02
2.496000000000e+02 -4.029070000000e-02
9.028000000000e+01 -1.006090000000e-01
3.529000000000e+01 -1.965280000000e-01
1.451000000000e+01 -1.023820000000e-01
4.053000000000e+00  5.271900000000e-01
1.482000000000e+00  5.932510000000e-01
2.517000000000e-01  3.326520000000e-02
S 11   1
7.886000000000e+04  1.851130000000e-05
1.182000000000e+04  1.422360000000e-04
2.692000000000e+03  7.521850000000e-04
7.634000000000e+02  3.022790000000e-03
2.496000000000e+02  1.036770000000e-02
9.028000000000e+01  2.625630000000e-02
3.529000000000e+01  5.239890000000e-02
1.451000000000e+01  2.909590000000e-02
4.053000000000e+00 -1.780030000000e-01
1.482000000000e+00 -3.468740000000e-01
2.517000000000e-01  6.230200000000e-01
S 1   1
9.243000000000e-02  1.000000000000e+00
S 1   1
3.320000000000e-02  1.000000000000e+00
S 1   1
4.959000000000e+00  1.000000000000e+00
P 7   1
3.159000000000e+02  3.926560000000e-03
7.442000000000e+01  2.988110000000e-02
2.348000000000e+01  1.272120000000e-01
8.488000000000e+00  3.209430000000e-01
3.217000000000e+00  4.554290000000e-01
1.229000000000e+00  2.685630000000e-01
2.964000000000e-01  1.883360000000e-02
P 7   1
3.159000000000e+02 -8.583020000000e-04
7.442000000000e+01 -6.303280000000e-03
2.348000000000e+01 -2.882550000000e-02
8.488000000000e+00 -6.945600000000e-02
3.217000000000e+00 -1.194930000000e-01
1.229000000000e+00 -1.995810000000e-02
2.964000000000e-01  5.102680000000e-01
P 1   1
8.768000000000e-02  1.000000000000e+00
P 1   1
2.500000000000e-02  1.000000000000e+00
P 1   1
1.998000000000e+00  1.000000000000e+00
D 1   1
2.750000000000e-01  1.000000000000e+00
D 1   1
8.230000000000e-02  1.000000000000e+00
D 1   1
5.806000000000e+00  1.000000000000e+00
@END

@ATOMBASIS P
S 11   1
9.484000000000e+04  2.555090000000e-04
1.422000000000e+04  1.981930000000e-03
3.236000000000e+03  1.027600000000e-02
9.171000000000e+02  4.148230000000e-02
2.995000000000e+02  1.319840000000e-01
1.081000000000e+02  3.086620000000e-01
4.218000000000e+01  4.206470000000e-01
1.728000000000e+01  2.228780000000e-01
4.858000000000e+00  1.640350000000e-02
1.818000000000e+00 -2.542550000000e-03
3.372000000000e-01  7.480500000000e-04
S 11   1
9.484000000000e+04 -6.969390000000e-05
1.422000000000e+04 -5.352660000000e-04
3.236000000000e+03 -2.837090000000e-03
9.171000000000e+02 -1.139830000000e-02
2.995000000000e+02 -3.929290000000e-02
1.081000000000e+02 -9.963640000000e-02
4.218000000000e+01 -1.979830000000e-01
1.728000000000e+01 -1.148600000000e-01
4.858000000000e+00  5.185950000000e-01
1.818000000000e+00  6.018470000000e-01
3.372000000000e-01  3.686120000000e-02
S 11   1
9.484000000000e+04  1.911990000000e-05
1.422000000000e+04  1.472230000000e-04
3.236000000000e+03  7.779120000000e-04
9.171000000000e+02  3.145460000000e-03
2.995000000000e+02  1.082000000000e-02
1.081000000000e+02  2.799570000000e-02
4.218000000000e+01  5.639780000000e-02
1.728000000000e+01  3.581900000000e-02
4.858000000000e+00 -1.933870000000e-01
1.818000000000e+00 -3.720970000000e-01
3.372000000000e-01  6.242460000000e-01
S 1   1
1.232000000000e-01  1.000000000000e+00
S 1   1
4.170000000000e-02  1.000000000000e+00
S 1   1
5.977000000000e+00  1.000000000000e+00
P 7   1
3.705000000000e+02  3.950050000000e-03
8.733000000000e+01  3.024920000000e-02
2.759000000000e+01  1.295540000000e-01
1.000000000000e+01  3.275940000000e-01
3.825000000000e+00  4.569920000000e-01
1.494000000000e+00  2.530860000000e-01
3.921000000000e-01  1.687980000000e-02
P 7   1
3.705000000000e+02 -9.598320000000e-04
8.733000000000e+01 -7.111770000000e-03
2.759000000000e+01 -3.271220000000e-02
1.000000000000e+01 -7.957840000000e-02
3.825000000000e+00 -1.350160000000e-01
1.494000000000e+00 -9.105850000000e-03
3.921000000000e-01  5.378020000000e-01
P 1   1
1.186000000000e-01  1.000000000000e+00
P 1   1
3.430000000000e-02  1.000000000000e+00
P 1   1
2.524000000000e+00  1.000000000000e+00
D 1   1
3.730000000000e-01  1.000000000000e+00
D 1   1
1.130000000000e-01  1.000000000000e+00
D 1   1
7.020000000000e+00  1.000000000000e+00
@END

@ATOMBASIS S
S 11   1
1.108000000000e+05  2.476350000000e-04
1.661000000000e+04  1.920260000000e-03
3.781000000000e+03  9.961920000000e-03
1.071000000000e+03  4.029750000000e-02
3.498000000000e+02  1.286040000000e-01
1.263000000000e+02  3.034800000000e-01
4.926000000000e+01  4.214320000000e-01
2.016000000000e+01  2.307810000000e-01
5.720000000000e+00  1.789710000000e-02
2.182000000000e+00 -2.975160000000e-03
4.327000000000e-01  8.495220000000e-04
S 11   1
1.108000000000e+05 -6.870390000000e-05
1.661000000000e+04 -5.276810000000e-04
3.781000000000e+03 -2.796710000000e-03
1.071000000000e+03 -1.126510000000e-02
3.498000000000e+02 -3.888340000000e-02
1.263000000000e+02 -9.950250000000e-02
4.926000000000e+01 -1.997400000000e-01
2.016000000000e+01 -1.233600000000e-01
5.720000000000e+00  5.131940000000e-01
2.182000000000e+00  6.071200000000e-01
4.327000000000e-01  3.967530000000e-02
S 11   1
1.108000000000e+05  1.990770000000e-05
1.661000000000e+04  1.534830000000e-04
3.781000000000e+03  8.095030000000e-04
1.071000000000e+03  3.289740000000e-03
3.498000000000e+02  1.129670000000e-02
1.263000000000e+02  2.963850000000e-02
4.926000000000e+01  5.998510000000e-02
2.016000000000e+01  4.132480000000e-02
5.720000000000e+00 -2.074740000000e-01
2.182000000000e+00 -3.928890000000e-01
4.327000000000e-01  6.328400000000e-01
S 1   1
1.570000000000e-01  1.000000000000e+00
S 1   1
5.070000000000e-02  1.000000000000e+00
S 1   1
7.083000000000e+00  1.000000000000e+00
P 7   1
3.997000000000e+02  4.475410000000e-03
9.419000000000e+01  3.417080000000e-02
2.975000000000e+01  1.442500000000e-01
1.077000000000e+01  3.539280000000e-01
4.119000000000e+00  4.590850000000e-01
1.625000000000e+00  2.063830000000e-01
4.726000000000e-01  1.021410000000e-02
P 7   1
3.997000000000e+02 -1.162510000000e-03
9.419000000000e+01 -8.656640000000e-03
2.975000000000e+01 -3.908860000000e-02
1.077000000000e+01 -9.346250000000e-02
4.119000000000e+00 -1.479940000000e-01
1.625000000000e+00  3.019040000000e-02
4.726000000000e-01  5.615730000000e-01
P 1   1
1.407000000000e-01  1.000000000000e+00
P 1   1
3.990000000000e-02  1.000000000000e+00
P 1   1
3.089000000000e+00  1.000000000000e+00
D 1   1
4.790000000000e-01  1.000000000000e+00
D 1   1
1.520000000000e-01  1.000000000000e+00
D 1   1
8.363000000000e+00  1.000000000000e+00
@END

@ATOMBASIS CL
S 11   1
1.279000000000e+05  2.411530000000e-04
1.917000000000e+04  1.870950000000e-03
4.363000000000e+03  9.708270000000e-03
1.236000000000e+03  3.931530000000e-02
4.036000000000e+02  1.259320000000e-01
1.457000000000e+02  2.993410000000e-01
5.681000000000e+01  4.218860000000e-01
2.323000000000e+01  2.372010000000e-01
6.644000000000e+00  1.915310000000e-02
2.575000000000e+00 -3.347920000000e-03
5.371000000000e-01  9.298830000000e-04
S 11   1
1.279000000000e+05 -6.789220000000e-05
1.917000000000e+04 -5.218360000000e-04
4.363000000000e+03 -2.765130000000e-03
1.236000000000e+03 -1.115370000000e-02
4.036000000000e+02 -3.859190000000e-02
1.457000000000e+02 -9.948480000000e-02
5.681000000000e+01 -2.013920000000e-01
2.323000000000e+01 -1.303130000000e-01
6.644000000000e+00  5.094430000000e-01
2.575000000000e+00  6.107250000000e-01
5.371000000000e-01  4.215490000000e-02
S 11   1
1.279000000000e+05  2.049860000000e-05
1.917000000000e+04  1.582980000000e-04
4.363000000000e+03  8.336390000000e-04
1.236000000000e+03  3.398800000000e-03
4.036000000000e+02  1.167380000000e-02
1.457000000000e+02  3.096220000000e-02
5.681000000000e+01  6.295330000000e-02
2.323000000000e+01  4.602570000000e-02
6.644000000000e+00 -2.193120000000e-01
2.575000000000e+00 -4.087730000000e-01
5.371000000000e-01  6.384650000000e-01
S 1   1
1.938000000000e-01  1.000000000000e+00
S 1   1
6.080000000000e-02  1.000000000000e+00
S 1   1
8.273000000000e+00  1.000000000000e+00
P 7   1
4.176000000000e+02  5.259820000000e-03
9.833000000000e+01  3.983320000000e-02
3.104000000000e+01  1.646550000000e-01
1.119000000000e+01  3.873220000000e-01
4.249000000000e+00  4.570720000000e-01
1.624000000000e+00  1.516360000000e-01
5.322000000000e-01  1.816150000000e-03
P 7   1
4.176000000000e+02 -1.435700000000e-03
9.833000000000e+01 -1.077960000000e-02
3.104000000000e+01 -4.700750000000e-02
1.119000000000e+01 -1.110300000000e-01
4.249000000000e+00 -1.532750000000e-01
1.624000000000e+00  8.946090000000e-02
5.322000000000e-01  5.794440000000e-01
P 1   1
1.620000000000e-01  1.000000000000e+00
P 1   1
4.660000000000e-02  1.000000000000e+00
P 1   1
3.697000000000e+00  1.000000000000e+00
D 1   1
6.000000000000e-01  1.000000000000e+00
D 1   1
1.960000000000e-01  1.000000000000e+00
D 1   1
9.844000000000e+00  1.000000000000e+00
@END

@ATOMBASIS AR
S 11   1
1.457000000000e+05  2.367000000000e-04
2.184000000000e+04  1.835230000000e-03
4.972000000000e+03  9.528600000000e-03
1.408000000000e+03  3.862830000000e-02
4.597000000000e+02  1.240810000000e-01
1.659000000000e+02  2.964710000000e-01
6.469000000000e+01  4.220680000000e-01
2.644000000000e+01  2.417110000000e-01
7.628000000000e+00  2.005090000000e-02
2.996000000000e+00 -3.610000000000e-03
6.504000000000e-01  9.756070000000e-04
S 11   1
1.457000000000e+05 -6.749100000000e-05
2.184000000000e+04 -5.185220000000e-04
4.972000000000e+03 -2.748250000000e-03
1.408000000000e+03 -1.110070000000e-02
4.597000000000e+02 -3.848200000000e-02
1.659000000000e+02 -9.975990000000e-02
6.469000000000e+01 -2.030880000000e-01
2.644000000000e+01 -1.356080000000e-01
7.628000000000e+00  5.071950000000e-01
2.996000000000e+00  6.128980000000e-01
6.504000000000e-01  4.429680000000e-02
S 11   1
1.457000000000e+05  2.104570000000e-05
2.184000000000e+04  1.625650000000e-04
4.972000000000e+03  8.554630000000e-04
1.408000000000e+03  3.497450000000e-03
4.597000000000e+02  1.201560000000e-02
1.659000000000e+02  3.213680000000e-02
6.469000000000e+01  6.552790000000e-02
2.644000000000e+01  4.993700000000e-02
7.628000000000e+00 -2.297690000000e-01
2.996000000000e+00 -4.210060000000e-01
6.504000000000e-01  6.423310000000e-01
S 1   1
2.337000000000e-01  1.000000000000e+00
S 1   1
7.090000000000e-02  1.000000000000e+00
S 1   1
9.548000000000e+00  1.000000000000e+00
P 7   1
4.537000000000e+02  5.705550000000e-03
1.068000000000e+02  4.304600000000e-02
3.373000000000e+01  1.765910000000e-01
1.213000000000e+01  4.068630000000e-01
4.594000000000e+00  4.525490000000e-01
1.678000000000e+00  1.228010000000e-01
5.909000000000e-01 -4.459960000000e-03
P 7   1
4.537000000000e+02 -1.606550000000e-03
1.068000000000e+02 -1.217140000000e-02
3.373000000000e+01 -5.207890000000e-02
1.213000000000e+01 -1.237370000000e-01
4.594000000000e+00 -1.516190000000e-01
1.678000000000e+00  1.424250000000e-01
5.909000000000e-01  5.845010000000e-01
P 1   1
1.852000000000e-01  1.000000000000e+00
P 1   1
5.330000000000e-02  1.000000000000e+00
P 1   1
4.361000000000e+00  1.000000000000e+00
D 1   1
7.380000000000e-01  1.000000000000e+00
D 1   1
2.400000000000e-01  1.000000000000e+00
D 1   1
1.145900000000e+01  1.000000000000e+00
@END
3be22eba665534e85acf3c778388e00a