@BASIS_SET AUG-PCX-3

@ATOMBASIS LI
S 1   1
1.301830000000e+04  1.000000000000e+00
S 1   1
1.950140000000e+03  1.000000000000e+00
S 1   1
4.438410000000e+02  1.000000000000e+00
S 1   1
1.257630000000e+02  1.000000000000e+00
S 1   1
4.109360000000e+01  1.000000000000e+00
S 1   1
1.488220000000e+01  1.000000000000e+00
S 1   1
5.807520000000e+00  1.000000000000e+00
S 1   1
2.389060000000e+00  1.000000000000e+00
S 1   1
1.018440000000e+00  1.000000000000e+00
S 1   1
4.440440000000e-01  1.000000000000e+00
S 1   1
1.940490000000e-01  1.000000000000e+00
S 1   1
8.403880000000e-02  1.000000000000e+00
S 1   1
3.792080000000e-02  1.000000000000e+00
S 1   1
1.664030000000e-02  1.000000000000e+00
S 1   1
6.713000000000e-03  1.000000000000e+00
P 1   1
1.540000000000e+01  1.000000000000e+00
P 1   1
3.590000000000e+00  1.000000000000e+00
P 1   1
1.090000000000e+00  1.000000000000e+00
P 1   1
3.500000000000e-01  1.000000000000e+00
P 1   1
1.300000000000e-01  1.000000000000e+00
P 1   1
5.000000000000e-02  1.000000000000e+00
P 1   1
2.014000000000e-02  1.000000000000e+00
D 1   1
4.800000000000e-01  1.000000000000e+00
D 1   1
1.500000000000e-01  1.000000000000e+00
D 1   1
2.685000000000e-02  1.000000000000e+00
F 1   1
3.500000000000e-01  1.000000000000e+00
F 1   1
3.357000000000e-02  1.000000000000e+00
@END

@ATOMBASIS BE
S 1   1
2.667290000000e+04  1.000000000000e+00
S 1   1
3.996330000000e+03  1.000000000000e+00
S 1   1
9.096670000000e+02  1.000000000000e+00
S 1   1
2.577740000000e+02  1.000000000000e+00
S 1   1
8.423430000000e+01  1.000000000000e+00
S 1   1
3.054490000000e+01  1.000000000000e+00
S 1   1
1.202050000000e+01  1.000000000000e+00
S 1   1
5.049540000000e+00  1.000000000000e+00
S 1   1
2.171900000000e+00  1.000000000000e+00
S 1   1
9.340980000000e-01  1.000000000000e+00
S 1   1
3.891820000000e-01  1.000000000000e+00
S 1   1
1.740180000000e-01  1.000000000000e+00
S 1   1
7.602850000000e-02  1.000000000000e+00
S 1   1
3.226460000000e-02  1.000000000000e+00
S 1   1
1.262000000000e-02  1.000000000000e+00
P 1   1
2.780000000000e+01  1.000000000000e+00
P 1   1
6.460000000000e+00  1.000000000000e+00
P 1   1
1.960000000000e+00  1.000000000000e+00
P 1   1
6.300000000000e-01  1.000000000000e+00
P 1   1
2.400000000000e-01  1.000000000000e+00
P 1   1
9.000000000000e-02  1.000000000000e+00
P 1   1
3.780000000000e-02  1.000000000000e+00
D 1   1
8.000000000000e-01  1.000000000000e+00
D 1   1
2.500000000000e-01  1.000000000000e+00
D 1   1
5.040000000000e-02  1.000000000000e+00
F 1   1
5.500000000000e-01  1.000000000000e+00
F 1   1
6.300000000000e-02  1.000000000000e+00
@END

@ATOMBASIS B
S 1   1
5.741480000000e+04  1.000000000000e+00
S 1   1
8.601530000000e+03  1.000000000000e+00
S 1   1
1.957790000000e+03  1.000000000000e+00
S 1   1
5.546110000000e+02  1.000000000000e+00
S 1   1
1.810510000000e+02  1.000000000000e+00
S 1   1
6.549090000000e+01  1.000000000000e+00
S 1   1
2.559940000000e+01  1.000000000000e+00
S 1   1
1.053230000000e+01  1.000000000000e+00
S 1   1
4.446480000000e+00  1.000000000000e+00
S 1   1
1.883200000000e+00  1.000000000000e+00
S 1   1
6.983120000000e-01  1.000000000000e+00
S 1   1
3.431000000000e-01  1.000000000000e+00
S 1   1
1.427600000000e-01  1.000000000000e+00
S 1   1
5.815740000000e-02  1.000000000000e+00
S 1   1
2.191000000000e-02  1.000000000000e+00
P 1   1
9.011120000000e+01  1.000000000000e+00
P 1   1
2.116530000000e+01  1.000000000000e+00
P 1   1
6.561830000000e+00  1.000000000000e+00
P 1   1
2.564650000000e+00  1.000000000000e+00
P 1   1
1.051040000000e+00  1.000000000000e+00
P 1   1
4.519290000000e-01  1.000000000000e+00
P 1   1
1.946820000000e-01  1.000000000000e+00
P 1   1
8.321200000000e-02  1.000000000000e+00
P 1   1
3.329730000000e-02  1.000000000000e+00
P 1   1
1.234000000000e-02  1.000000000000e+00
D 1   1
4.000000000000e+00  1.000000000000e+00
D 1   1
1.050000000000e+00  1.000000000000e+00
D 1   1
4.000000000000e-01  1.000000000000e+00
D 1   1
1.500000000000e-01  1.000000000000e+00
D 1   1
3.701000000000e-02  1.000000000000e+00
F 1   1
1.200000000000e+00  1.000000000000e+00
F 1   1
5.200000000000e-01  1.000000000000e+00
F 1   1
4.935000000000e-02  1.000000000000e+00
G 1   1
1.300000000000e+00  1.000000000000e+00
G 1   1
6.168000000000e-02  1.000000000000e+00
@END

@ATOMBASIS C
S 1   1
8.714120000000e+04  1.000000000000e+00
S 1   1
1.305200000000e+04  1.000000000000e+00
S 1   1
2.970610000000e+03  1.000000000000e+00
S 1   1
8.414600000000e+02  1.000000000000e+00
S 1   1
2.745890000000e+02  1.000000000000e+00
S 1   1
9.921500000000e+01  1.000000000000e+00
S 1   1
3.869400000000e+01  1.000000000000e+00
S 1   1
1.591090000000e+01  1.000000000000e+00
S 1   1
6.766770000000e+00  1.000000000000e+00
S 1   1
2.898370000000e+00  1.000000000000e+00
S 1   1
1.124590000000e+00  1.000000000000e+00
S 1   1
5.144640000000e-01  1.000000000000e+00
S 1   1
2.117600000000e-01  1.000000000000e+00
S 1   1
8.501720000000e-02  1.000000000000e+00
S 1   1
3.160500000000e-02  1.000000000000e+00
P 1   1
1.482400000000e+02  1.000000000000e+00
P 1   1
3.491170000000e+01  1.000000000000e+00
P 1   1
1.089360000000e+01  1.000000000000e+00
P 1   1
4.193360000000e+00  1.000000000000e+00
P 1   1
1.713430000000e+00  1.000000000000e+00
P 1   1
7.356620000000e-01  1.000000000000e+00
P 1   1
3.163740000000e-01  1.000000000000e+00
P 1   1
1.324160000000e-01  1.000000000000e+00
P 1   1
5.190060000000e-02  1.000000000000e+00
P 1   1
1.887300000000e-02  1.000000000000e+00
D 1   1
5.200000000000e+00  1.000000000000e+00
D 1   1
1.350000000000e+00  1.000000000000e+00
D 1   1
5.200000000000e-01  1.000000000000e+00
D 1   1
2.000000000000e-01  1.000000000000e+00
D 1   1
5.661900000000e-02  1.000000000000e+00
F 1   1
1.500000000000e+00  1.000000000000e+00
F 1   1
6.500000000000e-01  1.000000000000e+00
F 1   1
7.549200000000e-02  1.000000000000e+00
G 1   1
1.400000000000e+00  1.000000000000e+00
G 1   1
9.436500000000e-02  1.000000000000e+00
@END

@ATOMBASIS N
S 1   1
1.245460000000e+05  1.000000000000e+00
S 1   1
1.865560000000e+04  1.000000000000e+00
S 1   1
4.245060000000e+03  1.000000000000e+00
S 1   1
1.202100000000e+03  1.000000000000e+00
S 1   1
3.921420000000e+02  1.000000000000e+00
S 1   1
1.415800000000e+02  1.000000000000e+00
S 1   1
5.513590000000e+01  1.000000000000e+00
S 1   1
2.264320000000e+01  1.000000000000e+00
S 1   1
9.656550000000e+00  1.000000000000e+00
S 1   1
4.168540000000e+00  1.000000000000e+00
S 1   1
1.667800000000e+00  1.000000000000e+00
S 1   1
7.457360000000e-01  1.000000000000e+00
S 1   1
3.051570000000e-01  1.000000000000e+00
S 1   1
1.208880000000e-01  1.000000000000e+00
S 1   1
4.444400000000e-02  1.000000000000e+00
P 1   1
2.182870000000e+02  1.000000000000e+00
P 1   1
5.148840000000e+01  1.000000000000e+00
P 1   1
1.613030000000e+01  1.000000000000e+00
P 1   1
6.130740000000e+00  1.000000000000e+00
P 1   1
2.505230000000e+00  1.000000000000e+00
P 1   1
1.072980000000e+00  1.000000000000e+00
P 1   1
4.583810000000e-01  1.000000000000e+00
P 1   1
1.894810000000e-01  1.000000000000e+00
P 1   1
7.335890000000e-02  1.000000000000e+00
P 1   1
2.638800000000e-02  1.000000000000e+00
D 1   1
6.000000000000e+00  1.000000000000e+00
D 1   1
1.650000000000e+00  1.000000000000e+00
D 1   1
6.500000000000e-01  1.000000000000e+00
D 1   1
2.500000000000e-01  1.000000000000e+00
D 1   1
7.916400000000e-02  1.000000000000e+00
F 1   1
1.800000000000e+00  1.000000000000e+00
F 1   1
7.700000000000e-01  1.000000000000e+00
F 1   1
1.055500000000e-01  1.000000000000e+00
G 1   1
1.500000000000e+00  1.000000000000e+00
G 1   1
1.319400000000e-01  1.000000000000e+00
@END

@ATOMBASIS O
S 1   1
1.640300000000e+05  1.000000000000e+00
S 1   1
2.456740000000e+04  1.000000000000e+00
S 1   1
5.591050000000e+03  1.000000000000e+00
S 1   1
1.583620000000e+03  1.000000000000e+00
S 1   1
5.166700000000e+02  1.000000000000e+00
S 1   1
1.865550000000e+02  1.000000000000e+00
S 1   1
7.269600000000e+01  1.000000000000e+00
S 1   1
2.999240000000e+01  1.000000000000e+00
S 1   1
1.289920000000e+01  1.000000000000e+00
S 1   1
5.613550000000e+00  1.000000000000e+00
S 1   1
2.298640000000e+00  1.000000000000e+00
S 1   1
9.997970000000e-01  1.000000000000e+00
S 1   1
4.074610000000e-01  1.000000000000e+00
S 1   1
1.592250000000e-01  1.000000000000e+00
S 1   1
5.769000000000e-02  1.000000000000e+00
P 1   1
2.720180000000e+02  1.000000000000e+00
P 1   1
6.424250000000e+01  1.000000000000e+00
P 1   1
2.024940000000e+01  1.000000000000e+00
P 1   1
7.643840000000e+00  1.000000000000e+00
P 1   1
3.123200000000e+00  1.000000000000e+00
P 1   1
1.325100000000e+00  1.000000000000e+00
P 1   1
5.555080000000e-01  1.000000000000e+00
P 1   1
2.222860000000e-01  1.000000000000e+00
P 1   1
8.400970000000e-02  1.000000000000e+00
P 1   1
2.947700000000e-02  1.000000000000e+00
D 1   1
7.000000000000e+00  1.000000000000e+00
D 1   1
2.000000000000e+00  1.000000000000e+00
D 1   1
8.000000000000e-01  1.000000000000e+00
D 1   1
3.000000000000e-01  1.000000000000e+00
D 1   1
8.843100000000e-02  1.000000000000e+00
F 1   1
2.100000000000e+00  1.000000000000e+00
F 1   1
9.000000000000e-01  1.000000000000e+00
F 1   1
1.179100000000e-01  1.000000000000e+00
G 1   1
1.600000000000e+00  1.000000000000e+00
G 1   1
1.473900000000e-01  1.000000000000e+00
@END

@ATOMBASIS F
S 1   1
2.156590000000e+05  1.000000000000e+00
S 1   1
3.229910000000e+04  1.000000000000e+00
S 1   1
7.350440000000e+03  1.000000000000e+00
S 1   1
2.081820000000e+03  1.000000000000e+00
S 1   1
6.790870000000e+02  1.000000000000e+00
S 1   1
2.451000000000e+02  1.000000000000e+00
S 1   1
9.546150000000e+01  1.000000000000e+00
S 1   1
3.942240000000e+01  1.000000000000e+00
S 1   1
1.701820000000e+01  1.000000000000e+00
S 1   1
7.452460000000e+00  1.000000000000e+00
S 1   1
3.132900000000e+00  1.000000000000e+00
S 1   1
1.339460000000e+00  1.000000000000e+00
S 1   1
5.421830000000e-01  1.000000000000e+00
S 1   1
2.090370000000e-01  1.000000000000e+00
S 1   1
7.492400000000e-02  1.000000000000e+00
P 1   1
3.512160000000e+02  1.000000000000e+00
P 1   1
8.297780000000e+01  1.000000000000e+00
P 1   1
2.626710000000e+01  1.000000000000e+00
P 1   1
9.930650000000e+00  1.000000000000e+00
P 1   1
4.067000000000e+00  1.000000000000e+00
P 1   1
1.724620000000e+00  1.000000000000e+00
P 1   1
7.197600000000e-01  1.000000000000e+00
P 1   1
2.862440000000e-01  1.000000000000e+00
P 1   1
1.078900000000e-01  1.000000000000e+00
P 1   1
3.785600000000e-02  1.000000000000e+00
D 1   1
8.400000000000e+00  1.000000000000e+00
D 1   1
2.600000000000e+00  1.000000000000e+00
D 1   1
1.000000000000e+00  1.000000000000e+00
D 1   1
3.500000000000e-01  1.000000000000e+00
D 1   1
1.135700000000e-01  1.000000000000e+00
F 1   1
2.600000000000e+00  1.000000000000e+00
F 1   1
1.050000000000e+00  1.000000000000e+00
F 1   1
1.514200000000e-01  1.000000000000e+00
G 1   1
1.700000000000e+00  1.000000000000e+00
G 1   1
1.892800000000e-01  1.000000000000e+00
@END

@ATOMBASIS NE
S 1   1
2.706640000000e+05  1.000000000000e+00
S 1   1
4.054140000000e+04  1.000000000000e+00
S 1   1
9.226530000000e+03  1.000000000000e+00
S 1   1
2.613170000000e+03  1.000000000000e+00
S 1   1
8.523880000000e+02  1.000000000000e+00
S 1   1
3.076070000000e+02  1.000000000000e+00
S 1   1
1.197580000000e+02  1.000000000000e+00
S 1   1
4.943690000000e+01  1.000000000000e+00
S 1   1
2.136850000000e+01  1.000000000000e+00
S 1   1
9.392060000000e+00  1.000000000000e+00
S 1   1
3.983220000000e+00  1.000000000000e+00
S 1   1
1.688670000000e+00  1.000000000000e+00
S 1   1
6.803050000000e-01  1.000000000000e+00
S 1   1
2.602410000000e-01  1.000000000000e+00
S 1   1
9.248000000000e-02  1.000000000000e+00
P 1   1
4.434520000000e+02  1.000000000000e+00
P 1   1
1.048160000000e+02  1.000000000000e+00
P 1   1
3.325500000000e+01  1.000000000000e+00
P 1   1
1.254790000000e+01  1.000000000000e+00
P 1   1
5.142110000000e+00  1.000000000000e+00
P 1   1
2.178290000000e+00  1.000000000000e+00
P 1   1
9.064450000000e-01  1.000000000000e+00
P 1   1
3.599440000000e-01  1.000000000000e+00
P 1   1
1.351480000000e-01  1.000000000000e+00
P 1   1
4.721000000000e-02  1.000000000000e+00
D 1   1
1.000000000000e+01  1.000000000000e+00
D 1   1
3.000000000000e+00  1.000000000000e+00
D 1   1
1.150000000000e+00  1.000000000000e+00
D 1   1
4.000000000000e-01  1.000000000000e+00
D 1   1
1.416000000000e-01  1.000000000000e+00
F 1   1
2.800000000000e+00  1.000000000000e+00
F 1   1
1.150000000000e+00  1.000000000000e+00
F 1   1
1.888000000000e-01  1.000000000000e+00
G 1   1
1.800000000000e+00  1.000000000000e+00
G 1   1
2.360000000000e-01  1.000000000000e+00
@END

@ATOMBASIS NA
S 1   1
4.218410000000e+05  1.000000000000e+00
S 1   1
6.318840000000e+04  1.000000000000e+00
S 1   1
1.438130000000e+04  1.000000000000e+00
S 1   1
4.073690000000e+03  1.000000000000e+00
S 1   1
1.329120000000e+03  1.000000000000e+00
S 1   1
4.799860000000e+02  1.000000000000e+00
S 1   1
1.873640000000e+02  1.000000000000e+00
S 1   1
7.776980000000e+01  1.000000000000e+00
S 1   1
3.379860000000e+01  1.000000000000e+00
S 1   1
1.512690000000e+01  1.000000000000e+00
S 1   1
6.931970000000e+00  1.000000000000e+00
S 1   1
2.765050000000e+00  1.000000000000e+00
S 1   1
1.139730000000e+00  1.000000000000e+00
S 1   1
4.521300000000e-01  1.000000000000e+00
S 1   1
8.260280000000e-02  1.000000000000e+00
S 1   1
4.151000000000e-02  1.000000000000e+00
S 1   1
1.861760000000e-02  1.000000000000e+00
S 1   1
7.658000000000e-03  1.000000000000e+00
P 1   1
1.156840000000e+03  1.000000000000e+00
P 1   1
2.744230000000e+02  1.000000000000e+00
P 1   1
8.913930000000e+01  1.000000000000e+00
P 1   1
3.325870000000e+01  1.000000000000e+00
P 1   1
1.355740000000e+01  1.000000000000e+00
P 1   1
5.962440000000e+00  1.000000000000e+00
P 1   1
2.682430000000e+00  1.000000000000e+00
P 1   1
1.197110000000e+00  1.000000000000e+00
P 1   1
5.178890000000e-01  1.000000000000e+00
P 1   1
2.133120000000e-01  1.000000000000e+00
P 1   1
1.000000000000e-01  1.000000000000e+00
P 1   1
3.700000000000e-02  1.000000000000e+00
P 1   1
1.233000000000e-02  1.000000000000e+00
D 1   1
9.100000000000e-01  1.000000000000e+00
D 1   1
1.900000000000e-01  1.000000000000e+00
D 1   1
3.063000000000e-02  1.000000000000e+00
F 1   1
2.700000000000e-01  1.000000000000e+00
F 1   1
3.829000000000e-02  1.000000000000e+00
@END

@ATOMBASIS MG
S 1   1
5.647940000000e+05  1.000000000000e+00
S 1   1
8.458860000000e+04  1.000000000000e+00
S 1   1
1.925090000000e+04  1.000000000000e+00
S 1   1
5.452800000000e+03  1.000000000000e+00
S 1   1
1.779090000000e+03  1.000000000000e+00
S 1   1
6.425760000000e+02  1.000000000000e+00
S 1   1
2.509200000000e+02  1.000000000000e+00
S 1   1
1.041910000000e+02  1.000000000000e+00
S 1   1
4.527530000000e+01  1.000000000000e+00
S 1   1
2.031780000000e+01  1.000000000000e+00
S 1   1
9.331930000000e+00  1.000000000000e+00
S 1   1
3.697760000000e+00  1.000000000000e+00
S 1   1
1.572460000000e+00  1.000000000000e+00
S 1   1
6.494930000000e-01  1.000000000000e+00
S 1   1
1.590140000000e-01  1.000000000000e+00
S 1   1
7.166540000000e-02  1.000000000000e+00
S 1   1
2.994180000000e-02  1.000000000000e+00
S 1   1
1.155000000000e-02  1.000000000000e+00
P 1   1
1.516880000000e+03  1.000000000000e+00
P 1   1
3.597860000000e+02  1.000000000000e+00
P 1   1
1.167610000000e+02  1.000000000000e+00
P 1   1
4.357980000000e+01  1.000000000000e+00
P 1   1
1.792610000000e+01  1.000000000000e+00
P 1   1
7.935640000000e+00  1.000000000000e+00
P 1   1
3.603780000000e+00  1.000000000000e+00
P 1   1
1.644130000000e+00  1.000000000000e+00
P 1   1
7.411240000000e-01  1.000000000000e+00
P 1   1
3.166600000000e-01  1.000000000000e+00
P 1   1
1.490000000000e-01  1.000000000000e+00
P 1   1
5.500000000000e-02  1.000000000000e+00
P 1   1
1.833000000000e-02  1.000000000000e+00
D 1   1
1.200000000000e+00  1.000000000000e+00
D 1   1
2.500000000000e-01  1.000000000000e+00
D 1   1
4.619000000000e-02  1.000000000000e+00
F 1   1
3.300000000000e-01  1.000000000000e+00
F 1   1
5.774500000000e-02  1.000000000000e+00
@END

@ATOMBASIS AL
S 1   1
7.214950000000e+05  1.000000000000e+00
S 1   1
1.080900000000e+05  1.000000000000e+00
S 1   1
2.460530000000e+04  1.000000000000e+00
S 1   1
6.971360000000e+03  1.000000000000e+00
S 1   1
2.274880000000e+03  1.000000000000e+00
S 1   1
8.215950000000e+02  1.000000000000e+00
S 1   1
3.207750000000e+02  1.000000000000e+00
S 1   1
1.331500000000e+02  1.000000000000e+00
S 1   1
5.781650000000e+01  1.000000000000e+00
S 1   1
2.595360000000e+01  1.000000000000e+00
S 1   1
1.189930000000e+01  1.000000000000e+00
S 1   1
4.749850000000e+00  1.000000000000e+00
S 1   1
2.068800000000e+00  1.000000000000e+00
S 1   1
8.777910000000e-01  1.000000000000e+00
S 1   1
2.495080000000e-01  1.000000000000e+00
S 1   1
1.146180000000e-01  1.000000000000e+00
S 1   1
4.819270000000e-02  1.000000000000e+00
S 1   1
1.869000000000e-02  1.000000000000e+00
P 1   1
2.019740000000e+03  1.000000000000e+00
P 1   1
4.786330000000e+02  1.000000000000e+00
P 1   1
1.550190000000e+02  1.000000000000e+00
P 1   1
5.790420000000e+01  1.000000000000e+00
P 1   1
2.414000000000e+01  1.000000000000e+00
P 1   1
1.078940000000e+01  1.000000000000e+00
P 1   1
4.972980000000e+00  1.000000000000e+00
P 1   1
2.316070000000e+00  1.000000000000e+00
P 1   1
1.079060000000e+00  1.000000000000e+00
P 1   1
4.915900000000e-01  1.000000000000e+00
P 1   1
2.048240000000e-01  1.000000000000e+00
P 1   1
7.925610000000e-02  1.000000000000e+00
P 1   1
2.892760000000e-02  1.000000000000e+00
P 1   1
9.839000000000e-03  1.000000000000e+00
D 1   1
5.600000000000e+00  1.000000000000e+00
D 1   1
1.470000000000e+00  1.000000000000e+00
D 1   1
4.400000000000e-01  1.000000000000e+00
D 1   1
1.600000000000e-01  1.000000000000e+00
D 1   1
2.952000000000e-02  1.000000000000e+00
F 1   1
9.600000000000e-01  1.000000000000e+00
F 1   1
3.200000000000e-01  1.000000000000e+00
F 1   1
3.936000000000e-02  1.000000000000e+00
G 1   1
5.800000000000e-01  1.000000000000e+00
G 1   1
4.920000000000e-02  1.000000000000e+00
@END

@ATOMBASIS SI
S 1   1
8.774450000000e+05  1.000000000000e+00
S 1   1
1.314480000000e+05  1.000000000000e+00
S 1   1
2.992890000000e+04  1.000000000000e+00
S 1   1
8.480160000000e+03  1.000000000000e+00
S 1   1
2.767230000000e+03  1.000000000000e+00
S 1   1
9.993960000000e+02  1.000000000000e+00
S 1   1
3.901440000000e+02  1.000000000000e+00
S 1   1
1.619100000000e+02  1.000000000000e+00
S 1   1
7.030420000000e+01  1.000000000000e+00
S 1   1
3.157870000000e+01  1.000000000000e+00
S 1   1
1.448040000000e+01  1.000000000000e+00
S 1   1
5.838280000000e+00  1.000000000000e+00
S 1   1
2.594650000000e+00  1.000000000000e+00
S 1   1
1.124980000000e+00  1.000000000000e+00
S 1   1
3.535620000000e-01  1.000000000000e+00
S 1   1
1.616000000000e-01  1.000000000000e+00
S 1   1
6.726110000000e-02  1.000000000000e+00
S 1   1
2.610500000000e-02  1.000000000000e+00
P 1   1
2.303120000000e+03  1.000000000000e+00
P 1   1
5.458450000000e+02  1.000000000000e+00
P 1   1
1.770540000000e+02  1.000000000000e+00
P 1   1
6.637750000000e+01  1.000000000000e+00
P 1   1
2.760110000000e+01  1.000000000000e+00
P 1   1
1.234300000000e+01  1.000000000000e+00
P 1   1
5.689390000000e+00  1.000000000000e+00
P 1   1
2.640600000000e+00  1.000000000000e+00
P 1   1
1.209440000000e+00  1.000000000000e+00
P 1   1
5.201260000000e-01  1.000000000000e+00
P 1   1
2.325580000000e-01  1.000000000000e+00
P 1   1
9.814110000000e-02  1.000000000000e+00
P 1   1
3.836030000000e-02  1.000000000000e+00
P 1   1
1.456000000000e-02  1.000000000000e+00
D 1   1
6.660000000000e+00  1.000000000000e+00
D 1   1
1.750000000000e+00  1.000000000000e+00
D 1   1
5.200000000000e-01  1.000000000000e+00
D 1   1
1.900000000000e-01  1.000000000000e+00
D 1   1
4.368000000000e-02  1.000000000000e+00
F 1   1
1.150000000000e+00  1.000000000000e+00
F 1   1
3.800000000000e-01  1.000000000000e+00
F 1   1
5.824000000000e-02  1.000000000000e+00
G 1   1
6.500000000000e-01  1.000000000000e+00
G 1   1
7.280000000000e-02  1.000000000000e+00
@END

@ATOMBASIS P
S 1   1
1.063690000000e+06  1.000000000000e+00
S 1   1
1.600010000000e+05  1.000000000000e+00
S 1   1
3.651330000000e+04  1.000000000000e+00
S 1   1
1.035920000000e+04  1.000000000000e+00
S 1   1
3.382830000000e+03  1.000000000000e+00
S 1   1
1.222290000000e+03  1.000000000000e+00
S 1   1
4.773050000000e+02  1.000000000000e+00
S 1   1
1.980870000000e+02  1.000000000000e+00
S 1   1
8.599400000000e+01  1.000000000000e+00
S 1   1
3.862720000000e+01  1.000000000000e+00
S 1   1
1.768800000000e+01  1.000000000000e+00
S 1   1
7.255130000000e+00  1.000000000000e+00
S 1   1
3.269890000000e+00  1.000000000000e+00
S 1   1
1.431270000000e+00  1.000000000000e+00
S 1   1
4.704670000000e-01  1.000000000000e+00
S 1   1
2.128950000000e-01  1.000000000000e+00
S 1   1
8.774240000000e-02  1.000000000000e+00
S 1   1
3.340800000000e-02  1.000000000000e+00
P 1   1
2.762180000000e+03  1.000000000000e+00
P 1   1
6.547840000000e+02  1.000000000000e+00
P 1   1
2.125810000000e+02  1.000000000000e+00
P 1   1
7.989460000000e+01  1.000000000000e+00
P 1   1
3.336600000000e+01  1.000000000000e+00
P 1   1
1.498650000000e+01  1.000000000000e+00
P 1   1
6.968040000000e+00  1.000000000000e+00
P 1   1
3.281780000000e+00  1.000000000000e+00
P 1   1
1.524710000000e+00  1.000000000000e+00
P 1   1
6.692370000000e-01  1.000000000000e+00
P 1   1
2.992910000000e-01  1.000000000000e+00
P 1   1
1.281100000000e-01  1.000000000000e+00
P 1   1
5.099170000000e-02  1.000000000000e+00
P 1   1
1.880000000000e-02  1.000000000000e+00
D 1   1
7.710000000000e+00  1.000000000000e+00
D 1   1
2.030000000000e+00  1.000000000000e+00
D 1   1
6.000000000000e-01  1.000000000000e+00
D 1   1
2.200000000000e-01  1.000000000000e+00
D 1   1
5.639900000000e-02  1.000000000000e+00
F 1   1
1.340000000000e+00  1.000000000000e+00
F 1   1
4.500000000000e-01  1.000000000000e+00
F 1   1
7.519900000000e-02  1.000000000000e+00
G 1   1
7.200000000000e-01  1.000000000000e+00
G 1   1
9.399900000000e-02  1.000000000000e+00
@END

@ATOMBASIS S
S 1   1
1.250440000000e+06  1.000000000000e+00
S 1   1
1.880770000000e+05  1.000000000000e+00
S 1   1
4.291810000000e+04  1.000000000000e+00
S 1   1
1.217900000000e+04  1.000000000000e+00
S 1   1
3.978740000000e+03  1.000000000000e+00
S 1   1
1.438140000000e+03  1.000000000000e+00
S 1   1
5.616720000000e+02  1.000000000000e+00
S 1   1
2.331130000000e+02  1.000000000000e+00
S 1   1
1.012180000000e+02  1.000000000000e+00
S 1   1
4.549260000000e+01  1.000000000000e+00
S 1   1
2.084670000000e+01  1.000000000000e+00
S 1   1
8.649160000000e+00  1.000000000000e+00
S 1   1
3.945580000000e+00  1.000000000000e+00
S 1   1
1.747180000000e+00  1.000000000000e+00
S 1   1
5.995270000000e-01  1.000000000000e+00
S 1   1
2.712720000000e-01  1.000000000000e+00
S 1   1
1.107990000000e-01  1.000000000000e+00
S 1   1
4.183700000000e-02  1.000000000000e+00
P 1   1
3.285800000000e+03  1.000000000000e+00
P 1   1
7.789280000000e+02  1.000000000000e+00
P 1   1
2.527590000000e+02  1.000000000000e+00
P 1   1
9.509960000000e+01  1.000000000000e+00
P 1   1
3.982050000000e+01  1.000000000000e+00
P 1   1
1.792530000000e+01  1.000000000000e+00
P 1   1
8.369910000000e+00  1.000000000000e+00
P 1   1
3.965470000000e+00  1.000000000000e+00
P 1   1
1.853950000000e+00  1.000000000000e+00
P 1   1
8.197090000000e-01  1.000000000000e+00
P 1   1
3.611680000000e-01  1.000000000000e+00
P 1   1
1.509740000000e-01  1.000000000000e+00
P 1   1
5.961960000000e-02  1.000000000000e+00
P 1   1
2.182000000000e-02  1.000000000000e+00
D 1   1
8.760000000000e+00  1.000000000000e+00
D 1   1
2.300000000000e+00  1.000000000000e+00
D 1   1
6.800000000000e-01  1.000000000000e+00
D 1   1
2.500000000000e-01  1.000000000000e+00
D 1   1
6.546100000000e-02  1.000000000000e+00
F 1   1
1.530000000000e+00  1.000000000000e+00
F 1   1
5.100000000000e-01  1.000000000000e+00
F 1   1
8.728200000000e-02  1.000000000000e+00
G 1   1
7.900000000000e-01  1.000000000000e+00
G 1   1
1.091000000000e-01  1.000000000000e+00
@END

@ATOMBASIS CL
S 1   1
1.461090000000e+06  1.000000000000e+00
S 1   1
2.195930000000e+05  1.000000000000e+00
S 1   1
5.008490000000e+04  1.000000000000e+00
S 1   1
1.420580000000e+04  1.000000000000e+00
S 1   1
4.638950000000e+03  1.000000000000e+00
S 1   1
1.676350000000e+03  1.000000000000e+00
S 1   1
6.545150000000e+02  1.000000000000e+00
S 1   1
2.715260000000e+02  1.000000000000e+00
S 1   1
1.178670000000e+02  1.000000000000e+00
S 1   1
5.298380000000e+01  1.000000000000e+00
S 1   1
2.429160000000e+01  1.000000000000e+00
S 1   1
1.018410000000e+01  1.000000000000e+00
S 1   1
4.692840000000e+00  1.000000000000e+00
S 1   1
2.097360000000e+00  1.000000000000e+00
S 1   1
7.486740000000e-01  1.000000000000e+00
S 1   1
3.361350000000e-01  1.000000000000e+00
S 1   1
1.357290000000e-01  1.000000000000e+00
S 1   1
5.071100000000e-02  1.000000000000e+00
P 1   1
3.845680000000e+03  1.000000000000e+00
P 1   1
9.112260000000e+02  1.000000000000e+00
P 1   1
2.956410000000e+02  1.000000000000e+00
P 1   1
1.114030000000e+02  1.000000000000e+00
P 1   1
4.676740000000e+01  1.000000000000e+00
P 1   1
2.110610000000e+01  1.000000000000e+00
P 1   1
9.905770000000e+00  1.000000000000e+00
P 1   1
4.734680000000e+00  1.000000000000e+00
P 1   1
2.236430000000e+00  1.000000000000e+00
P 1   1
1.007110000000e+00  1.000000000000e+00
P 1   1
4.436890000000e-01  1.000000000000e+00
P 1   1
1.848800000000e-01  1.000000000000e+00
P 1   1
7.326790000000e-02  1.000000000000e+00
P 1   1
2.690400000000e-02  1.000000000000e+00
D 1   1
9.810000000000e+00  1.000000000000e+00
D 1   1
2.580000000000e+00  1.000000000000e+00
D 1   1
7.600000000000e-01  1.000000000000e+00
D 1   1
2.800000000000e-01  1.000000000000e+00
D 1   1
8.071100000000e-02  1.000000000000e+00
F 1   1
1.720000000000e+00  1.000000000000e+00
F 1   1
5.700000000000e-01  1.000000000000e+00
F 1   1
1.076100000000e-01  1.000000000000e+00
G 1   1
8.600000000000e-01  1.000000000000e+00
G 1   1
1.345200000000e-01  1.000000000000e+00
@END

@ATOMBASIS AR
S 1   1
1.702160000000e+06  1.000000000000e+00
S 1   1
2.549090000000e+05  1.000000000000e+00
S 1   1
5.801150000000e+04  1.000000000000e+00
S 1   1
1.643130000000e+04  1.000000000000e+00
S 1   1
5.360500000000e+03  1.000000000000e+00
S 1   1
1.935400000000e+03  1.000000000000e+00
S 1   1
7.550860000000e+02  1.000000000000e+00
S 1   1
3.130820000000e+02  1.000000000000e+00
S 1   1
1.358830000000e+02  1.000000000000e+00
S 1   1
6.109190000000e+01  1.000000000000e+00
S 1   1
2.802360000000e+01  1.000000000000e+00
S 1   1
1.185960000000e+01  1.000000000000e+00
S 1   1
5.511660000000e+00  1.000000000000e+00
S 1   1
2.482170000000e+00  1.000000000000e+00
S 1   1
9.176080000000e-01  1.000000000000e+00
S 1   1
4.070310000000e-01  1.000000000000e+00
S 1   1
1.623840000000e-01  1.000000000000e+00
S 1   1
5.999000000000e-02  1.000000000000e+00
P 1   1
4.415470000000e+03  1.000000000000e+00
P 1   1
1.046300000000e+03  1.000000000000e+00
P 1   1
3.395360000000e+02  1.000000000000e+00
P 1   1
1.281030000000e+02  1.000000000000e+00
P 1   1
5.382300000000e+01  1.000000000000e+00
P 1   1
2.430680000000e+01  1.000000000000e+00
P 1   1
1.144020000000e+01  1.000000000000e+00
P 1   1
5.513200000000e+00  1.000000000000e+00
P 1   1
2.633060000000e+00  1.000000000000e+00
P 1   1
1.210910000000e+00  1.000000000000e+00
P 1   1
5.341140000000e-01  1.000000000000e+00
P 1   1
2.231410000000e-01  1.000000000000e+00
P 1   1
8.879200000000e-02  1.000000000000e+00
P 1   1
3.273000000000e-02  1.000000000000e+00
D 1   1
1.086000000000e+01  1.000000000000e+00
D 1   1
2.860000000000e+00  1.000000000000e+00
D 1   1
8.400000000000e-01  1.000000000000e+00
D 1   1
3.100000000000e-01  1.000000000000e+00
D 1   1
9.819000000000e-02  1.000000000000e+00
F 1   1
1.910000000000e+00  1.000000000000e+00
F 1   1
6.300000000000e-01  1.000000000000e+00
F 1   1
1.309000000000e-01  1.000000000000e+00
G 1   1
9.300000000000e-01  1.000000000000e+00
G 1   1
1.636000000000e-01  1.000000000000e+00
@END
973c7f103bf8da603c3284d264d723e8