@BASIS_SET AUG-PCX-1

@ATOMBASIS LI
S 1   1
3.703820000000e+02  1.000000000000e+00
S 1   1
5.581010000000e+01  1.000000000000e+00
S 1   1
1.266450000000e+01  1.000000000000e+00
S 1   1
3.435150000000e+00  1.000000000000e+00
S 1   1
9.902930000000e-01  1.000000000000e+00
S 1   1
1.263550000000e-01  1.000000000000e+00
S 1   1
4.340820000000e-02  1.000000000000e+00
S 1   1
1.394970000000e-02  1.000000000000e+00
P 1   1
2.353810000000e+00  1.000000000000e+00
P 1   1
4.664760000000e-01  1.000000000000e+00
P 1   1
1.307670000000e-01  1.000000000000e+00
P 1   1
4.184910000000e-02  1.000000000000e+00
@END

@ATOMBASIS BE
S 1   1
6.592110000000e+02  1.000000000000e+00
S 1   1
9.927690000000e+01  1.000000000000e+00
S 1   1
2.254440000000e+01  1.000000000000e+00
S 1   1
6.174630000000e+00  1.000000000000e+00
S 1   1
1.824630000000e+00  1.000000000000e+00
S 1   1
2.571240000000e-01  1.000000000000e+00
S 1   1
8.047620000000e-02  1.000000000000e+00
S 1   1
2.370390000000e-02  1.000000000000e+00
P 1   1
4.458670000000e+00  1.000000000000e+00
P 1   1
9.034170000000e-01  1.000000000000e+00
P 1   1
2.492050000000e-01  1.000000000000e+00
P 1   1
6.902450000000e-02  1.000000000000e+00
@END

@ATOMBASIS B
S 1   1
1.028200000000e+03  1.000000000000e+00
S 1   1
1.547980000000e+02  1.000000000000e+00
S 1   1
3.516300000000e+01  1.000000000000e+00
S 1   1
9.680620000000e+00  1.000000000000e+00
S 1   1
2.899500000000e+00  1.000000000000e+00
S 1   1
4.337190000000e-01  1.000000000000e+00
S 1   1
1.304400000000e-01  1.000000000000e+00
S 1   1
3.700010000000e-02  1.000000000000e+00
P 1   1
7.290000000000e+00  1.000000000000e+00
P 1   1
1.521930000000e+00  1.000000000000e+00
P 1   1
4.143360000000e-01  1.000000000000e+00
P 1   1
1.083470000000e-01  1.000000000000e+00
P 1   1
2.692570000000e-02  1.000000000000e+00
D 1   1
7.483310000000e-01  1.000000000000e+00
D 1   1
8.076930000000e-02  1.000000000000e+00
@END

@ATOMBASIS C
S 1   1
1.477260000000e+03  1.000000000000e+00
S 1   1
2.223610000000e+02  1.000000000000e+00
S 1   1
5.052290000000e+01  1.000000000000e+00
S 1   1
1.395940000000e+01  1.000000000000e+00
S 1   1
4.214750000000e+00  1.000000000000e+00
S 1   1
6.533450000000e-01  1.000000000000e+00
S 1   1
1.915010000000e-01  1.000000000000e+00
S 1   1
5.304920000000e-02  1.000000000000e+00
P 1   1
1.095710000000e+01  1.000000000000e+00
P 1   1
2.329040000000e+00  1.000000000000e+00
P 1   1
6.332570000000e-01  1.000000000000e+00
P 1   1
1.631500000000e-01  1.000000000000e+00
P 1   1
3.998800000000e-02  1.000000000000e+00
D 1   1
8.485280000000e-01  1.000000000000e+00
D 1   1
1.199610000000e-01  1.000000000000e+00
@END

@ATOMBASIS N
S 1   1
2.004670000000e+03  1.000000000000e+00
S 1   1
3.017070000000e+02  1.000000000000e+00
S 1   1
6.856110000000e+01  1.000000000000e+00
S 1   1
1.899250000000e+01  1.000000000000e+00
S 1   1
5.769410000000e+00  1.000000000000e+00
S 1   1
9.161750000000e-01  1.000000000000e+00
S 1   1
2.647830000000e-01  1.000000000000e+00
S 1   1
7.234640000000e-02  1.000000000000e+00
P 1   1
1.495070000000e+01  1.000000000000e+00
P 1   1
3.217840000000e+00  1.000000000000e+00
P 1   1
8.704400000000e-01  1.000000000000e+00
P 1   1
2.188520000000e-01  1.000000000000e+00
P 1   1
5.242790000000e-02  1.000000000000e+00
D 1   1
9.486830000000e-01  1.000000000000e+00
D 1   1
1.572840000000e-01  1.000000000000e+00
@END

@ATOMBASIS O
S 1   1
2.610670000000e+03  1.000000000000e+00
S 1   1
3.928720000000e+02  1.000000000000e+00
S 1   1
8.928380000000e+01  1.000000000000e+00
S 1   1
2.477950000000e+01  1.000000000000e+00
S 1   1
7.563490000000e+00  1.000000000000e+00
S 1   1
1.221560000000e+00  1.000000000000e+00
S 1   1
3.502960000000e-01  1.000000000000e+00
S 1   1
9.492930000000e-02  1.000000000000e+00
P 1   1
1.930020000000e+01  1.000000000000e+00
P 1   1
4.194910000000e+00  1.000000000000e+00
P 1   1
1.128060000000e+00  1.000000000000e+00
P 1   1
2.760810000000e-01  1.000000000000e+00
P 1   1
6.443180000000e-02  1.000000000000e+00
D 1   1
1.048810000000e+00  1.000000000000e+00
D 1   1
1.932960000000e-01  1.000000000000e+00
@END

@ATOMBASIS F
S 1   1
3.297480000000e+03  1.000000000000e+00
S 1   1
4.961910000000e+02  1.000000000000e+00
S 1   1
1.127760000000e+02  1.000000000000e+00
S 1   1
3.134880000000e+01  1.000000000000e+00
S 1   1
9.600990000000e+00  1.000000000000e+00
S 1   1
1.573050000000e+00  1.000000000000e+00
S 1   1
4.477080000000e-01  1.000000000000e+00
S 1   1
1.205350000000e-01  1.000000000000e+00
P 1   1
2.453230000000e+01  1.000000000000e+00
P 1   1
5.371330000000e+00  1.000000000000e+00
P 1   1
1.440870000000e+00  1.000000000000e+00
P 1   1
3.482850000000e-01  1.000000000000e+00
P 1   1
8.030460000000e-02  1.000000000000e+00
D 1   1
1.148910000000e+00  1.000000000000e+00
D 1   1
2.409130000000e-01  1.000000000000e+00
@END

@ATOMBASIS NE
S 1   1
4.107110000000e+03  1.000000000000e+00
S 1   1
6.179840000000e+02  1.000000000000e+00
S 1   1
1.404740000000e+02  1.000000000000e+00
S 1   1
3.910590000000e+01  1.000000000000e+00
S 1   1
1.201160000000e+01  1.000000000000e+00
S 1   1
1.989930000000e+00  1.000000000000e+00
S 1   1
5.617360000000e-01  1.000000000000e+00
S 1   1
1.500830000000e-01  1.000000000000e+00
P 1   1
3.083070000000e+01  1.000000000000e+00
P 1   1
6.791300000000e+00  1.000000000000e+00
P 1   1
1.819160000000e+00  1.000000000000e+00
P 1   1
4.360380000000e-01  1.000000000000e+00
P 1   1
9.974830000000e-02  1.000000000000e+00
D 1   1
1.253360000000e+00  1.000000000000e+00
D 1   1
2.992460000000e-01  1.000000000000e+00
@END

@ATOMBASIS NA
S 1   1
2.581060000000e+04  1.000000000000e+00
S 1   1
3.872170000000e+03  1.000000000000e+00
S 1   1
8.816430000000e+02  1.000000000000e+00
S 1   1
2.497660000000e+02  1.000000000000e+00
S 1   1
8.127840000000e+01  1.000000000000e+00
S 1   1
2.911850000000e+01  1.000000000000e+00
S 1   1
1.096100000000e+01  1.000000000000e+00
S 1   1
2.498050000000e+00  1.000000000000e+00
S 1   1
7.951200000000e-01  1.000000000000e+00
S 1   1
9.454840000000e-02  1.000000000000e+00
S 1   1
3.466310000000e-02  1.000000000000e+00
S 1   1
1.184210000000e-02  1.000000000000e+00
P 1   1
1.551580000000e+02  1.000000000000e+00
P 1   1
3.616610000000e+01  1.000000000000e+00
P 1   1
1.113760000000e+01  1.000000000000e+00
P 1   1
3.901210000000e+00  1.000000000000e+00
P 1   1
1.373860000000e+00  1.000000000000e+00
P 1   1
4.531210000000e-01  1.000000000000e+00
P 1   1
1.006230000000e-01  1.000000000000e+00
P 1   1
3.354100000000e-02  1.000000000000e+00
@END

@ATOMBASIS MG
S 1   1
3.156200000000e+04  1.000000000000e+00
S 1   1
4.734970000000e+03  1.000000000000e+00
S 1   1
1.078040000000e+03  1.000000000000e+00
S 1   1
3.053600000000e+02  1.000000000000e+00
S 1   1
9.936350000000e+01  1.000000000000e+00
S 1   1
3.558770000000e+01  1.000000000000e+00
S 1   1
1.338330000000e+01  1.000000000000e+00
S 1   1
3.135100000000e+00  1.000000000000e+00
S 1   1
1.048900000000e+00  1.000000000000e+00
S 1   1
1.577700000000e-01  1.000000000000e+00
S 1   1
5.737510000000e-02  1.000000000000e+00
S 1   1
1.945350000000e-02  1.000000000000e+00
P 1   1
2.125410000000e+02  1.000000000000e+00
P 1   1
4.966250000000e+01  1.000000000000e+00
P 1   1
1.548560000000e+01  1.000000000000e+00
P 1   1
5.516300000000e+00  1.000000000000e+00
P 1   1
2.009800000000e+00  1.000000000000e+00
P 1   1
7.037440000000e-01  1.000000000000e+00
P 1   1
1.680090000000e-01  1.000000000000e+00
P 1   1
5.064140000000e-02  1.000000000000e+00
@END

@ATOMBASIS AL
S 1   1
3.784060000000e+04  1.000000000000e+00
S 1   1
5.676520000000e+03  1.000000000000e+00
S 1   1
1.292140000000e+03  1.000000000000e+00
S 1   1
3.658780000000e+02  1.000000000000e+00
S 1   1
1.190210000000e+02  1.000000000000e+00
S 1   1
4.261610000000e+01  1.000000000000e+00
S 1   1
1.602300000000e+01  1.000000000000e+00
S 1   1
3.838460000000e+00  1.000000000000e+00
S 1   1
1.335080000000e+00  1.000000000000e+00
S 1   1
2.306920000000e-01  1.000000000000e+00
S 1   1
8.388620000000e-02  1.000000000000e+00
S 1   1
2.843740000000e-02  1.000000000000e+00
P 1   1
2.811350000000e+02  1.000000000000e+00
P 1   1
6.583280000000e+01  1.000000000000e+00
P 1   1
2.073670000000e+01  1.000000000000e+00
P 1   1
7.486910000000e+00  1.000000000000e+00
P 1   1
2.802240000000e+00  1.000000000000e+00
P 1   1
1.030490000000e+00  1.000000000000e+00
P 1   1
2.474340000000e-01  1.000000000000e+00
P 1   1
6.865350000000e-02  1.000000000000e+00
P 1   1
1.804700000000e-02  1.000000000000e+00
D 1   1
4.242640000000e-01  1.000000000000e+00
D 1   1
5.414070000000e-02  1.000000000000e+00
@END

@ATOMBASIS SI
S 1   1
4.453800000000e+04  1.000000000000e+00
S 1   1
6.681010000000e+03  1.000000000000e+00
S 1   1
1.520750000000e+03  1.000000000000e+00
S 1   1
4.305760000000e+02  1.000000000000e+00
S 1   1
1.400670000000e+02  1.000000000000e+00
S 1   1
5.015700000000e+01  1.000000000000e+00
S 1   1
1.886860000000e+01  1.000000000000e+00
S 1   1
4.605740000000e+00  1.000000000000e+00
S 1   1
1.650660000000e+00  1.000000000000e+00
S 1   1
3.122100000000e-01  1.000000000000e+00
S 1   1
1.126680000000e-01  1.000000000000e+00
S 1   1
3.792170000000e-02  1.000000000000e+00
P 1   1
3.373450000000e+02  1.000000000000e+00
P 1   1
7.910600000000e+01  1.000000000000e+00
P 1   1
2.499110000000e+01  1.000000000000e+00
P 1   1
9.061950000000e+00  1.000000000000e+00
P 1   1
3.430430000000e+00  1.000000000000e+00
P 1   1
1.293180000000e+00  1.000000000000e+00
P 1   1
3.364220000000e-01  1.000000000000e+00
P 1   1
9.600950000000e-02  1.000000000000e+00
P 1   1
2.592040000000e-02  1.000000000000e+00
D 1   1
4.743420000000e-01  1.000000000000e+00
D 1   1
7.776010000000e-02  1.000000000000e+00
@END

@ATOMBASIS P
S 1   1
5.165770000000e+04  1.000000000000e+00
S 1   1
7.749010000000e+03  1.000000000000e+00
S 1   1
1.764080000000e+03  1.000000000000e+00
S 1   1
4.995530000000e+02  1.000000000000e+00
S 1   1
1.625520000000e+02  1.000000000000e+00
S 1   1
5.823270000000e+01  1.000000000000e+00
S 1   1
2.192780000000e+01  1.000000000000e+00
S 1   1
5.440240000000e+00  1.000000000000e+00
S 1   1
1.996760000000e+00  1.000000000000e+00
S 1   1
4.030280000000e-01  1.000000000000e+00
S 1   1
1.444980000000e-01  1.000000000000e+00
S 1   1
4.834040000000e-02  1.000000000000e+00
P 1   1
3.805640000000e+02  1.000000000000e+00
P 1   1
8.931580000000e+01  1.000000000000e+00
P 1   1
2.819980000000e+01  1.000000000000e+00
P 1   1
1.022550000000e+01  1.000000000000e+00
P 1   1
3.887850000000e+00  1.000000000000e+00
P 1   1
1.488140000000e+00  1.000000000000e+00
P 1   1
4.222820000000e-01  1.000000000000e+00
P 1   1
1.209780000000e-01  1.000000000000e+00
P 1   1
3.278060000000e-02  1.000000000000e+00
D 1   1
5.244040000000e-01  1.000000000000e+00
D 1   1
9.834050000000e-02  1.000000000000e+00
@END

@ATOMBASIS S
S 1   1
5.935860000000e+04  1.000000000000e+00
S 1   1
8.903980000000e+03  1.000000000000e+00
S 1   1
2.026950000000e+03  1.000000000000e+00
S 1   1
5.739650000000e+02  1.000000000000e+00
S 1   1
1.867730000000e+02  1.000000000000e+00
S 1   1
6.692020000000e+01  1.000000000000e+00
S 1   1
2.521890000000e+01  1.000000000000e+00
S 1   1
6.341230000000e+00  1.000000000000e+00
S 1   1
2.372880000000e+00  1.000000000000e+00
S 1   1
5.024490000000e-01  1.000000000000e+00
S 1   1
1.792220000000e-01  1.000000000000e+00
S 1   1
5.967110000000e-02  1.000000000000e+00
P 1   1
4.041880000000e+02  1.000000000000e+00
P 1   1
9.492050000000e+01  1.000000000000e+00
P 1   1
2.986790000000e+01  1.000000000000e+00
P 1   1
1.077690000000e+01  1.000000000000e+00
P 1   1
4.077090000000e+00  1.000000000000e+00
P 1   1
1.541060000000e+00  1.000000000000e+00
P 1   1
4.871450000000e-01  1.000000000000e+00
P 1   1
1.404660000000e-01  1.000000000000e+00
P 1   1
3.829410000000e-02  1.000000000000e+00
D 1   1
5.744560000000e-01  1.000000000000e+00
D 1   1
1.148810000000e-01  1.000000000000e+00
@END

@ATOMBASIS CL
S 1   1
6.758230000000e+04  1.000000000000e+00
S 1   1
1.013740000000e+04  1.000000000000e+00
S 1   1
2.307700000000e+03  1.000000000000e+00
S 1   1
6.534450000000e+02  1.000000000000e+00
S 1   1
2.126420000000e+02  1.000000000000e+00
S 1   1
7.620050000000e+01  1.000000000000e+00
S 1   1
2.873850000000e+01  1.000000000000e+00
S 1   1
7.310370000000e+00  1.000000000000e+00
S 1   1
2.779700000000e+00  1.000000000000e+00
S 1   1
6.122800000000e-01  1.000000000000e+00
S 1   1
2.168490000000e-01  1.000000000000e+00
S 1   1
7.171830000000e-02  1.000000000000e+00
P 1   1
4.293790000000e+02  1.000000000000e+00
P 1   1
1.009180000000e+02  1.000000000000e+00
P 1   1
3.168310000000e+01  1.000000000000e+00
P 1   1
1.137720000000e+01  1.000000000000e+00
P 1   1
4.276330000000e+00  1.000000000000e+00
P 1   1
1.554320000000e+00  1.000000000000e+00
P 1   1
5.386850000000e-01  1.000000000000e+00
P 1   1
1.598920000000e-01  1.000000000000e+00
P 1   1
4.479500000000e-02  1.000000000000e+00
D 1   1
6.245000000000e-01  1.000000000000e+00
D 1   1
1.343980000000e-01  1.000000000000e+00
@END

@ATOMBASIS AR
S 1   1
7.661320000000e+04  1.000000000000e+00
S 1   1
1.149200000000e+04  1.000000000000e+00
S 1   1
2.616030000000e+03  1.000000000000e+00
S 1   1
7.407320000000e+02  1.000000000000e+00
S 1   1
2.410530000000e+02  1.000000000000e+00
S 1   1
8.639480000000e+01  1.000000000000e+00
S 1   1
3.260830000000e+01  1.000000000000e+00
S 1   1
8.384560000000e+00  1.000000000000e+00
S 1   1
3.234990000000e+00  1.000000000000e+00
S 1   1
7.384580000000e-01  1.000000000000e+00
S 1   1
2.594450000000e-01  1.000000000000e+00
S 1   1
8.515840000000e-02  1.000000000000e+00
P 1   1
4.638330000000e+02  1.000000000000e+00
P 1   1
1.091150000000e+02  1.000000000000e+00
P 1   1
3.422900000000e+01  1.000000000000e+00
P 1   1
1.225650000000e+01  1.000000000000e+00
P 1   1
4.590110000000e+00  1.000000000000e+00
P 1   1
1.596250000000e+00  1.000000000000e+00
P 1   1
5.907640000000e-01  1.000000000000e+00
P 1   1
1.810590000000e-01  1.000000000000e+00
P 1   1
5.227360000000e-02  1.000000000000e+00
D 1   1
6.765410000000e-01  1.000000000000e+00
D 1   1
1.568700000000e-01  1.000000000000e+00
@END
67fb3ec9fbba0476d72c673b0707141a