@BASIS_SET AUG-PCX-2

@ATOMBASIS LI
S 1   1
2.146740000000e+03  1.000000000000e+00
S 1   1
3.221610000000e+02  1.000000000000e+00
S 1   1
7.337640000000e+01  1.000000000000e+00
S 1   1
2.077060000000e+01  1.000000000000e+00
S 1   1
6.669580000000e+00  1.000000000000e+00
S 1   1
2.302090000000e+00  1.000000000000e+00
S 1   1
8.076730000000e-01  1.000000000000e+00
S 1   1
1.668930000000e-01  1.000000000000e+00
S 1   1
7.473840000000e-02  1.000000000000e+00
S 1   1
2.973750000000e-02  1.000000000000e+00
S 1   1
1.095860000000e-02  1.000000000000e+00
P 1   1
6.608480000000e+00  1.000000000000e+00
P 1   1
1.434750000000e+00  1.000000000000e+00
P 1   1
3.612480000000e-01  1.000000000000e+00
P 1   1
1.122500000000e-01  1.000000000000e+00
P 1   1
3.287580000000e-02  1.000000000000e+00
D 1   1
3.184340000000e-01  1.000000000000e+00
D 1   1
4.383450000000e-02  1.000000000000e+00
@END

@ATOMBASIS BE
S 1   1
4.001570000000e+03  1.000000000000e+00
S 1   1
6.003760000000e+02  1.000000000000e+00
S 1   1
1.367010000000e+02  1.000000000000e+00
S 1   1
3.868810000000e+01  1.000000000000e+00
S 1   1
1.246220000000e+01  1.000000000000e+00
S 1   1
4.339600000000e+00  1.000000000000e+00
S 1   1
1.555400000000e+00  1.000000000000e+00
S 1   1
3.719010000000e-01  1.000000000000e+00
S 1   1
1.593110000000e-01  1.000000000000e+00
S 1   1
5.883140000000e-02  1.000000000000e+00
S 1   1
2.023080000000e-02  1.000000000000e+00
P 1   1
1.340580000000e+01  1.000000000000e+00
P 1   1
2.959460000000e+00  1.000000000000e+00
P 1   1
7.930530000000e-01  1.000000000000e+00
P 1   1
2.585460000000e-01  1.000000000000e+00
P 1   1
8.810810000000e-02  1.000000000000e+00
D 1   1
1.451260000000e-01  1.000000000000e+00
D 1   1
3.241720000000e-02  1.000000000000e+00
@END

@ATOMBASIS B
S 1   1
6.404490000000e+03  1.000000000000e+00
S 1   1
9.607840000000e+02  1.000000000000e+00
S 1   1
2.187360000000e+02  1.000000000000e+00
S 1   1
6.191130000000e+01  1.000000000000e+00
S 1   1
1.999870000000e+01  1.000000000000e+00
S 1   1
7.002950000000e+00  1.000000000000e+00
S 1   1
2.531890000000e+00  1.000000000000e+00
S 1   1
6.504730000000e-01  1.000000000000e+00
S 1   1
2.667800000000e-01  1.000000000000e+00
S 1   1
9.422700000000e-02  1.000000000000e+00
S 1   1
3.108900000000e-02  1.000000000000e+00
P 1   1
2.714090000000e+01  1.000000000000e+00
P 1   1
6.128730000000e+00  1.000000000000e+00
P 1   1
1.767660000000e+00  1.000000000000e+00
P 1   1
6.041620000000e-01  1.000000000000e+00
P 1   1
2.075380000000e-01  1.000000000000e+00
P 1   1
6.760740000000e-02  1.000000000000e+00
P 1   1
2.099770000000e-02  1.000000000000e+00
D 1   1
1.212440000000e+00  1.000000000000e+00
D 1   1
3.968630000000e-01  1.000000000000e+00
D 1   1
6.299360000000e-02  1.000000000000e+00
F 1   1
9.091200000000e-01  1.000000000000e+00
F 1   1
8.399250000000e-02  1.000000000000e+00
@END

@ATOMBASIS C
S 1   1
9.339410000000e+03  1.000000000000e+00
S 1   1
1.400980000000e+03  1.000000000000e+00
S 1   1
3.189320000000e+02  1.000000000000e+00
S 1   1
9.027330000000e+01  1.000000000000e+00
S 1   1
2.921200000000e+01  1.000000000000e+00
S 1   1
1.027640000000e+01  1.000000000000e+00
S 1   1
3.740990000000e+00  1.000000000000e+00
S 1   1
1.009760000000e+00  1.000000000000e+00
S 1   1
4.011650000000e-01  1.000000000000e+00
S 1   1
1.374610000000e-01  1.000000000000e+00
S 1   1
4.406160000000e-02  1.000000000000e+00
P 1   1
4.023640000000e+01  1.000000000000e+00
P 1   1
9.189010000000e+00  1.000000000000e+00
P 1   1
2.694390000000e+00  1.000000000000e+00
P 1   1
9.217430000000e-01  1.000000000000e+00
P 1   1
3.156770000000e-01  1.000000000000e+00
P 1   1
1.010640000000e-01  1.000000000000e+00
P 1   1
3.086700000000e-02  1.000000000000e+00
D 1   1
1.587450000000e+00  1.000000000000e+00
D 1   1
4.974940000000e-01  1.000000000000e+00
D 1   1
9.260200000000e-02  1.000000000000e+00
F 1   1
9.843780000000e-01  1.000000000000e+00
F 1   1
1.234700000000e-01  1.000000000000e+00
@END

@ATOMBASIS N
S 1   1
1.281030000000e+04  1.000000000000e+00
S 1   1
1.921560000000e+03  1.000000000000e+00
S 1   1
4.374230000000e+02  1.000000000000e+00
S 1   1
1.238160000000e+02  1.000000000000e+00
S 1   1
4.011000000000e+01  1.000000000000e+00
S 1   1
1.414650000000e+01  1.000000000000e+00
S 1   1
5.173890000000e+00  1.000000000000e+00
S 1   1
1.440020000000e+00  1.000000000000e+00
S 1   1
5.614090000000e-01  1.000000000000e+00
S 1   1
1.889950000000e-01  1.000000000000e+00
S 1   1
5.962030000000e-02  1.000000000000e+00
P 1   1
5.381790000000e+01  1.000000000000e+00
P 1   1
1.238050000000e+01  1.000000000000e+00
P 1   1
3.672360000000e+00  1.000000000000e+00
P 1   1
1.254380000000e+00  1.000000000000e+00
P 1   1
4.250060000000e-01  1.000000000000e+00
P 1   1
1.324140000000e-01  1.000000000000e+00
P 1   1
3.883710000000e-02  1.000000000000e+00
D 1   1
1.989970000000e+00  1.000000000000e+00
D 1   1
5.979130000000e-01  1.000000000000e+00
D 1   1
1.165100000000e-01  1.000000000000e+00
F 1   1
1.059250000000e+00  1.000000000000e+00
F 1   1
1.553450000000e-01  1.000000000000e+00
@END

@ATOMBASIS O
S 1   1
1.681490000000e+04  1.000000000000e+00
S 1   1
2.522160000000e+03  1.000000000000e+00
S 1   1
5.741210000000e+02  1.000000000000e+00
S 1   1
1.625130000000e+02  1.000000000000e+00
S 1   1
5.268450000000e+01  1.000000000000e+00
S 1   1
1.860610000000e+01  1.000000000000e+00
S 1   1
6.824480000000e+00  1.000000000000e+00
S 1   1
1.931050000000e+00  1.000000000000e+00
S 1   1
7.431490000000e-01  1.000000000000e+00
S 1   1
2.477930000000e-01  1.000000000000e+00
S 1   1
7.755780000000e-02  1.000000000000e+00
P 1   1
6.849290000000e+01  1.000000000000e+00
P 1   1
1.582240000000e+01  1.000000000000e+00
P 1   1
4.735910000000e+00  1.000000000000e+00
P 1   1
1.615010000000e+00  1.000000000000e+00
P 1   1
5.409070000000e-01  1.000000000000e+00
P 1   1
1.638980000000e-01  1.000000000000e+00
P 1   1
4.682990000000e-02  1.000000000000e+00
D 1   1
2.481930000000e+00  1.000000000000e+00
D 1   1
7.211100000000e-01  1.000000000000e+00
D 1   1
1.404890000000e-01  1.000000000000e+00
F 1   1
1.148910000000e+00  1.000000000000e+00
F 1   1
1.873200000000e-01  1.000000000000e+00
@END

@ATOMBASIS F
S 1   1
2.137160000000e+04  1.000000000000e+00
S 1   1
3.205540000000e+03  1.000000000000e+00
S 1   1
7.296610000000e+02  1.000000000000e+00
S 1   1
2.065410000000e+02  1.000000000000e+00
S 1   1
6.700140000000e+01  1.000000000000e+00
S 1   1
2.370460000000e+01  1.000000000000e+00
S 1   1
8.720590000000e+00  1.000000000000e+00
S 1   1
2.512660000000e+00  1.000000000000e+00
S 1   1
9.577450000000e-01  1.000000000000e+00
S 1   1
3.167190000000e-01  1.000000000000e+00
S 1   1
9.831690000000e-02  1.000000000000e+00
P 1   1
8.682900000000e+01  1.000000000000e+00
P 1   1
2.012450000000e+01  1.000000000000e+00
P 1   1
6.067650000000e+00  1.000000000000e+00
P 1   1
2.070180000000e+00  1.000000000000e+00
P 1   1
6.902260000000e-01  1.000000000000e+00
P 1   1
2.063290000000e-01  1.000000000000e+00
P 1   1
5.817680000000e-02  1.000000000000e+00
D 1   1
2.898280000000e+00  1.000000000000e+00
D 1   1
8.246210000000e-01  1.000000000000e+00
D 1   1
1.745490000000e-01  1.000000000000e+00
F 1   1
1.249000000000e+00  1.000000000000e+00
F 1   1
2.327190000000e-01  1.000000000000e+00
@END

@ATOMBASIS NE
S 1   1
2.668190000000e+04  1.000000000000e+00
S 1   1
4.001990000000e+03  1.000000000000e+00
S 1   1
9.109330000000e+02  1.000000000000e+00
S 1   1
2.578510000000e+02  1.000000000000e+00
S 1   1
8.369340000000e+01  1.000000000000e+00
S 1   1
2.966450000000e+01  1.000000000000e+00
S 1   1
1.094380000000e+01  1.000000000000e+00
S 1   1
3.188540000000e+00  1.000000000000e+00
S 1   1
1.204330000000e+00  1.000000000000e+00
S 1   1
3.956690000000e-01  1.000000000000e+00
S 1   1
1.219550000000e-01  1.000000000000e+00
P 1   1
1.086000000000e+02  1.000000000000e+00
P 1   1
2.525280000000e+01  1.000000000000e+00
P 1   1
7.659490000000e+00  1.000000000000e+00
P 1   1
2.614100000000e+00  1.000000000000e+00
P 1   1
8.684970000000e-01  1.000000000000e+00
P 1   1
2.569570000000e-01  1.000000000000e+00
P 1   1
7.177680000000e-02  1.000000000000e+00
D 1   1
3.105300000000e+00  1.000000000000e+00
D 1   1
8.761600000000e-01  1.000000000000e+00
D 1   1
2.153960000000e-01  1.000000000000e+00
F 1   1
1.353080000000e+00  1.000000000000e+00
F 1   1
2.871370000000e-01  1.000000000000e+00
@END

@ATOMBASIS NA
S 1   1
7.227350000000e+04  1.000000000000e+00
S 1   1
1.083490000000e+04  1.000000000000e+00
S 1   1
2.466250000000e+03  1.000000000000e+00
S 1   1
6.983880000000e+02  1.000000000000e+00
S 1   1
2.275990000000e+02  1.000000000000e+00
S 1   1
8.175140000000e+01  1.000000000000e+00
S 1   1
3.142860000000e+01  1.000000000000e+00
S 1   1
1.242280000000e+01  1.000000000000e+00
S 1   1
4.102400000000e+00  1.000000000000e+00
S 1   1
1.647860000000e+00  1.000000000000e+00
S 1   1
6.086330000000e-01  1.000000000000e+00
S 1   1
9.267990000000e-02  1.000000000000e+00
S 1   1
3.287780000000e-02  1.000000000000e+00
S 1   1
1.088880000000e-02  1.000000000000e+00
P 1   1
2.669170000000e+02  1.000000000000e+00
P 1   1
6.285640000000e+01  1.000000000000e+00
P 1   1
2.021950000000e+01  1.000000000000e+00
P 1   1
7.353230000000e+00  1.000000000000e+00
P 1   1
2.822080000000e+00  1.000000000000e+00
P 1   1
1.070330000000e+00  1.000000000000e+00
P 1   1
3.807940000000e-01  1.000000000000e+00
P 1   1
1.463450000000e-01  1.000000000000e+00
P 1   1
4.714870000000e-02  1.000000000000e+00
P 1   1
1.571620000000e-02  1.000000000000e+00
D 1   1
2.683280000000e-01  1.000000000000e+00
D 1   1
4.355790000000e-02  1.000000000000e+00
@END

@ATOMBASIS MG
S 1   1
8.989240000000e+04  1.000000000000e+00
S 1   1
1.347320000000e+04  1.000000000000e+00
S 1   1
3.066560000000e+03  1.000000000000e+00
S 1   1
8.683510000000e+02  1.000000000000e+00
S 1   1
2.830030000000e+02  1.000000000000e+00
S 1   1
1.016990000000e+02  1.000000000000e+00
S 1   1
3.914360000000e+01  1.000000000000e+00
S 1   1
1.553670000000e+01  1.000000000000e+00
S 1   1
5.405750000000e+00  1.000000000000e+00
S 1   1
2.205540000000e+00  1.000000000000e+00
S 1   1
8.376180000000e-01  1.000000000000e+00
S 1   1
1.542090000000e-01  1.000000000000e+00
S 1   1
5.401990000000e-02  1.000000000000e+00
S 1   1
1.767950000000e-02  1.000000000000e+00
P 1   1
4.232730000000e+02  1.000000000000e+00
P 1   1
1.001300000000e+02  1.000000000000e+00
P 1   1
3.217610000000e+01  1.000000000000e+00
P 1   1
1.175830000000e+01  1.000000000000e+00
P 1   1
4.632160000000e+00  1.000000000000e+00
P 1   1
1.838650000000e+00  1.000000000000e+00
P 1   1
7.054070000000e-01  1.000000000000e+00
P 1   1
2.653220000000e-01  1.000000000000e+00
P 1   1
8.764080000000e-02  1.000000000000e+00
P 1   1
2.831120000000e-02  1.000000000000e+00
D 1   1
6.106550000000e-02  1.000000000000e+00
D 1   1
2.870430000000e-01  1.000000000000e+00
@END

@ATOMBASIS AL
S 1   1
1.094190000000e+05  1.000000000000e+00
S 1   1
1.639940000000e+04  1.000000000000e+00
S 1   1
3.732670000000e+03  1.000000000000e+00
S 1   1
1.057030000000e+03  1.000000000000e+00
S 1   1
3.445430000000e+02  1.000000000000e+00
S 1   1
1.238730000000e+02  1.000000000000e+00
S 1   1
4.773340000000e+01  1.000000000000e+00
S 1   1
1.902260000000e+01  1.000000000000e+00
S 1   1
6.894140000000e+00  1.000000000000e+00
S 1   1
2.823550000000e+00  1.000000000000e+00
S 1   1
1.093730000000e+00  1.000000000000e+00
S 1   1
2.270330000000e-01  1.000000000000e+00
S 1   1
7.986850000000e-02  1.000000000000e+00
S 1   1
2.624670000000e-02  1.000000000000e+00
P 1   1
6.265280000000e+02  1.000000000000e+00
P 1   1
1.486570000000e+02  1.000000000000e+00
P 1   1
4.767790000000e+01  1.000000000000e+00
P 1   1
1.749200000000e+01  1.000000000000e+00
P 1   1
7.029990000000e+00  1.000000000000e+00
P 1   1
2.887980000000e+00  1.000000000000e+00
P 1   1
1.170910000000e+00  1.000000000000e+00
P 1   1
4.151350000000e-01  1.000000000000e+00
P 1   1
1.472390000000e-01  1.000000000000e+00
P 1   1
4.811710000000e-02  1.000000000000e+00
P 1   1
1.476010000000e-02  1.000000000000e+00
D 1   1
1.571500000000e+00  1.000000000000e+00
D 1   1
3.541190000000e-01  1.000000000000e+00
D 1   1
4.427990000000e-02  1.000000000000e+00
F 1   1
5.091170000000e-01  1.000000000000e+00
F 1   1
5.904000000000e-02  1.000000000000e+00
@END

@ATOMBASIS SI
S 1   1
1.322400000000e+05  1.000000000000e+00
S 1   1
1.982010000000e+04  1.000000000000e+00
S 1   1
4.511180000000e+03  1.000000000000e+00
S 1   1
1.277490000000e+03  1.000000000000e+00
S 1   1
4.164350000000e+02  1.000000000000e+00
S 1   1
1.497980000000e+02  1.000000000000e+00
S 1   1
5.780030000000e+01  1.000000000000e+00
S 1   1
2.314500000000e+01  1.000000000000e+00
S 1   1
8.751890000000e+00  1.000000000000e+00
S 1   1
3.541530000000e+00  1.000000000000e+00
S 1   1
1.386350000000e+00  1.000000000000e+00
S 1   1
3.078870000000e-01  1.000000000000e+00
S 1   1
1.079750000000e-01  1.000000000000e+00
S 1   1
3.538420000000e-02  1.000000000000e+00
P 1   1
7.479710000000e+02  1.000000000000e+00
P 1   1
1.774690000000e+02  1.000000000000e+00
P 1   1
5.698520000000e+01  1.000000000000e+00
P 1   1
2.097620000000e+01  1.000000000000e+00
P 1   1
8.456100000000e+00  1.000000000000e+00
P 1   1
3.494660000000e+00  1.000000000000e+00
P 1   1
1.427830000000e+00  1.000000000000e+00
P 1   1
4.928380000000e-01  1.000000000000e+00
P 1   1
1.845700000000e-01  1.000000000000e+00
P 1   1
6.350660000000e-02  1.000000000000e+00
P 1   1
2.044470000000e-02  1.000000000000e+00
D 1   1
1.781910000000e+00  1.000000000000e+00
D 1   1
4.042280000000e-01  1.000000000000e+00
D 1   1
6.133300000000e-02  1.000000000000e+00
F 1   1
5.692100000000e-01  1.000000000000e+00
F 1   1
8.177720000000e-02  1.000000000000e+00
@END

@ATOMBASIS P
S 1   1
1.583100000000e+05  1.000000000000e+00
S 1   1
2.372730000000e+04  1.000000000000e+00
S 1   1
5.400370000000e+03  1.000000000000e+00
S 1   1
1.529260000000e+03  1.000000000000e+00
S 1   1
4.985390000000e+02  1.000000000000e+00
S 1   1
1.794220000000e+02  1.000000000000e+00
S 1   1
6.932570000000e+01  1.000000000000e+00
S 1   1
2.789900000000e+01  1.000000000000e+00
S 1   1
1.097130000000e+01  1.000000000000e+00
S 1   1
4.354380000000e+00  1.000000000000e+00
S 1   1
1.715440000000e+00  1.000000000000e+00
S 1   1
3.977500000000e-01  1.000000000000e+00
S 1   1
1.391410000000e-01  1.000000000000e+00
S 1   1
4.549120000000e-02  1.000000000000e+00
P 1   1
8.943660000000e+02  1.000000000000e+00
P 1   1
2.121930000000e+02  1.000000000000e+00
P 1   1
6.817540000000e+01  1.000000000000e+00
P 1   1
2.518390000000e+01  1.000000000000e+00
P 1   1
1.019650000000e+01  1.000000000000e+00
P 1   1
4.249480000000e+00  1.000000000000e+00
P 1   1
1.759890000000e+00  1.000000000000e+00
P 1   1
6.209270000000e-01  1.000000000000e+00
P 1   1
2.331090000000e-01  1.000000000000e+00
P 1   1
8.007290000000e-02  1.000000000000e+00
P 1   1
2.573720000000e-02  1.000000000000e+00
D 1   1
1.992230000000e+00  1.000000000000e+00
D 1   1
4.543130000000e-01  1.000000000000e+00
D 1   1
7.721050000000e-02  1.000000000000e+00
F 1   1
6.292850000000e-01  1.000000000000e+00
F 1   1
1.029460000000e-01  1.000000000000e+00
@END

@ATOMBASIS S
S 1   1
1.860230000000e+05  1.000000000000e+00
S 1   1
2.787930000000e+04  1.000000000000e+00
S 1   1
6.345170000000e+03  1.000000000000e+00
S 1   1
1.796790000000e+03  1.000000000000e+00
S 1   1
5.857920000000e+02  1.000000000000e+00
S 1   1
2.109100000000e+02  1.000000000000e+00
S 1   1
8.158770000000e+01  1.000000000000e+00
S 1   1
3.297020000000e+01  1.000000000000e+00
S 1   1
1.328950000000e+01  1.000000000000e+00
S 1   1
5.199250000000e+00  1.000000000000e+00
S 1   1
2.065000000000e+00  1.000000000000e+00
S 1   1
4.955150000000e-01  1.000000000000e+00
S 1   1
1.728480000000e-01  1.000000000000e+00
S 1   1
5.636130000000e-02  1.000000000000e+00
P 1   1
1.045890000000e+03  1.000000000000e+00
P 1   1
2.481400000000e+02  1.000000000000e+00
P 1   1
7.978740000000e+01  1.000000000000e+00
P 1   1
2.955340000000e+01  1.000000000000e+00
P 1   1
1.200230000000e+01  1.000000000000e+00
P 1   1
5.035920000000e+00  1.000000000000e+00
P 1   1
2.110960000000e+00  1.000000000000e+00
P 1   1
7.628290000000e-01  1.000000000000e+00
P 1   1
2.850360000000e-01  1.000000000000e+00
P 1   1
9.669290000000e-02  1.000000000000e+00
P 1   1
3.071730000000e-02  1.000000000000e+00
D 1   1
2.202500000000e+00  1.000000000000e+00
D 1   1
4.996000000000e-01  1.000000000000e+00
D 1   1
9.215130000000e-02  1.000000000000e+00
F 1   1
6.893480000000e-01  1.000000000000e+00
F 1   1
1.228670000000e-01  1.000000000000e+00
@END

@ATOMBASIS CL
S 1   1
2.162640000000e+05  1.000000000000e+00
S 1   1
3.241040000000e+04  1.000000000000e+00
S 1   1
7.376300000000e+03  1.000000000000e+00
S 1   1
2.088770000000e+03  1.000000000000e+00
S 1   1
6.810280000000e+02  1.000000000000e+00
S 1   1
2.452880000000e+02  1.000000000000e+00
S 1   1
9.498710000000e+01  1.000000000000e+00
S 1   1
3.852970000000e+01  1.000000000000e+00
S 1   1
1.583160000000e+01  1.000000000000e+00
S 1   1
6.109360000000e+00  1.000000000000e+00
S 1   1
2.443720000000e+00  1.000000000000e+00
S 1   1
6.030840000000e-01  1.000000000000e+00
S 1   1
2.092850000000e-01  1.000000000000e+00
S 1   1
6.791670000000e-02  1.000000000000e+00
P 1   1
1.210880000000e+03  1.000000000000e+00
P 1   1
2.872760000000e+02  1.000000000000e+00
P 1   1
9.243500000000e+01  1.000000000000e+00
P 1   1
3.432210000000e+01  1.000000000000e+00
P 1   1
1.398110000000e+01  1.000000000000e+00
P 1   1
5.904680000000e+00  1.000000000000e+00
P 1   1
2.501900000000e+00  1.000000000000e+00
P 1   1
9.281350000000e-01  1.000000000000e+00
P 1   1
3.480990000000e-01  1.000000000000e+00
P 1   1
1.177800000000e-01  1.000000000000e+00
P 1   1
3.732440000000e-02  1.000000000000e+00
D 1   1
2.412720000000e+00  1.000000000000e+00
D 1   1
5.444260000000e-01  1.000000000000e+00
D 1   1
1.119600000000e-01  1.000000000000e+00
F 1   1
7.494000000000e-01  1.000000000000e+00
F 1   1
1.492790000000e-01  1.000000000000e+00
@END

@ATOMBASIS AR
S 1   1
2.499750000000e+05  1.000000000000e+00
S 1   1
3.746140000000e+04  1.000000000000e+00
S 1   1
8.525990000000e+03  1.000000000000e+00
S 1   1
2.414400000000e+03  1.000000000000e+00
S 1   1
7.872550000000e+02  1.000000000000e+00
S 1   1
2.836450000000e+02  1.000000000000e+00
S 1   1
1.099490000000e+02  1.000000000000e+00
S 1   1
4.475420000000e+01  1.000000000000e+00
S 1   1
1.869060000000e+01  1.000000000000e+00
S 1   1
7.122980000000e+00  1.000000000000e+00
S 1   1
2.868780000000e+00  1.000000000000e+00
S 1   1
7.265120000000e-01  1.000000000000e+00
S 1   1
2.505900000000e-01  1.000000000000e+00
S 1   1
8.086800000000e-02  1.000000000000e+00
P 1   1
1.390670000000e+03  1.000000000000e+00
P 1   1
3.299270000000e+02  1.000000000000e+00
P 1   1
1.062370000000e+02  1.000000000000e+00
P 1   1
3.953600000000e+01  1.000000000000e+00
P 1   1
1.615030000000e+01  1.000000000000e+00
P 1   1
6.863760000000e+00  1.000000000000e+00
P 1   1
2.937470000000e+00  1.000000000000e+00
P 1   1
1.117080000000e+00  1.000000000000e+00
P 1   1
4.208340000000e-01  1.000000000000e+00
P 1   1
1.422900000000e-01  1.000000000000e+00
P 1   1
4.505960000000e-02  1.000000000000e+00
D 1   1
2.632050000000e+00  1.000000000000e+00
D 1   1
5.967750000000e-01  1.000000000000e+00
D 1   1
1.351290000000e-01  1.000000000000e+00
F 1   1
8.118500000000e-01  1.000000000000e+00
F 1   1
1.801720000000e-01  1.000000000000e+00
@END
673b8fdbf6a0f734462978a615fadaa2