@BASIS_SET AUG-CC-PCV5Z

@ATOMBASIS H
S 4   1
4.020000000000e+02  2.790000000000e-04
6.024000000000e+01  2.165000000000e-03
1.373000000000e+01  1.120100000000e-02
3.905000000000e+00  4.487800000000e-02
S 1   1
1.283000000000e+00  1.000000000000e+00
S 1   1
4.655000000000e-01  1.000000000000e+00
S 1   1
1.811000000000e-01  1.000000000000e+00
S 1   1
7.279000000000e-02  1.000000000000e+00
S 1   1
2.070000000000e-02  1.000000000000e+00
P 1   1
4.516000000000e+00  1.000000000000e+00
P 1   1
1.712000000000e+00  1.000000000000e+00
P 1   1
6.490000000000e-01  1.000000000000e+00
P 1   1
2.460000000000e-01  1.000000000000e+00
P 1   1
7.440000000000e-02  1.000000000000e+00
D 1   1
2.950000000000e+00  1.000000000000e+00
D 1   1
1.206000000000e+00  1.000000000000e+00
D 1   1
4.930000000000e-01  1.000000000000e+00
D 1   1
1.560000000000e-01  1.000000000000e+00
F 1   1
2.506000000000e+00  1.000000000000e+00
F 1   1
8.750000000000e-01  1.000000000000e+00
F 1   1
2.740000000000e-01  1.000000000000e+00
G 1   1
2.358000000000e+00  1.000000000000e+00
G 1   1
5.430000000000e-01  1.000000000000e+00
@END

@ATOMBASIS HE
S 4   1
1.145000000000e+03  3.590000000000e-04
1.717000000000e+02  2.771000000000e-03
3.907000000000e+01  1.425100000000e-02
1.104000000000e+01  5.556600000000e-02
S 1   1
3.566000000000e+00  1.000000000000e+00
S 1   1
1.240000000000e+00  1.000000000000e+00
S 1   1
4.473000000000e-01  1.000000000000e+00
S 1   1
1.640000000000e-01  1.000000000000e+00
S 1   1
4.664000000000e-02  1.000000000000e+00
P 1   1
1.015300000000e+01  1.000000000000e+00
P 1   1
3.627000000000e+00  1.000000000000e+00
P 1   1
1.296000000000e+00  1.000000000000e+00
P 1   1
4.630000000000e-01  1.000000000000e+00
P 1   1
1.400000000000e-01  1.000000000000e+00
D 1   1
7.666000000000e+00  1.000000000000e+00
D 1   1
2.647000000000e+00  1.000000000000e+00
D 1   1
9.140000000000e-01  1.000000000000e+00
D 1   1
2.892000000000e-01  1.000000000000e+00
F 1   1
5.411000000000e+00  1.000000000000e+00
F 1   1
1.707000000000e+00  1.000000000000e+00
F 1   1
5.345000000000e-01  1.000000000000e+00
G 1   1
3.430000000000e+00  1.000000000000e+00
G 1   1
7.899000000000e-01  1.000000000000e+00
@END

@ATOMBASIS B
S 10   1
6.826000000000e+04  2.400000000000e-05
1.023000000000e+04  1.850000000000e-04
2.328000000000e+03  9.700000000000e-04
6.604000000000e+02  4.056000000000e-03
2.162000000000e+02  1.439900000000e-02
7.860000000000e+01  4.390100000000e-02
3.098000000000e+01  1.130570000000e-01
1.296000000000e+01  2.338250000000e-01
5.659000000000e+00  3.539600000000e-01
2.556000000000e+00  3.015470000000e-01
S 10   1
6.826000000000e+04 -5.000000000000e-06
1.023000000000e+04 -3.700000000000e-05
2.328000000000e+03 -1.960000000000e-04
6.604000000000e+02 -8.240000000000e-04
2.162000000000e+02 -2.923000000000e-03
7.860000000000e+01 -9.138000000000e-03
3.098000000000e+01 -2.410500000000e-02
1.296000000000e+01 -5.475500000000e-02
5.659000000000e+00 -9.694300000000e-02
2.556000000000e+00 -1.374850000000e-01
S 1   1
1.175000000000e+00  1.000000000000e+00
S 1   1
4.249000000000e-01  1.000000000000e+00
S 1   1
1.712000000000e-01  1.000000000000e+00
S 1   1
6.913000000000e-02  1.000000000000e+00
S 1   1
2.610000000000e-02  1.000000000000e+00
S 1   1
6.411000000000e+00  1.000000000000e+00
S 1   1
1.452100000000e+01  1.000000000000e+00
S 1   1
3.289000000000e+01  1.000000000000e+00
S 1   1
7.449600000000e+01  1.000000000000e+00
P 4   1
6.644000000000e+01  8.380000000000e-04
1.571000000000e+01  6.409000000000e-03
4.936000000000e+00  2.808100000000e-02
1.770000000000e+00  9.215200000000e-02
P 1   1
7.008000000000e-01  1.000000000000e+00
P 1   1
2.901000000000e-01  1.000000000000e+00
P 1   1
1.211000000000e-01  1.000000000000e+00
P 1   1
4.973000000000e-02  1.000000000000e+00
P 1   1
1.570000000000e-02  1.000000000000e+00
P 1   1
5.172000000000e+00  1.000000000000e+00
P 1   1
1.322500000000e+01  1.000000000000e+00
P 1   1
3.381600000000e+01  1.000000000000e+00
P 1   1
8.646700000000e+01  1.000000000000e+00
D 1   1
2.010000000000e+00  1.000000000000e+00
D 1   1
7.960000000000e-01  1.000000000000e+00
D 1   1
3.160000000000e-01  1.000000000000e+00
D 1   1
1.250000000000e-01  1.000000000000e+00
D 1   1
4.310000000000e-02  1.000000000000e+00
D 1   1
7.066000000000e+00  1.000000000000e+00
D 1   1
1.972100000000e+01  1.000000000000e+00
D 1   1
5.504200000000e+01  1.000000000000e+00
F 1   1
1.215000000000e+00  1.000000000000e+00
F 1   1
5.250000000000e-01  1.000000000000e+00
F 1   1
2.270000000000e-01  1.000000000000e+00
F 1   1
8.430000000000e-02  1.000000000000e+00
F 1   1
9.994000000000e+00  1.000000000000e+00
F 1   1
3.309000000000e+01  1.000000000000e+00
G 1   1
1.124000000000e+00  1.000000000000e+00
G 1   1
4.610000000000e-01  1.000000000000e+00
G 1   1
2.020000000000e-01  1.000000000000e+00
G 1   1
2.402000000000e+01  1.000000000000e+00
H 1   1
8.340000000000e-01  1.000000000000e+00
H 1   1
3.840000000000e-01  1.000000000000e+00
@END

@ATOMBASIS C
S 10   1
9.677000000000e+04  2.500000000000e-05
1.450000000000e+04  1.900000000000e-04
3.300000000000e+03  1.000000000000e-03
9.358000000000e+02  4.183000000000e-03
3.062000000000e+02  1.485900000000e-02
1.113000000000e+02  4.530100000000e-02
4.390000000000e+01  1.165040000000e-01
1.840000000000e+01  2.402490000000e-01
8.054000000000e+00  3.587990000000e-01
3.637000000000e+00  2.939410000000e-01
S 10   1
9.677000000000e+04 -5.000000000000e-06
1.450000000000e+04 -4.100000000000e-05
3.300000000000e+03 -2.130000000000e-04
9.358000000000e+02 -8.970000000000e-04
3.062000000000e+02 -3.187000000000e-03
1.113000000000e+02 -9.961000000000e-03
4.390000000000e+01 -2.637500000000e-02
1.840000000000e+01 -6.000100000000e-02
8.054000000000e+00 -1.068250000000e-01
3.637000000000e+00 -1.441660000000e-01
S 1   1
1.656000000000e+00  1.000000000000e+00
S 1   1
6.333000000000e-01  1.000000000000e+00
S 1   1
2.545000000000e-01  1.000000000000e+00
S 1   1
1.019000000000e-01  1.000000000000e+00
S 1   1
3.940000000000e-02  1.000000000000e+00
S 1   1
9.185000000000e+00  1.000000000000e+00
S 1   1
2.079500000000e+01  1.000000000000e+00
S 1   1
4.708000000000e+01  1.000000000000e+00
S 1   1
1.065880000000e+02  1.000000000000e+00
P 4   1
1.018000000000e+02  8.910000000000e-04
2.404000000000e+01  6.976000000000e-03
7.571000000000e+00  3.166900000000e-02
2.732000000000e+00  1.040060000000e-01
P 1   1
1.085000000000e+00  1.000000000000e+00
P 1   1
4.496000000000e-01  1.000000000000e+00
P 1   1
1.876000000000e-01  1.000000000000e+00
P 1   1
7.606000000000e-02  1.000000000000e+00
P 1   1
2.720000000000e-02  1.000000000000e+00
P 1   1
7.668000000000e+00  1.000000000000e+00
P 1   1
1.948400000000e+01  1.000000000000e+00
P 1   1
4.951000000000e+01  1.000000000000e+00
P 1   1
1.258040000000e+02  1.000000000000e+00
D 1   1
3.134000000000e+00  1.000000000000e+00
D 1   1
1.233000000000e+00  1.000000000000e+00
D 1   1
4.850000000000e-01  1.000000000000e+00
D 1   1
1.910000000000e-01  1.000000000000e+00
D 1   1
7.010000000000e-02  1.000000000000e+00
D 1   1
1.000900000000e+01  1.000000000000e+00
D 1   1
2.806500000000e+01  1.000000000000e+00
D 1   1
7.869500000000e+01  1.000000000000e+00
F 1   1
2.006000000000e+00  1.000000000000e+00
F 1   1
8.380000000000e-01  1.000000000000e+00
F 1   1
3.500000000000e-01  1.000000000000e+00
F 1   1
1.380000000000e-01  1.000000000000e+00
F 1   1
1.169300000000e+01  1.000000000000e+00
F 1   1
4.156900000000e+01  1.000000000000e+00
G 1   1
1.753000000000e+00  1.000000000000e+00
G 1   1
6.780000000000e-01  1.000000000000e+00
G 1   1
3.190000000000e-01  1.000000000000e+00
G 1   1
3.278000000000e+01  1.000000000000e+00
H 1   1
1.259000000000e+00  1.000000000000e+00
H 1   1
5.860000000000e-01  1.000000000000e+00
@END

@ATOMBASIS N
S 10   1
1.292000000000e+05  2.500000000000e-05
1.935000000000e+04  1.970000000000e-04
4.404000000000e+03  1.032000000000e-03
1.248000000000e+03  4.325000000000e-03
4.080000000000e+02  1.538000000000e-02
1.482000000000e+02  4.686700000000e-02
5.850000000000e+01  1.201160000000e-01
2.459000000000e+01  2.456950000000e-01
1.081000000000e+01  3.613790000000e-01
4.882000000000e+00  2.872830000000e-01
S 10   1
1.292000000000e+05 -6.000000000000e-06
1.935000000000e+04 -4.300000000000e-05
4.404000000000e+03 -2.270000000000e-04
1.248000000000e+03 -9.580000000000e-04
4.080000000000e+02 -3.416000000000e-03
1.482000000000e+02 -1.066700000000e-02
5.850000000000e+01 -2.827900000000e-02
2.459000000000e+01 -6.402000000000e-02
1.081000000000e+01 -1.139320000000e-01
4.882000000000e+00 -1.469950000000e-01
S 1   1
2.195000000000e+00  1.000000000000e+00
S 1   1
8.715000000000e-01  1.000000000000e+00
S 1   1
3.504000000000e-01  1.000000000000e+00
S 1   1
1.397000000000e-01  1.000000000000e+00
S 1   1
5.180000000000e-02  1.000000000000e+00
S 1   1
1.227500000000e+01  1.000000000000e+00
S 1   1
2.782700000000e+01  1.000000000000e+00
S 1   1
6.308500000000e+01  1.000000000000e+00
S 1   1
1.430130000000e+02  1.000000000000e+00
P 4   1
1.470000000000e+02  8.920000000000e-04
3.476000000000e+01  7.082000000000e-03
1.100000000000e+01  3.281600000000e-02
3.995000000000e+00  1.082090000000e-01
P 1   1
1.587000000000e+00  1.000000000000e+00
P 1   1
6.533000000000e-01  1.000000000000e+00
P 1   1
2.686000000000e-01  1.000000000000e+00
P 1   1
1.067000000000e-01  1.000000000000e+00
P 1   1
3.690000000000e-02  1.000000000000e+00
P 1   1
1.076000000000e+01  1.000000000000e+00
P 1   1
2.718000000000e+01  1.000000000000e+00
P 1   1
6.865600000000e+01  1.000000000000e+00
P 1   1
1.734250000000e+02  1.000000000000e+00
D 1   1
4.647000000000e+00  1.000000000000e+00
D 1   1
1.813000000000e+00  1.000000000000e+00
D 1   1
7.070000000000e-01  1.000000000000e+00
D 1   1
2.760000000000e-01  1.000000000000e+00
D 1   1
9.710000000000e-02  1.000000000000e+00
D 1   1
1.405300000000e+01  1.000000000000e+00
D 1   1
3.908100000000e+01  1.000000000000e+00
D 1   1
1.086850000000e+02  1.000000000000e+00
F 1   1
2.942000000000e+00  1.000000000000e+00
F 1   1
1.204000000000e+00  1.000000000000e+00
F 1   1
4.930000000000e-01  1.000000000000e+00
F 1   1
1.920000000000e-01  1.000000000000e+00
F 1   1
1.435700000000e+01  1.000000000000e+00
F 1   1
5.269000000000e+01  1.000000000000e+00
G 1   1
2.511000000000e+00  1.000000000000e+00
G 1   1
9.420000000000e-01  1.000000000000e+00
G 1   1
4.360000000000e-01  1.000000000000e+00
G 1   1
4.112000000000e+01  1.000000000000e+00
H 1   1
1.768000000000e+00  1.000000000000e+00
H 1   1
7.880000000000e-01  1.000000000000e+00
@END

@ATOMBASIS O
S 10   1
1.642000000000e+05  2.600000000000e-05
2.459000000000e+04  2.050000000000e-04
5.592000000000e+03  1.076000000000e-03
1.582000000000e+03  4.522000000000e-03
5.161000000000e+02  1.610800000000e-02
1.872000000000e+02  4.908500000000e-02
7.393000000000e+01  1.248570000000e-01
3.122000000000e+01  2.516860000000e-01
1.381000000000e+01  3.624200000000e-01
6.256000000000e+00  2.790510000000e-01
S 10   1
1.642000000000e+05 -6.000000000000e-06
2.459000000000e+04 -4.600000000000e-05
5.592000000000e+03 -2.440000000000e-04
1.582000000000e+03 -1.031000000000e-03
5.161000000000e+02 -3.688000000000e-03
1.872000000000e+02 -1.151400000000e-02
7.393000000000e+01 -3.043500000000e-02
3.122000000000e+01 -6.814700000000e-02
1.381000000000e+01 -1.203680000000e-01
6.256000000000e+00 -1.482600000000e-01
S 1   1
2.776000000000e+00  1.000000000000e+00
S 1   1
1.138000000000e+00  1.000000000000e+00
S 1   1
4.600000000000e-01  1.000000000000e+00
S 1   1
1.829000000000e-01  1.000000000000e+00
S 1   1
6.550000000000e-02  1.000000000000e+00
S 1   1
1.564500000000e+01  1.000000000000e+00
S 1   1
3.587400000000e+01  1.000000000000e+00
S 1   1
8.225900000000e+01  1.000000000000e+00
S 1   1
1.886200000000e+02  1.000000000000e+00
P 4   1
1.955000000000e+02  9.180000000000e-04
4.616000000000e+01  7.388000000000e-03
1.458000000000e+01  3.495800000000e-02
5.296000000000e+00  1.154310000000e-01
P 1   1
2.094000000000e+00  1.000000000000e+00
P 1   1
8.471000000000e-01  1.000000000000e+00
P 1   1
3.368000000000e-01  1.000000000000e+00
P 1   1
1.285000000000e-01  1.000000000000e+00
P 1   1
4.460000000000e-02  1.000000000000e+00
P 1   1
1.404900000000e+01  1.000000000000e+00
P 1   1
3.544600000000e+01  1.000000000000e+00
P 1   1
8.942900000000e+01  1.000000000000e+00
P 1   1
2.256300000000e+02  1.000000000000e+00
D 1   1
5.879000000000e+00  1.000000000000e+00
D 1   1
2.307000000000e+00  1.000000000000e+00
D 1   1
9.050000000000e-01  1.000000000000e+00
D 1   1
3.550000000000e-01  1.000000000000e+00
D 1   1
1.310000000000e-01  1.000000000000e+00
D 1   1
1.670300000000e+01  1.000000000000e+00
D 1   1
4.732000000000e+01  1.000000000000e+00
D 1   1
1.340560000000e+02  1.000000000000e+00
F 1   1
4.016000000000e+00  1.000000000000e+00
F 1   1
1.554000000000e+00  1.000000000000e+00
F 1   1
6.010000000000e-01  1.000000000000e+00
F 1   1
2.370000000000e-01  1.000000000000e+00
F 1   1
1.735400000000e+01  1.000000000000e+00
F 1   1
6.554600000000e+01  1.000000000000e+00
G 1   1
3.350000000000e+00  1.000000000000e+00
G 1   1
1.189000000000e+00  1.000000000000e+00
G 1   1
5.170000000000e-01  1.000000000000e+00
G 1   1
4.857800000000e+01  1.000000000000e+00
H 1   1
2.319000000000e+00  1.000000000000e+00
H 1   1
1.024000000000e+00  1.000000000000e+00
@END

@ATOMBASIS F
S 10   1
2.114000000000e+05  2.600000000000e-05
3.166000000000e+04  2.010000000000e-04
7.202000000000e+03  1.056000000000e-03
2.040000000000e+03  4.432000000000e-03
6.664000000000e+02  1.576600000000e-02
2.420000000000e+02  4.811200000000e-02
9.553000000000e+01  1.232320000000e-01
4.023000000000e+01  2.515190000000e-01
1.772000000000e+01  3.645250000000e-01
8.005000000000e+00  2.797660000000e-01
S 10   1
2.114000000000e+05 -6.000000000000e-06
3.166000000000e+04 -4.700000000000e-05
7.202000000000e+03 -2.440000000000e-04
2.040000000000e+03 -1.031000000000e-03
6.664000000000e+02 -3.683000000000e-03
2.420000000000e+02 -1.151300000000e-02
9.553000000000e+01 -3.066300000000e-02
4.023000000000e+01 -6.957200000000e-02
1.772000000000e+01 -1.239920000000e-01
8.005000000000e+00 -1.502140000000e-01
S 1   1
3.538000000000e+00  1.000000000000e+00
S 1   1
1.458000000000e+00  1.000000000000e+00
S 1   1
5.887000000000e-01  1.000000000000e+00
S 1   1
2.324000000000e-01  1.000000000000e+00
S 1   1
8.060000000000e-02  1.000000000000e+00
S 1   1
1.987600000000e+01  1.000000000000e+00
S 1   1
4.488000000000e+01  1.000000000000e+00
S 1   1
1.013390000000e+02  1.000000000000e+00
S 1   1
2.288240000000e+02  1.000000000000e+00
P 4   1
2.419000000000e+02  1.002000000000e-03
5.717000000000e+01  8.054000000000e-03
1.813000000000e+01  3.804800000000e-02
6.624000000000e+00  1.237790000000e-01
P 1   1
2.622000000000e+00  1.000000000000e+00
P 1   1
1.057000000000e+00  1.000000000000e+00
P 1   1
4.176000000000e-01  1.000000000000e+00
P 1   1
1.574000000000e-01  1.000000000000e+00
P 1   1
5.500000000000e-02  1.000000000000e+00
P 1   1
1.730600000000e+01  1.000000000000e+00
P 1   1
4.366300000000e+01  1.000000000000e+00
P 1   1
1.101620000000e+02  1.000000000000e+00
P 1   1
2.779380000000e+02  1.000000000000e+00
D 1   1
7.760000000000e+00  1.000000000000e+00
D 1   1
3.032000000000e+00  1.000000000000e+00
D 1   1
1.185000000000e+00  1.000000000000e+00
D 1   1
4.630000000000e-01  1.000000000000e+00
D 1   1
1.720000000000e-01  1.000000000000e+00
D 1   1
2.173100000000e+01  1.000000000000e+00
D 1   1
6.095500000000e+01  1.000000000000e+00
D 1   1
1.708900000000e+02  1.000000000000e+00
F 1   1
5.398000000000e+00  1.000000000000e+00
F 1   1
2.078000000000e+00  1.000000000000e+00
F 1   1
8.000000000000e-01  1.000000000000e+00
F 1   1
3.310000000000e-01  1.000000000000e+00
F 1   1
2.233700000000e+01  1.000000000000e+00
F 1   1
8.229000000000e+01  1.000000000000e+00
G 1   1
4.338000000000e+00  1.000000000000e+00
G 1   1
1.513000000000e+00  1.000000000000e+00
G 1   1
6.630000000000e-01  1.000000000000e+00
G 1   1
4.972700000000e+01  1.000000000000e+00
H 1   1
2.995000000000e+00  1.000000000000e+00
H 1   1
1.326000000000e+00  1.000000000000e+00
@END

@ATOMBASIS NE
S 10   1
2.627000000000e+05  2.600000000000e-05
3.935000000000e+04  2.000000000000e-04
8.955000000000e+03  1.050000000000e-03
2.538000000000e+03  4.400000000000e-03
8.299000000000e+02  1.564900000000e-02
3.015000000000e+02  4.775800000000e-02
1.190000000000e+02  1.229430000000e-01
5.000000000000e+01  2.524830000000e-01
2.198000000000e+01  3.663140000000e-01
9.891000000000e+00  2.796170000000e-01
S 10   1
2.627000000000e+05 -6.000000000000e-06
3.935000000000e+04 -4.700000000000e-05
8.955000000000e+03 -2.470000000000e-04
2.538000000000e+03 -1.038000000000e-03
8.299000000000e+02 -3.711000000000e-03
3.015000000000e+02 -1.159300000000e-02
1.190000000000e+02 -3.108600000000e-02
5.000000000000e+01 -7.097200000000e-02
2.198000000000e+01 -1.272660000000e-01
9.891000000000e+00 -1.512310000000e-01
S 1   1
4.327000000000e+00  1.000000000000e+00
S 1   1
1.804000000000e+00  1.000000000000e+00
S 1   1
7.288000000000e-01  1.000000000000e+00
S 1   1
2.867000000000e-01  1.000000000000e+00
S 1   1
9.570000000000e-02  1.000000000000e+00
S 1   1
2.431300000000e+01  1.000000000000e+00
S 1   1
5.468000000000e+01  1.000000000000e+00
S 1   1
1.229750000000e+02  1.000000000000e+00
S 1   1
2.765710000000e+02  1.000000000000e+00
P 4   1
2.991000000000e+02  1.038000000000e-03
7.073000000000e+01  8.375000000000e-03
2.248000000000e+01  3.969300000000e-02
8.246000000000e+00  1.280560000000e-01
P 1   1
3.269000000000e+00  1.000000000000e+00
P 1   1
1.315000000000e+00  1.000000000000e+00
P 1   1
5.158000000000e-01  1.000000000000e+00
P 1   1
1.918000000000e-01  1.000000000000e+00
P 1   1
6.540000000000e-02  1.000000000000e+00
P 1   1
2.130900000000e+01  1.000000000000e+00
P 1   1
5.372000000000e+01  1.000000000000e+00
P 1   1
1.354280000000e+02  1.000000000000e+00
P 1   1
3.414140000000e+02  1.000000000000e+00
D 1   1
9.837000000000e+00  1.000000000000e+00
D 1   1
3.844000000000e+00  1.000000000000e+00
D 1   1
1.502000000000e+00  1.000000000000e+00
D 1   1
5.870000000000e-01  1.000000000000e+00
D 1   1
2.130000000000e-01  1.000000000000e+00
D 1   1
2.704400000000e+01  1.000000000000e+00
D 1   1
7.575000000000e+01  1.000000000000e+00
D 1   1
2.121760000000e+02  1.000000000000e+00
F 1   1
7.090000000000e+00  1.000000000000e+00
F 1   1
2.738000000000e+00  1.000000000000e+00
F 1   1
1.057000000000e+00  1.000000000000e+00
F 1   1
4.250000000000e-01  1.000000000000e+00
F 1   1
2.802900000000e+01  1.000000000000e+00
F 1   1
1.025860000000e+02  1.000000000000e+00
G 1   1
5.460000000000e+00  1.000000000000e+00
G 1   1
1.880000000000e+00  1.000000000000e+00
G 1   1
8.090000000000e-01  1.000000000000e+00
G 1   1
3.879400000000e+01  1.000000000000e+00
H 1   1
3.776000000000e+00  1.000000000000e+00
H 1   1
1.628000000000e+00  1.000000000000e+00
@END

@ATOMBASIS NA
S 15   1
1.224000000000e+06  5.000000000000e-06
1.832000000000e+05  3.700000000000e-05
4.170000000000e+04  1.960000000000e-04
1.181000000000e+04  8.270000000000e-04
3.853000000000e+03  3.003000000000e-03
1.391000000000e+03  9.703000000000e-03
5.425000000000e+02  2.823400000000e-02
2.249000000000e+02  7.320600000000e-02
9.793000000000e+01  1.628970000000e-01
4.431000000000e+01  2.887080000000e-01
2.065000000000e+01  3.468290000000e-01
9.729000000000e+00  2.068650000000e-01
4.228000000000e+00  3.280100000000e-02
1.969000000000e+00 -6.480000000000e-04
8.890000000000e-01  1.459000000000e-03
S 15   1
1.224000000000e+06 -1.000000000000e-06
1.832000000000e+05 -9.000000000000e-06
4.170000000000e+04 -4.800000000000e-05
1.181000000000e+04 -2.020000000000e-04
3.853000000000e+03 -7.360000000000e-04
1.391000000000e+03 -2.387000000000e-03
5.425000000000e+02 -7.050000000000e-03
2.249000000000e+02 -1.878600000000e-02
9.793000000000e+01 -4.461500000000e-02
4.431000000000e+01 -8.977400000000e-02
2.065000000000e+01 -1.429400000000e-01
9.729000000000e+00 -1.243150000000e-01
4.228000000000e+00  9.996500000000e-02
1.969000000000e+00  4.170800000000e-01
8.890000000000e-01  4.751230000000e-01
S 14   1
1.832000000000e+05  1.000000000000e-06
4.170000000000e+04  7.000000000000e-06
1.181000000000e+04  3.000000000000e-05
3.853000000000e+03  1.110000000000e-04
1.391000000000e+03  3.590000000000e-04
5.425000000000e+02  1.063000000000e-03
2.249000000000e+02  2.827000000000e-03
9.793000000000e+01  6.767000000000e-03
4.431000000000e+01  1.364800000000e-02
2.065000000000e+01  2.228100000000e-02
9.729000000000e+00  1.960100000000e-02
4.228000000000e+00 -1.677100000000e-02
1.969000000000e+00 -7.737300000000e-02
8.890000000000e-01 -1.135010000000e-01
S 1   1
3.964000000000e-01  1.000000000000e+00
S 1   1
6.993000000000e-02  1.000000000000e+00
S 1   1
3.289000000000e-02  1.000000000000e+00
S 1   1
1.612000000000e-02  1.000000000000e+00
S 1   1
5.100000000000e-03  1.000000000000e+00
S 1   1
1.574890000000e+02  1.000000000000e+00
S 1   1
2.792700000000e+01  1.000000000000e+00
S 1   1
4.952000000000e+00  1.000000000000e+00
S 1   1
8.780000000000e-01  1.000000000000e+00
P 8   1
4.134000000000e+02  9.080000000000e-04
9.798000000000e+01  7.418000000000e-03
3.137000000000e+01  3.574600000000e-02
1.162000000000e+01  1.185200000000e-01
4.671000000000e+00  2.614030000000e-01
1.918000000000e+00  3.783950000000e-01
7.775000000000e-01  3.346320000000e-01
3.013000000000e-01  1.268440000000e-01
P 8   1
4.134000000000e+02 -9.000000000000e-05
9.798000000000e+01 -7.390000000000e-04
3.137000000000e+01 -3.573000000000e-03
1.162000000000e+01 -1.201400000000e-02
4.671000000000e+00 -2.671800000000e-02
1.918000000000e+00 -3.927500000000e-02
7.775000000000e-01 -3.760800000000e-02
3.013000000000e-01 -4.332300000000e-02
P 1   1
2.275000000000e-01  1.000000000000e+00
P 1   1
7.527000000000e-02  1.000000000000e+00
P 1   1
3.126000000000e-02  1.000000000000e+00
P 1   1
1.342000000000e-02  1.000000000000e+00
P 1   1
5.500000000000e-03  1.000000000000e+00
P 1   1
9.869000000000e+00  1.000000000000e+00
P 1   1
4.414000000000e+00  1.000000000000e+00
P 1   1
1.974000000000e+00  1.000000000000e+00
P 1   1
8.830000000000e-01  1.000000000000e+00
D 1   1
2.734000000000e-01  1.000000000000e+00
D 1   1
1.538000000000e-01  1.000000000000e+00
D 1   1
8.650000000000e-02  1.000000000000e+00
D 1   1
4.870000000000e-02  1.000000000000e+00
D 1   1
2.290000000000e-02  1.000000000000e+00
D 1   1
1.440100000000e+01  1.000000000000e+00
D 1   1
6.184000000000e+00  1.000000000000e+00
D 1   1
2.656000000000e+00  1.000000000000e+00
D 1   1
1.140000000000e+00  1.000000000000e+00
F 1   1
4.000000000000e-01  1.000000000000e+00
F 1   1
1.912000000000e-01  1.000000000000e+00
F 1   1
1.036000000000e-01  1.000000000000e+00
F 1   1
4.140000000000e-02  1.000000000000e+00
F 1   1
1.052400000000e+01  1.000000000000e+00
F 1   1
4.405000000000e+00  1.000000000000e+00
F 1   1
1.844000000000e+00  1.000000000000e+00
G 1   1
4.250000000000e-01  1.000000000000e+00
G 1   1
1.722000000000e-01  1.000000000000e+00
G 1   1
7.320000000000e-02  1.000000000000e+00
G 1   1
7.326000000000e+00  1.000000000000e+00
G 1   1
2.727000000000e+00  1.000000000000e+00
H 1   1
2.000000000000e-01  1.000000000000e+00
H 1   1
1.048000000000e-01  1.000000000000e+00
H 1   1
5.133000000000e+00  1.000000000000e+00
@END

@ATOMBASIS MG
S 16   1
2.968000000000e+06  1.971770000000e-06
4.443000000000e+05  1.533620000000e-05
1.011000000000e+05  8.068520000000e-05
2.864000000000e+04  3.407710000000e-04
9.343000000000e+03  1.241940000000e-03
3.373000000000e+03  4.041240000000e-03
1.316000000000e+03  1.197970000000e-02
5.458000000000e+02  3.242530000000e-02
2.381000000000e+02  7.893320000000e-02
1.082000000000e+02  1.665750000000e-01
5.080000000000e+01  2.828710000000e-01
2.448000000000e+01  3.318900000000e-01
1.193000000000e+01  2.032870000000e-01
5.543000000000e+00  3.828970000000e-02
2.675000000000e+00  3.089160000000e-04
1.263000000000e+00  1.389070000000e-03
S 16   1
2.968000000000e+06 -4.981600000000e-07
4.443000000000e+05 -3.875630000000e-06
1.011000000000e+05 -2.038540000000e-05
2.864000000000e+04 -8.616590000000e-05
9.343000000000e+03 -3.141760000000e-04
3.373000000000e+03 -1.025770000000e-03
1.316000000000e+03 -3.058160000000e-03
5.458000000000e+02 -8.410630000000e-03
2.381000000000e+02 -2.112020000000e-02
1.082000000000e+02 -4.768820000000e-02
5.080000000000e+01 -9.241190000000e-02
2.448000000000e+01 -1.425480000000e-01
1.193000000000e+01 -1.261680000000e-01
5.543000000000e+00  7.152820000000e-02
2.675000000000e+00  3.830390000000e-01
1.263000000000e+00  4.901330000000e-01
S 16   1
2.968000000000e+06  9.601750000000e-08
4.443000000000e+05  7.461640000000e-07
1.011000000000e+05  3.931190000000e-06
2.864000000000e+04  1.658120000000e-05
9.343000000000e+03  6.062570000000e-05
3.373000000000e+03  1.973220000000e-04
1.316000000000e+03  5.908810000000e-04
5.458000000000e+02  1.619040000000e-03
2.381000000000e+02  4.097560000000e-03
1.082000000000e+02  9.229890000000e-03
5.080000000000e+01  1.821680000000e-02
2.448000000000e+01  2.828840000000e-02
1.193000000000e+01  2.650590000000e-02
5.543000000000e+00 -1.720530000000e-02
2.675000000000e+00 -8.859170000000e-02
1.263000000000e+00 -1.638710000000e-01
S 1   1
5.883000000000e-01  1.000000000000e+00
S 1   1
1.496000000000e-01  1.000000000000e+00
S 1   1
6.700000000000e-02  1.000000000000e+00
S 1   1
2.952000000000e-02  1.000000000000e+00
S 1   1
1.080000000000e-02  1.000000000000e+00
S 1   1
1.439600000000e+01  1.000000000000e+00
S 1   1
8.129000000000e+00  1.000000000000e+00
S 1   1
4.590000000000e+00  1.000000000000e+00
S 1   1
2.592000000000e+00  1.000000000000e+00
P 10   1
1.441000000000e+03  1.524070000000e-04
3.414000000000e+02  1.327640000000e-03
1.107000000000e+02  7.219370000000e-03
4.197000000000e+01  2.852050000000e-02
1.749000000000e+01  8.653460000000e-02
7.753000000000e+00  1.949500000000e-01
3.534000000000e+00  3.120510000000e-01
1.614000000000e+00  3.484760000000e-01
7.299000000000e-01  2.188860000000e-01
3.029000000000e-01  4.355790000000e-02
P 10   1
1.441000000000e+03 -2.410310000000e-05
3.414000000000e+02 -2.108090000000e-04
1.107000000000e+02 -1.145300000000e-03
4.197000000000e+01 -4.564170000000e-03
1.749000000000e+01 -1.396030000000e-02
7.753000000000e+00 -3.211050000000e-02
3.534000000000e+00 -5.162170000000e-02
1.614000000000e+00 -6.137130000000e-02
7.299000000000e-01 -4.424650000000e-02
3.029000000000e-01  5.231910000000e-02
P 1   1
1.583000000000e-01  1.000000000000e+00
P 1   1
8.190000000000e-02  1.000000000000e+00
P 1   1
4.123000000000e-02  1.000000000000e+00
P 1   1
1.988000000000e-02  1.000000000000e+00
P 1   1
7.100000000000e-03  1.000000000000e+00
P 1   1
6.777300000000e+01  1.000000000000e+00
P 1   1
2.488700000000e+01  1.000000000000e+00
P 1   1
9.139000000000e+00  1.000000000000e+00
P 1   1
3.356000000000e+00  1.000000000000e+00
D 1   1
1.100000000000e-01  1.000000000000e+00
D 1   1
2.420000000000e-01  1.000000000000e+00
D 1   1
5.320000000000e-01  1.000000000000e+00
D 1   1
1.171000000000e+00  1.000000000000e+00
D 1   1
3.710000000000e-02  1.000000000000e+00
D 1   1
2.482300000000e+01  1.000000000000e+00
D 1   1
1.182000000000e+01  1.000000000000e+00
D 1   1
5.629000000000e+00  1.000000000000e+00
D 1   1
2.303000000000e+00  1.000000000000e+00
F 1   1
1.550000000000e-01  1.000000000000e+00
F 1   1
2.640000000000e-01  1.000000000000e+00
F 1   1
4.480000000000e-01  1.000000000000e+00
F 1   1
5.790000000000e-02  1.000000000000e+00
F 1   1
1.300000000000e+01  1.000000000000e+00
F 1   1
5.471000000000e+00  1.000000000000e+00
F 1   1
2.303000000000e+00  1.000000000000e+00
G 1   1
2.400000000000e-01  1.000000000000e+00
G 1   1
4.440000000000e-01  1.000000000000e+00
G 1   1
9.470000000000e-02  1.000000000000e+00
G 1   1
9.389000000000e+00  1.000000000000e+00
G 1   1
3.530000000000e+00  1.000000000000e+00
H 1   1
3.750000000000e-01  1.000000000000e+00
H 1   1
1.577000000000e-01  1.000000000000e+00
H 1   1
6.721000000000e+00  1.000000000000e+00
@END

@ATOMBASIS AL
S 11   1
3.269000000000e+06  2.100000000000e-06
4.894000000000e+05  1.660000000000e-05
1.114000000000e+05  8.750000000000e-05
3.156000000000e+04  3.690000000000e-04
1.032000000000e+04  1.339000000000e-03
3.731000000000e+03  4.356400000000e-03
1.456000000000e+03  1.289550000000e-02
6.041000000000e+02  3.482010000000e-02
2.635000000000e+02  8.435300000000e-02
1.198000000000e+02  1.759070000000e-01
5.632000000000e+01  2.920910000000e-01
S 11   1
3.269000000000e+06 -6.000000000000e-07
4.894000000000e+05 -4.300000000000e-06
1.114000000000e+05 -2.270000000000e-05
3.156000000000e+04 -9.600000000000e-05
1.032000000000e+04 -3.484000000000e-04
3.731000000000e+03 -1.138400000000e-03
1.456000000000e+03 -3.387400000000e-03
6.041000000000e+02 -9.315100000000e-03
2.635000000000e+02 -2.330230000000e-02
1.198000000000e+02 -5.234860000000e-02
5.632000000000e+01 -9.994990000000e-02
S 1   1
2.719000000000e+01  1.000000000000e+00
S 1   1
1.326000000000e+01  1.000000000000e+00
S 1   1
6.052000000000e+00  1.000000000000e+00
S 1   1
2.981000000000e+00  1.000000000000e+00
S 1   1
1.476000000000e+00  1.000000000000e+00
S 1   1
7.334000000000e-01  1.000000000000e+00
S 1   1
2.447000000000e-01  1.000000000000e+00
S 1   1
1.088000000000e-01  1.000000000000e+00
S 1   1
4.672000000000e-02  1.000000000000e+00
S 1   1
1.770000000000e-02  1.000000000000e+00
P 3   1
1.461000000000e+03  2.086000000000e-04
3.462000000000e+02  1.810100000000e-03
1.122000000000e+02  9.734300000000e-03
P 1   1
4.251000000000e+01  1.000000000000e+00
P 1   1
1.772000000000e+01  1.000000000000e+00
P 1   1
7.852000000000e+00  1.000000000000e+00
P 1   1
3.571000000000e+00  1.000000000000e+00
P 1   1
1.637000000000e+00  1.000000000000e+00
P 1   1
7.382000000000e-01  1.000000000000e+00
P 1   1
2.577000000000e-01  1.000000000000e+00
P 1   1
9.773000000000e-02  1.000000000000e+00
P 1   1
3.690000000000e-02  1.000000000000e+00
P 1   1
1.150000000000e-02  1.000000000000e+00
D 1   1
1.317000000000e+00  1.000000000000e+00
D 1   1
5.260000000000e-01  1.000000000000e+00
D 1   1
2.100000000000e-01  1.000000000000e+00
D 1   1
8.400000000000e-02  1.000000000000e+00
D 1   1
3.024000000000e+01  1.000000000000e+00
D 1   1
1.424900000000e+01  1.000000000000e+00
D 1   1
6.714200000000e+00  1.000000000000e+00
D 1   1
3.163000000000e+00  1.000000000000e+00
D 1   1
2.940000000000e-02  1.000000000000e+00
F 1   1
1.300000000000e-01  1.000000000000e+00
F 1   1
2.580000000000e-01  1.000000000000e+00
F 1   1
5.130000000000e-01  1.000000000000e+00
F 1   1
1.564100000000e+01  1.000000000000e+00
F 1   1
6.527000000000e+00  1.000000000000e+00
F 1   1
2.724000000000e+00  1.000000000000e+00
F 1   1
5.090000000000e-02  1.000000000000e+00
G 1   1
2.520000000000e-01  1.000000000000e+00
G 1   1
5.430000000000e-01  1.000000000000e+00
G 1   1
1.183000000000e+01  1.000000000000e+00
G 1   1
4.502000000000e+00  1.000000000000e+00
G 1   1
1.069000000000e-01  1.000000000000e+00
H 1   1
4.460000000000e-01  1.000000000000e+00
H 1   1
8.508000000000e+00  1.000000000000e+00
H 1   1
2.270000000000e-01  1.000000000000e+00
@END

@ATOMBASIS SI
S 11   1
3.948000000000e+06  2.000000000000e-06
5.911000000000e+05  1.580000000000e-05
1.345000000000e+05  8.340000000000e-05
3.812000000000e+04  3.514000000000e-04
1.246000000000e+04  1.276600000000e-03
4.504000000000e+03  4.151900000000e-03
1.758000000000e+03  1.230300000000e-02
7.291000000000e+02  3.331020000000e-02
3.180000000000e+02  8.098450000000e-02
1.446000000000e+02  1.702900000000e-01
6.797000000000e+01  2.868790000000e-01
S 11   1
3.948000000000e+06 -5.000000000000e-07
5.911000000000e+05 -4.200000000000e-06
1.345000000000e+05 -2.220000000000e-05
3.812000000000e+04 -9.360000000000e-05
1.246000000000e+04 -3.401000000000e-04
4.504000000000e+03 -1.110600000000e-03
1.758000000000e+03 -3.308800000000e-03
7.291000000000e+02 -9.116000000000e-03
3.180000000000e+02 -2.287900000000e-02
1.446000000000e+02 -5.171190000000e-02
6.797000000000e+01 -9.990910000000e-02
S 1   1
3.282000000000e+01  1.000000000000e+00
S 1   1
1.603000000000e+01  1.000000000000e+00
S 1   1
7.396000000000e+00  1.000000000000e+00
S 1   1
3.661000000000e+00  1.000000000000e+00
S 1   1
1.823000000000e+00  1.000000000000e+00
S 1   1
9.147000000000e-01  1.000000000000e+00
S 1   1
3.393000000000e-01  1.000000000000e+00
S 1   1
1.500000000000e-01  1.000000000000e+00
S 1   1
6.438000000000e-02  1.000000000000e+00
S 1   1
2.600000000000e-02  1.000000000000e+00
P 3   1
1.780000000000e+03  2.012000000000e-04
4.218000000000e+02  1.749400000000e-03
1.367000000000e+02  9.481400000000e-03
P 1   1
5.181000000000e+01  1.000000000000e+00
P 1   1
2.160000000000e+01  1.000000000000e+00
P 1   1
9.563000000000e+00  1.000000000000e+00
P 1   1
4.350000000000e+00  1.000000000000e+00
P 1   1
2.006000000000e+00  1.000000000000e+00
P 1   1
9.205000000000e-01  1.000000000000e+00
P 1   1
3.500000000000e-01  1.000000000000e+00
P 1   1
1.381000000000e-01  1.000000000000e+00
P 1   1
5.338000000000e-02  1.000000000000e+00
P 1   1
1.920000000000e-02  1.000000000000e+00
D 1   1
1.260000000000e-01  1.000000000000e+00
D 1   1
3.210000000000e-01  1.000000000000e+00
D 1   1
8.170000000000e-01  1.000000000000e+00
D 1   1
2.082000000000e+00  1.000000000000e+00
D 1   1
3.993400000000e+01  1.000000000000e+00
D 1   1
1.948300000000e+01  1.000000000000e+00
D 1   1
9.505000000000e+00  1.000000000000e+00
D 1   1
4.638000000000e+00  1.000000000000e+00
D 1   1
4.680000000000e-02  1.000000000000e+00
F 1   1
1.690000000000e-01  1.000000000000e+00
F 1   1
3.410000000000e-01  1.000000000000e+00
F 1   1
6.880000000000e-01  1.000000000000e+00
F 1   1
1.896400000000e+01  1.000000000000e+00
F 1   1
7.956000000000e+00  1.000000000000e+00
F 1   1
3.338000000000e+00  1.000000000000e+00
F 1   1
7.350000000000e-02  1.000000000000e+00
G 1   1
3.200000000000e-01  1.000000000000e+00
G 1   1
7.050000000000e-01  1.000000000000e+00
G 1   1
1.450400000000e+01  1.000000000000e+00
G 1   1
5.581000000000e+00  1.000000000000e+00
G 1   1
1.510000000000e-01  1.000000000000e+00
H 1   1
5.830000000000e-01  1.000000000000e+00
H 1   1
1.053600000000e+01  1.000000000000e+00
H 1   1
3.230000000000e-01  1.000000000000e+00
@END

@ATOMBASIS P
S 11   1
4.666000000000e+06  2.000000000000e-06
6.986000000000e+05  1.530000000000e-05
1.590000000000e+05  8.050000000000e-05
4.504000000000e+04  3.397000000000e-04
1.472000000000e+04  1.232900000000e-03
5.323000000000e+03  4.013500000000e-03
2.076000000000e+03  1.191240000000e-02
8.611000000000e+02  3.225110000000e-02
3.757000000000e+02  7.866430000000e-02
1.708000000000e+02  1.664580000000e-01
8.029000000000e+01  2.830390000000e-01
S 11   1
4.666000000000e+06 -5.000000000000e-07
6.986000000000e+05 -4.200000000000e-06
1.590000000000e+05 -2.180000000000e-05
4.504000000000e+04 -9.230000000000e-05
1.472000000000e+04 -3.351000000000e-04
5.323000000000e+03 -1.095100000000e-03
2.076000000000e+03 -3.268000000000e-03
8.611000000000e+02 -8.999500000000e-03
3.757000000000e+02 -2.265280000000e-02
1.708000000000e+02 -5.146500000000e-02
8.029000000000e+01 -1.001860000000e-01
S 1   1
3.877000000000e+01  1.000000000000e+00
S 1   1
1.893000000000e+01  1.000000000000e+00
S 1   1
8.796000000000e+00  1.000000000000e+00
S 1   1
4.358000000000e+00  1.000000000000e+00
S 1   1
2.174000000000e+00  1.000000000000e+00
S 1   1
1.095000000000e+00  1.000000000000e+00
S 1   1
4.400000000000e-01  1.000000000000e+00
S 1   1
1.945000000000e-01  1.000000000000e+00
S 1   1
8.376000000000e-02  1.000000000000e+00
S 1   1
3.350000000000e-02  1.000000000000e+00
P 3   1
2.010000000000e+03  2.159000000000e-04
4.763000000000e+02  1.875400000000e-03
1.544000000000e+02  1.017420000000e-02
P 1   1
5.851000000000e+01  1.000000000000e+00
P 1   1
2.440000000000e+01  1.000000000000e+00
P 1   1
1.080000000000e+01  1.000000000000e+00
P 1   1
4.913000000000e+00  1.000000000000e+00
P 1   1
2.269000000000e+00  1.000000000000e+00
P 1   1
1.043000000000e+00  1.000000000000e+00
P 1   1
4.313000000000e-01  1.000000000000e+00
P 1   1
1.767000000000e-01  1.000000000000e+00
P 1   1
7.009000000000e-02  1.000000000000e+00
P 1   1
2.530000000000e-02  1.000000000000e+00
D 1   1
1.660000000000e-01  1.000000000000e+00
D 1   1
4.180000000000e-01  1.000000000000e+00
D 1   1
1.054000000000e+00  1.000000000000e+00
D 1   1
2.656000000000e+00  1.000000000000e+00
D 1   1
4.848300000000e+01  1.000000000000e+00
D 1   1
2.387800000000e+01  1.000000000000e+00
D 1   1
1.176000000000e+01  1.000000000000e+00
D 1   1
5.792000000000e+00  1.000000000000e+00
D 1   1
6.240000000000e-02  1.000000000000e+00
F 1   1
2.190000000000e-01  1.000000000000e+00
F 1   1
4.500000000000e-01  1.000000000000e+00
F 1   1
9.230000000000e-01  1.000000000000e+00
F 1   1
2.292000000000e+01  1.000000000000e+00
F 1   1
9.683000000000e+00  1.000000000000e+00
F 1   1
4.091000000000e+00  1.000000000000e+00
F 1   1
9.500000000000e-02  1.000000000000e+00
G 1   1
4.120000000000e-01  1.000000000000e+00
G 1   1
9.030000000000e-01  1.000000000000e+00
G 1   1
1.732200000000e+01  1.000000000000e+00
G 1   1
6.717000000000e+00  1.000000000000e+00
G 1   1
1.840000000000e-01  1.000000000000e+00
H 1   1
7.450000000000e-01  1.000000000000e+00
H 1   1
1.281100000000e+01  1.000000000000e+00
H 1   1
3.720000000000e-01  1.000000000000e+00
@END

@ATOMBASIS S
S 11   1
5.481000000000e+06  1.900000000000e-06
8.206000000000e+05  1.470000000000e-05
1.867000000000e+05  7.750000000000e-05
5.288000000000e+04  3.272000000000e-04
1.725000000000e+04  1.193700000000e-03
6.226000000000e+03  3.883900000000e-03
2.429000000000e+03  1.153360000000e-02
1.007000000000e+03  3.127480000000e-02
4.395000000000e+02  7.643870000000e-02
1.998000000000e+02  1.627000000000e-01
9.392000000000e+01  2.793280000000e-01
S 11   1
5.481000000000e+06 -5.000000000000e-07
8.206000000000e+05 -4.100000000000e-06
1.867000000000e+05 -2.140000000000e-05
5.288000000000e+04 -9.050000000000e-05
1.725000000000e+04 -3.301000000000e-04
6.226000000000e+03 -1.077800000000e-03
2.429000000000e+03 -3.218700000000e-03
1.007000000000e+03 -8.872200000000e-03
4.395000000000e+02 -2.237710000000e-02
1.998000000000e+02 -5.105770000000e-02
9.392000000000e+01 -1.002250000000e-01
S 1   1
4.534000000000e+01  1.000000000000e+00
S 1   1
2.215000000000e+01  1.000000000000e+00
S 1   1
1.034000000000e+01  1.000000000000e+00
S 1   1
5.119000000000e+00  1.000000000000e+00
S 1   1
2.553000000000e+00  1.000000000000e+00
S 1   1
1.282000000000e+00  1.000000000000e+00
S 1   1
5.450000000000e-01  1.000000000000e+00
S 1   1
2.411000000000e-01  1.000000000000e+00
S 1   1
1.035000000000e-01  1.000000000000e+00
S 1   1
4.200000000000e-02  1.000000000000e+00
P 3   1
2.200000000000e+03  2.390000000000e-04
5.214000000000e+02  2.076900000000e-03
1.690000000000e+02  1.123630000000e-02
P 1   1
6.405000000000e+01  1.000000000000e+00
P 1   1
2.672000000000e+01  1.000000000000e+00
P 1   1
1.183000000000e+01  1.000000000000e+00
P 1   1
5.378000000000e+00  1.000000000000e+00
P 1   1
2.482000000000e+00  1.000000000000e+00
P 1   1
1.116000000000e+00  1.000000000000e+00
P 1   1
4.848000000000e-01  1.000000000000e+00
P 1   1
2.006000000000e-01  1.000000000000e+00
P 1   1
7.951000000000e-02  1.000000000000e+00
P 1   1
2.940000000000e-02  1.000000000000e+00
D 1   1
2.050000000000e-01  1.000000000000e+00
D 1   1
5.120000000000e-01  1.000000000000e+00
D 1   1
1.281000000000e+00  1.000000000000e+00
D 1   1
3.203000000000e+00  1.000000000000e+00
D 1   1
5.669400000000e+01  1.000000000000e+00
D 1   1
2.807000000000e+01  1.000000000000e+00
D 1   1
1.389800000000e+01  1.000000000000e+00
D 1   1
6.881000000000e+00  1.000000000000e+00
D 1   1
7.940000000000e-02  1.000000000000e+00
F 1   1
2.550000000000e-01  1.000000000000e+00
F 1   1
5.290000000000e-01  1.000000000000e+00
F 1   1
1.096000000000e+00  1.000000000000e+00
F 1   1
2.638200000000e+01  1.000000000000e+00
F 1   1
1.107200000000e+01  1.000000000000e+00
F 1   1
4.647000000000e+00  1.000000000000e+00
F 1   1
1.188000000000e-01  1.000000000000e+00
G 1   1
4.630000000000e-01  1.000000000000e+00
G 1   1
1.071000000000e+00  1.000000000000e+00
G 1   1
2.034600000000e+01  1.000000000000e+00
G 1   1
7.908000000000e+00  1.000000000000e+00
G 1   1
2.200000000000e-01  1.000000000000e+00
H 1   1
8.720000000000e-01  1.000000000000e+00
H 1   1
1.530600000000e+01  1.000000000000e+00
H 1   1
4.720000000000e-01  1.000000000000e+00
@END

@ATOMBASIS CL
S 11   1
6.410000000000e+06  1.800000000000e-06
9.596000000000e+05  1.410000000000e-05
2.183000000000e+05  7.420000000000e-05
6.181000000000e+04  3.141000000000e-04
2.014000000000e+04  1.146400000000e-03
7.264000000000e+03  3.738900000000e-03
2.832000000000e+03  1.109460000000e-02
1.175000000000e+03  3.011520000000e-02
5.126000000000e+02  7.391450000000e-02
2.330000000000e+02  1.582580000000e-01
1.095000000000e+02  2.747530000000e-01
S 11   1
6.410000000000e+06 -5.000000000000e-07
9.596000000000e+05 -4.000000000000e-06
2.183000000000e+05 -2.080000000000e-05
6.181000000000e+04 -8.810000000000e-05
2.014000000000e+04 -3.217000000000e-04
7.264000000000e+03 -1.052800000000e-03
2.832000000000e+03 -3.141800000000e-03
1.175000000000e+03 -8.663600000000e-03
5.126000000000e+02 -2.193530000000e-02
2.330000000000e+02 -5.025840000000e-02
1.095000000000e+02 -9.954140000000e-02
S 1   1
5.286000000000e+01  1.000000000000e+00
S 1   1
2.584000000000e+01  1.000000000000e+00
S 1   1
1.217000000000e+01  1.000000000000e+00
S 1   1
6.030000000000e+00  1.000000000000e+00
S 1   1
3.012000000000e+00  1.000000000000e+00
S 1   1
1.511000000000e+00  1.000000000000e+00
S 1   1
6.604000000000e-01  1.000000000000e+00
S 1   1
2.926000000000e-01  1.000000000000e+00
S 1   1
1.254000000000e-01  1.000000000000e+00
S 1   1
4.790000000000e-02  1.000000000000e+00
P 3   1
2.548000000000e+03  2.357000000000e-04
6.037000000000e+02  2.051600000000e-03
1.956000000000e+02  1.115430000000e-02
P 1   1
7.415000000000e+01  1.000000000000e+00
P 1   1
3.094000000000e+01  1.000000000000e+00
P 1   1
1.369000000000e+01  1.000000000000e+00
P 1   1
6.229000000000e+00  1.000000000000e+00
P 1   1
2.878000000000e+00  1.000000000000e+00
P 1   1
1.282000000000e+00  1.000000000000e+00
P 1   1
5.641000000000e-01  1.000000000000e+00
P 1   1
2.348000000000e-01  1.000000000000e+00
P 1   1
9.312000000000e-02  1.000000000000e+00
P 1   1
3.480000000000e-02  1.000000000000e+00
D 1   1
2.500000000000e-01  1.000000000000e+00
D 1   1
6.180000000000e-01  1.000000000000e+00
D 1   1
1.529000000000e+00  1.000000000000e+00
D 1   1
3.781000000000e+00  1.000000000000e+00
D 1   1
6.583700000000e+01  1.000000000000e+00
D 1   1
3.268700000000e+01  1.000000000000e+00
D 1   1
1.622800000000e+01  1.000000000000e+00
D 1   1
8.057000000000e+00  1.000000000000e+00
D 1   1
1.003000000000e-01  1.000000000000e+00
F 1   1
3.200000000000e-01  1.000000000000e+00
F 1   1
6.560000000000e-01  1.000000000000e+00
F 1   1
1.345000000000e+00  1.000000000000e+00
F 1   1
3.069100000000e+01  1.000000000000e+00
F 1   1
1.288400000000e+01  1.000000000000e+00
F 1   1
5.409000000000e+00  1.000000000000e+00
F 1   1
1.640000000000e-01  1.000000000000e+00
G 1   1
5.560000000000e-01  1.000000000000e+00
G 1   1
1.302000000000e+00  1.000000000000e+00
G 1   1
2.344600000000e+01  1.000000000000e+00
G 1   1
9.121000000000e+00  1.000000000000e+00
G 1   1
2.770000000000e-01  1.000000000000e+00
H 1   1
1.053000000000e+00  1.000000000000e+00
H 1   1
1.806600000000e+01  1.000000000000e+00
H 1   1
6.070000000000e-01  1.000000000000e+00
@END

@ATOMBASIS AR
S 11   1
7.401000000000e+06  1.800000000000e-06
1.108000000000e+06  1.360000000000e-05
2.521000000000e+05  7.160000000000e-05
7.138000000000e+04  3.030000000000e-04
2.326000000000e+04  1.106100000000e-03
8.390000000000e+03  3.606700000000e-03
3.271000000000e+03  1.071320000000e-02
1.357000000000e+03  2.910680000000e-02
5.920000000000e+02  7.166010000000e-02
2.691000000000e+02  1.541405000000e-01
1.265000000000e+02  2.704171000000e-01
S 11   1
7.401000000000e+06 -5.000000000000e-07
1.108000000000e+06 -3.900000000000e-06
2.521000000000e+05 -2.030000000000e-05
7.138000000000e+04 -8.610000000000e-05
2.326000000000e+04 -3.144000000000e-04
8.390000000000e+03 -1.028400000000e-03
3.271000000000e+03 -3.072700000000e-03
1.357000000000e+03 -8.475300000000e-03
5.920000000000e+02 -2.152010000000e-02
2.691000000000e+02 -4.944930000000e-02
1.265000000000e+02 -9.877590000000e-02
S 1   1
6.103000000000e+01  1.000000000000e+00
S 1   1
2.986000000000e+01  1.000000000000e+00
S 1   1
1.417000000000e+01  1.000000000000e+00
S 1   1
7.022000000000e+00  1.000000000000e+00
S 1   1
3.511000000000e+00  1.000000000000e+00
S 1   1
1.758000000000e+00  1.000000000000e+00
S 1   1
7.841000000000e-01  1.000000000000e+00
S 1   1
3.480000000000e-01  1.000000000000e+00
S 1   1
1.491000000000e-01  1.000000000000e+00
S 1   1
5.380000000000e-02  1.000000000000e+00
P 3   1
2.927000000000e+03  2.320000000000e-04
6.935000000000e+02  2.023300000000e-03
2.247000000000e+02  1.103400000000e-02
P 1   1
8.517000000000e+01  1.000000000000e+00
P 1   1
3.553000000000e+01  1.000000000000e+00
P 1   1
1.573000000000e+01  1.000000000000e+00
P 1   1
7.165000000000e+00  1.000000000000e+00
P 1   1
3.322000000000e+00  1.000000000000e+00
P 1   1
1.478000000000e+00  1.000000000000e+00
P 1   1
6.552000000000e-01  1.000000000000e+00
P 1   1
2.751000000000e-01  1.000000000000e+00
P 1   1
1.097000000000e-01  1.000000000000e+00
P 1   1
4.020000000000e-02  1.000000000000e+00
D 1   1
3.090000000000e-01  1.000000000000e+00
D 1   1
7.700000000000e-01  1.000000000000e+00
D 1   1
1.917000000000e+00  1.000000000000e+00
D 1   1
4.776000000000e+00  1.000000000000e+00
D 1   1
7.680800000000e+01  1.000000000000e+00
D 1   1
3.873700000000e+01  1.000000000000e+00
D 1   1
1.953700000000e+01  1.000000000000e+00
D 1   1
9.853000000000e+00  1.000000000000e+00
D 1   1
1.210000000000e-01  1.000000000000e+00
F 1   1
4.080000000000e-01  1.000000000000e+00
F 1   1
8.250000000000e-01  1.000000000000e+00
F 1   1
1.668000000000e+00  1.000000000000e+00
F 1   1
3.587300000000e+01  1.000000000000e+00
F 1   1
1.514000000000e+01  1.000000000000e+00
F 1   1
6.390000000000e+00  1.000000000000e+00
F 1   1
2.090000000000e-01  1.000000000000e+00
G 1   1
6.650000000000e-01  1.000000000000e+00
G 1   1
1.562000000000e+00  1.000000000000e+00
G 1   1
2.656000000000e+01  1.000000000000e+00
G 1   1
1.030600000000e+01  1.000000000000e+00
G 1   1
3.340000000000e-01  1.000000000000e+00
H 1   1
1.264000000000e+00  1.000000000000e+00
H 1   1
2.110400000000e+01  1.000000000000e+00
H 1   1
7.420000000000e-01  1.000000000000e+00
@END
de3cf521fdb64f6c5497b44d1287d8df