@BASIS_SET AUG-PCSEG-2

@ATOMBASIS H
S 4   1
7.547320000000e+01  4.278210000000e-03
1.135750000000e+01  3.286720000000e-02
2.600810000000e+00  1.595780000000e-01
7.355030000000e-01  5.000000000000e-01
S 1   1
2.317610000000e-01  1.000000000000e+00
S 1   1
7.416750000000e-02  1.000000000000e+00
S 1   1
2.230700000000e-02  1.000000000000e+00
P 1   1
1.600000000000e+00  1.000000000000e+00
P 1   1
4.500000000000e-01  1.000000000000e+00
P 1   1
6.692100000000e-02  1.000000000000e+00
D 1   1
1.250000000000e+00  1.000000000000e+00
D 1   1
8.922900000000e-02  1.000000000000e+00
@END

@ATOMBASIS HE
S 4   1
2.217820000000e+02  5.041440000000e-03
3.337580000000e+01  3.811840000000e-02
7.611570000000e+00  1.756090000000e-01
2.108930000000e+00  5.000000000000e-01
S 1   1
6.287830000000e-01  1.000000000000e+00
S 1   1
1.846900000000e-01  1.000000000000e+00
S 1   1
5.123800000000e-02  1.000000000000e+00
P 1   1
2.400000000000e+00  1.000000000000e+00
P 1   1
6.800000000000e-01  1.000000000000e+00
P 1   1
1.537100000000e-01  1.000000000000e+00
D 1   1
1.800000000000e+00  1.000000000000e+00
D 1   1
2.049500000000e-01  1.000000000000e+00
@END

@ATOMBASIS LI
S 7   1
1.558550000000e+03  8.208820000000e-04
2.339080000000e+02  6.332200000000e-03
5.328010000000e+01  3.214000000000e-02
1.508190000000e+01  1.191240000000e-01
4.835490000000e+00  3.081540000000e-01
1.655020000000e+00  5.000000000000e-01
5.805580000000e-01  3.760300000000e-01
S 2   1
7.709330000000e-01 -8.472790000000e-02
7.519720000000e-02  5.000000000000e-01
S 1   1
6.844580000000e-02  1.000000000000e+00
S 1   1
2.576660000000e-02  1.000000000000e+00
S 1   1
9.020700000000e-03  1.000000000000e+00
P 3   1
2.372350000000e+00  3.947330000000e-02
4.688050000000e-01  2.039280000000e-01
1.273930000000e-01  5.000000000000e-01
P 1   1
3.480950000000e-02  1.000000000000e+00
P 1   1
9.018700000000e-03  1.000000000000e+00
D 1   1
2.600000000000e-01  1.000000000000e+00
D 1   1
2.705600000000e-02  1.000000000000e+00
@END

@ATOMBASIS BE
S 7   1
2.944750000000e+03  7.734310000000e-04
4.418790000000e+02  5.969420000000e-03
1.006240000000e+02  3.040240000000e-02
2.847120000000e+01  1.143580000000e-01
9.144440000000e+00  3.058330000000e-01
3.176640000000e+00  5.000000000000e-01
1.122750000000e+00  3.475390000000e-01
S 2   1
1.923030000000e+00 -8.863310000000e-02
1.914130000000e-01  5.000000000000e-01
S 1   1
8.333070000000e-02  1.000000000000e+00
S 1   1
3.742150000000e-02  1.000000000000e+00
S 1   1
1.542000000000e-02  1.000000000000e+00
P 3   1
3.723790000000e+00  4.067830000000e-02
7.520880000000e-01  2.107450000000e-01
2.043750000000e-01  5.000000000000e-01
P 1   1
5.487290000000e-02  1.000000000000e+00
P 1   1
1.398200000000e-02  1.000000000000e+00
D 1   1
3.900000000000e-01  1.000000000000e+00
D 1   1
4.194600000000e-02  1.000000000000e+00
@END

@ATOMBASIS B
S 7   1
4.910060000000e+03  7.199630000000e-04
7.366680000000e+02  5.559980000000e-03
1.677220000000e+02  2.839690000000e-02
4.746530000000e+01  1.079660000000e-01
1.529980000000e+01  2.955820000000e-01
5.350590000000e+00  5.000000000000e-01
1.910180000000e+00  3.569380000000e-01
S 2   1
3.364870000000e+00 -9.271840000000e-02
3.511540000000e-01  5.000000000000e-01
S 1   1
1.475290000000e-01  1.000000000000e+00
S 1   1
6.312650000000e-02  1.000000000000e+00
S 1   1
2.488200000000e-02  1.000000000000e+00
P 4   1
2.198920000000e+01  8.079540000000e-03
4.938530000000e+00  5.738130000000e-02
1.410470000000e+00  2.150670000000e-01
4.804330000000e-01  5.000000000000e-01
P 1   1
1.650500000000e-01  1.000000000000e+00
P 1   1
5.421860000000e-02  1.000000000000e+00
P 1   1
1.671300000000e-02  1.000000000000e+00
D 1   1
1.050000000000e+00  1.000000000000e+00
D 1   1
3.500000000000e-01  1.000000000000e+00
D 1   1
5.013800000000e-02  1.000000000000e+00
F 1   1
8.700000000000e-01  1.000000000000e+00
F 1   1
6.685100000000e-02  1.000000000000e+00
@END

@ATOMBASIS C
S 7   1
7.319990000000e+03  6.953690000000e-04
1.098180000000e+03  5.371380000000e-03
2.500140000000e+02  2.747340000000e-02
7.075860000000e+01  1.050780000000e-01
2.285950000000e+01  2.912620000000e-01
8.039360000000e+00  5.000000000000e-01
2.893090000000e+00  3.622240000000e-01
S 2   1
5.216400000000e+00 -9.578440000000e-02
5.561240000000e-01  5.000000000000e-01
S 1   1
2.288130000000e-01  1.000000000000e+00
S 1   1
9.363380000000e-02  1.000000000000e+00
S 1   1
3.541800000000e-02  1.000000000000e+00
P 4   1
3.398550000000e+01  8.183950000000e-03
7.729570000000e+00  5.869210000000e-02
2.249540000000e+00  2.225140000000e-01
7.676810000000e-01  5.000000000000e-01
P 1   1
2.632830000000e-01  1.000000000000e+00
P 1   1
8.487440000000e-02  1.000000000000e+00
P 1   1
2.570400000000e-02  1.000000000000e+00
D 1   1
1.400000000000e+00  1.000000000000e+00
D 1   1
4.500000000000e-01  1.000000000000e+00
D 1   1
7.711100000000e-02  1.000000000000e+00
F 1   1
9.500000000000e-01  1.000000000000e+00
F 1   1
1.028100000000e-01  1.000000000000e+00
@END

@ATOMBASIS N
S 7   1
1.016430000000e+04  6.827570000000e-04
1.524810000000e+03  5.274880000000e-03
3.471190000000e+02  2.700370000000e-02
9.823890000000e+01  1.036730000000e-01
3.177990000000e+01  2.895750000000e-01
1.122400000000e+01  5.000000000000e-01
4.066110000000e+00  3.646210000000e-01
S 2   1
7.478980000000e+00 -9.756810000000e-02
8.050400000000e-01  5.000000000000e-01
S 1   1
3.246260000000e-01  1.000000000000e+00
S 1   1
1.281320000000e-01  1.000000000000e+00
S 1   1
4.687400000000e-02  1.000000000000e+00
P 4   1
4.827040000000e+01  8.295470000000e-03
1.108150000000e+01  5.962230000000e-02
3.266430000000e+00  2.278890000000e-01
1.116800000000e+00  5.000000000000e-01
P 1   1
3.820490000000e-01  1.000000000000e+00
P 1   1
1.212220000000e-01  1.000000000000e+00
P 1   1
3.616800000000e-02  1.000000000000e+00
D 1   1
1.800000000000e+00  1.000000000000e+00
D 1   1
5.500000000000e-01  1.000000000000e+00
D 1   1
1.085000000000e-01  1.000000000000e+00
F 1   1
1.020000000000e+00  1.000000000000e+00
F 1   1
1.446700000000e-01  1.000000000000e+00
@END

@ATOMBASIS O
S 7   1
1.358870000000e+04  6.654920000000e-04
2.038470000000e+03  5.142220000000e-03
4.640410000000e+02  2.634720000000e-02
1.313390000000e+02  1.015000000000e-01
4.253400000000e+01  2.858770000000e-01
1.504290000000e+01  5.000000000000e-01
5.466160000000e+00  3.682110000000e-01
S 2   1
1.009150000000e+01 -1.000840000000e-01
1.104290000000e+00  5.000000000000e-01
S 1   1
4.480820000000e-01  1.000000000000e+00
S 1   1
1.753250000000e-01  1.000000000000e+00
S 1   1
6.362200000000e-02  1.000000000000e+00
P 4   1
6.082200000000e+01  9.082530000000e-03
1.403320000000e+01  6.458780000000e-02
4.182440000000e+00  2.415020000000e-01
1.424900000000e+00  5.000000000000e-01
P 1   1
4.787410000000e-01  1.000000000000e+00
P 1   1
1.462570000000e-01  1.000000000000e+00
P 1   1
4.210900000000e-02  1.000000000000e+00
D 1   1
2.200000000000e+00  1.000000000000e+00
D 1   1
6.500000000000e-01  1.000000000000e+00
D 1   1
1.263300000000e-01  1.000000000000e+00
F 1   1
1.100000000000e+00  1.000000000000e+00
F 1   1
1.684400000000e-01  1.000000000000e+00
@END

@ATOMBASIS F
S 7   1
1.745070000000e+04  6.559720000000e-04
2.617680000000e+03  5.069440000000e-03
5.958570000000e+02  2.598990000000e-02
1.686510000000e+02  1.003530000000e-01
5.466540000000e+01  2.840950000000e-01
1.937170000000e+01  5.000000000000e-01
7.062020000000e+00  3.707210000000e-01
S 2   1
1.311970000000e+01 -1.019970000000e-01
1.450460000000e+00  5.000000000000e-01
S 1   1
5.882550000000e-01  1.000000000000e+00
S 1   1
2.279600000000e-01  1.000000000000e+00
S 1   1
8.198500000000e-02  1.000000000000e+00
P 4   1
7.794070000000e+01  9.311350000000e-03
1.804250000000e+01  6.639640000000e-02
5.423420000000e+00  2.463860000000e-01
1.848760000000e+00  5.000000000000e-01
P 1   1
6.174550000000e-01  1.000000000000e+00
P 1   1
1.854960000000e-01  1.000000000000e+00
P 1   1
5.256800000000e-02  1.000000000000e+00
D 1   1
2.800000000000e+00  1.000000000000e+00
D 1   1
8.000000000000e-01  1.000000000000e+00
D 1   1
1.577000000000e-01  1.000000000000e+00
F 1   1
1.200000000000e+00  1.000000000000e+00
F 1   1
2.102700000000e-01  1.000000000000e+00
@END

@ATOMBASIS NE
S 7   1
2.172240000000e+04  6.513480000000e-04
3.258420000000e+03  5.033910000000e-03
7.417220000000e+02  2.581510000000e-02
2.099440000000e+02  9.983210000000e-02
6.809160000000e+01  2.835410000000e-01
2.417600000000e+01  5.000000000000e-01
8.842140000000e+00  3.716720000000e-01
S 2   1
1.656670000000e+01 -1.028330000000e-01
1.838620000000e+00  5.000000000000e-01
S 1   1
7.404310000000e-01  1.000000000000e+00
S 1   1
2.839370000000e-01  1.000000000000e+00
S 1   1
1.011300000000e-01  1.000000000000e+00
P 4   1
9.733580000000e+01  9.451850000000e-03
2.260520000000e+01  6.747280000000e-02
6.835240000000e+00  2.496300000000e-01
2.330710000000e+00  5.000000000000e-01
P 1   1
7.754700000000e-01  1.000000000000e+00
P 1   1
2.305720000000e-01  1.000000000000e+00
P 1   1
6.470800000000e-02  1.000000000000e+00
D 1   1
3.000000000000e+00  1.000000000000e+00
D 1   1
8.500000000000e-01  1.000000000000e+00
D 1   1
1.941300000000e-01  1.000000000000e+00
F 1   1
1.300000000000e+00  1.000000000000e+00
F 1   1
2.588300000000e-01  1.000000000000e+00
@END

@ATOMBASIS NA
S 8   1
5.702550000000e+04  2.575910000000e-04
8.547100000000e+03  1.997920000000e-03
1.945160000000e+03  1.039460000000e-02
5.507370000000e+02  4.225530000000e-02
1.793620000000e+02  1.370820000000e-01
6.437030000000e+01  3.292610000000e-01
2.472110000000e+01  5.000000000000e-01
9.627040000000e+00  3.123990000000e-01
S 3   1
5.479550000000e+01 -2.742040000000e-02
1.628590000000e+01 -1.247410000000e-01
2.491150000000e+00  5.000000000000e-01
S 2   1
1.021400000000e+00  5.000000000000e-01
4.144100000000e-01  2.174470000000e-01
S 1   1
6.261920000000e-02  1.000000000000e+00
S 1   1
2.230010000000e-02  1.000000000000e+00
S 1   1
7.413600000000e-03  1.000000000000e+00
P 7   1
2.301330000000e+02  3.368990000000e-03
5.410820000000e+01  2.617200000000e-02
1.737740000000e+01  1.104670000000e-01
6.309650000000e+00  3.074940000000e-01
2.406640000000e+00  5.055400000000e-01
9.018520000000e-01  5.000000000000e-01
3.144010000000e-01  2.184400000000e-01
P 1   1
1.210000000000e-01  1.000000000000e+00
P 1   1
3.900000000000e-02  1.000000000000e+00
P 1   1
1.180900000000e-02  1.000000000000e+00
D 1   1
2.400000000000e-01  1.000000000000e+00
D 1   1
3.542700000000e-02  1.000000000000e+00
@END

@ATOMBASIS MG
S 8   1
6.960370000000e+04  2.499380000000e-04
1.043400000000e+04  1.938260000000e-03
2.374750000000e+03  1.008730000000e-02
6.723340000000e+02  4.106470000000e-02
2.189580000000e+02  1.337760000000e-01
7.862500000000e+01  3.239830000000e-01
3.021410000000e+01  5.000000000000e-01
1.179090000000e+01  3.210480000000e-01
S 3   1
6.507110000000e+01 -3.033120000000e-02
1.946260000000e+01 -1.360740000000e-01
3.129380000000e+00  5.000000000000e-01
S 2   1
1.371540000000e+00  5.000000000000e-01
5.935390000000e-01  2.514940000000e-01
S 1   1
1.150340000000e-01  1.000000000000e+00
S 1   1
4.030010000000e-02  1.000000000000e+00
S 1   1
1.319400000000e-02  1.000000000000e+00
P 7   1
3.089090000000e+02  2.871130000000e-03
7.286620000000e+01  2.256710000000e-02
2.349130000000e+01  9.860250000000e-02
8.562640000000e+00  2.856920000000e-01
3.306860000000e+00  4.947020000000e-01
1.269300000000e+00  5.000000000000e-01
4.611270000000e-01  2.042390000000e-01
P 1   1
1.770000000000e-01  1.000000000000e+00
P 1   1
5.700000000000e-02  1.000000000000e+00
P 1   1
1.724500000000e-02  1.000000000000e+00
D 1   1
3.000000000000e-01  1.000000000000e+00
D 1   1
5.173600000000e-02  1.000000000000e+00
@END

@ATOMBASIS AL
S 8   1
8.390080000000e+04  2.421710000000e-04
1.257690000000e+04  1.878130000000e-03
2.862620000000e+03  9.776380000000e-03
8.105750000000e+02  3.983780000000e-02
2.640800000000e+02  1.302190000000e-01
9.491960000000e+01  3.181220000000e-01
3.649750000000e+01  5.000000000000e-01
1.428210000000e+01  3.316160000000e-01
S 3   1
7.608270000000e+01 -3.559820000000e-02
2.287100000000e+01 -1.574550000000e-01
3.926180000000e+00  5.000000000000e-01
S 2   1
1.854850000000e+00  5.000000000000e-01
8.275830000000e-01  3.027710000000e-01
S 1   1
1.804780000000e-01  1.000000000000e+00
S 1   1
6.389990000000e-02  1.000000000000e+00
S 1   1
2.112800000000e-02  1.000000000000e+00
P 7   1
5.762130000000e+02  1.321870000000e-03
1.367050000000e+02  1.081130000000e-02
4.379890000000e+01  5.399250000000e-02
1.603830000000e+01  1.769910000000e-01
6.435230000000e+00  3.776870000000e-01
2.642210000000e+00  5.000000000000e-01
1.068410000000e+00  3.520710000000e-01
P 2   1
4.582740000000e+00 -1.625290000000e-02
3.904890000000e-01  5.000000000000e-01
P 1   1
1.331610000000e-01  1.000000000000e+00
P 1   1
4.186710000000e-02  1.000000000000e+00
P 1   1
1.238500000000e-02  1.000000000000e+00
D 1   1
1.470000000000e+00  1.000000000000e+00
D 1   1
3.300000000000e-01  1.000000000000e+00
D 1   1
3.715400000000e-02  1.000000000000e+00
F 1   1
4.800000000000e-01  1.000000000000e+00
F 1   1
4.953900000000e-02  1.000000000000e+00
@END

@ATOMBASIS SI
S 8   1
9.961330000000e+04  2.355460000000e-04
1.493110000000e+04  1.827070000000e-03
3.398200000000e+03  9.514250000000e-03
9.621400000000e+02  3.881720000000e-02
3.134300000000e+02  1.273280000000e-01
1.126830000000e+02  3.135220000000e-01
4.333720000000e+01  5.000000000000e-01
1.700290000000e+01  3.403470000000e-01
S 3   1
8.842080000000e+01 -4.044510000000e-02
2.667560000000e+01 -1.780590000000e-01
4.796400000000e+00  5.000000000000e-01
S 2   1
2.393850000000e+00  5.000000000000e-01
1.083330000000e+00  3.380160000000e-01
S 1   1
2.524200000000e-01  1.000000000000e+00
S 1   1
8.912100000000e-02  1.000000000000e+00
S 1   1
2.939000000000e-02  1.000000000000e+00
P 7   1
7.099010000000e+02  1.230280000000e-03
1.684260000000e+02  1.013660000000e-02
5.399460000000e+01  5.118400000000e-02
1.986460000000e+01  1.699670000000e-01
8.013690000000e+00  3.707170000000e-01
3.318700000000e+00  5.000000000000e-01
1.361120000000e+00  3.441280000000e-01
P 2   1
6.221580000000e+00 -1.666090000000e-02
5.030490000000e-01  5.000000000000e-01
P 1   1
1.798480000000e-01  1.000000000000e+00
P 1   1
5.919120000000e-02  1.000000000000e+00
P 1   1
1.827800000000e-02  1.000000000000e+00
D 1   1
1.680000000000e+00  1.000000000000e+00
D 1   1
3.800000000000e-01  1.000000000000e+00
D 1   1
5.483300000000e-02  1.000000000000e+00
F 1   1
5.400000000000e-01  1.000000000000e+00
F 1   1
7.311100000000e-02  1.000000000000e+00
@END

@ATOMBASIS P
S 8   1
1.164160000000e+05  2.307150000000e-04
1.745000000000e+04  1.789600000000e-03
3.971490000000e+03  9.321160000000e-03
1.124470000000e+03  3.805910000000e-02
3.663470000000e+02  1.251480000000e-01
1.317570000000e+02  3.100220000000e-01
5.069880000000e+01  5.000000000000e-01
1.994360000000e+01  3.475280000000e-01
S 3   1
1.018780000000e+02 -4.467550000000e-02
3.082490000000e+01 -1.963760000000e-01
5.736880000000e+00  5.000000000000e-01
S 2   1
2.968680000000e+00  5.000000000000e-01
1.353150000000e+00  3.550980000000e-01
S 1   1
3.321960000000e-01  1.000000000000e+00
S 1   1
1.162290000000e-01  1.000000000000e+00
S 1   1
3.800600000000e-02  1.000000000000e+00
P 7   1
8.739280000000e+02  1.123750000000e-03
2.072980000000e+02  9.333300000000e-03
6.646280000000e+01  4.772130000000e-02
2.456650000000e+01  1.607330000000e-01
9.968200000000e+00  3.597600000000e-01
4.165360000000e+00  5.000000000000e-01
1.730220000000e+00  3.465930000000e-01
P 2   1
7.725300000000e+00 -1.757180000000e-02
6.572520000000e-01  5.000000000000e-01
P 1   1
2.399030000000e-01  1.000000000000e+00
P 1   1
8.009880000000e-02  1.000000000000e+00
P 1   1
2.506900000000e-02  1.000000000000e+00
D 1   1
1.890000000000e+00  1.000000000000e+00
D 1   1
4.300000000000e-01  1.000000000000e+00
D 1   1
7.520800000000e-02  1.000000000000e+00
F 1   1
6.000000000000e-01  1.000000000000e+00
F 1   1
1.002800000000e-01  1.000000000000e+00
@END

@ATOMBASIS S
S 8   1
1.347000000000e+05  2.262310000000e-04
2.019040000000e+04  1.754880000000e-03
4.595280000000e+03  9.141900000000e-03
1.301090000000e+03  3.735510000000e-02
4.239020000000e+02  1.231210000000e-01
1.524850000000e+02  3.068010000000e-01
5.869250000000e+01  5.000000000000e-01
2.314610000000e+01  3.543580000000e-01
S 3   1
1.163270000000e+02 -4.917720000000e-02
3.528410000000e+01 -2.159620000000e-01
6.778310000000e+00  5.000000000000e-01
S 2   1
3.604040000000e+00  5.000000000000e-01
1.648710000000e+00  3.662780000000e-01
S 1   1
4.218210000000e-01  1.000000000000e+00
S 1   1
1.475540000000e-01  1.000000000000e+00
S 1   1
4.824000000000e-02  1.000000000000e+00
P 7   1
1.048630000000e+03  1.052730000000e-03
2.487170000000e+02  8.793380000000e-03
7.978870000000e+01  4.533580000000e-02
2.960230000000e+01  1.544760000000e-01
1.206270000000e+01  3.523660000000e-01
5.076280000000e+00  5.000000000000e-01
2.133750000000e+00  3.464290000000e-01
P 2   1
9.289580000000e+00 -1.859320000000e-02
8.378190000000e-01  5.000000000000e-01
P 1   1
3.014950000000e-01  1.000000000000e+00
P 1   1
9.747400000000e-02  1.000000000000e+00
P 1   1
2.960000000000e-02  1.000000000000e+00
D 1   1
2.100000000000e+00  1.000000000000e+00
D 1   1
4.800000000000e-01  1.000000000000e+00
D 1   1
8.879900000000e-02  1.000000000000e+00
F 1   1
6.600000000000e-01  1.000000000000e+00
F 1   1
1.184000000000e-01  1.000000000000e+00
@END

@ATOMBASIS CL
S 8   1
1.542720000000e+05  2.224730000000e-04
2.312320000000e+04  1.725900000000e-03
5.262570000000e+03  8.992860000000e-03
1.489950000000e+03  3.677240000000e-02
4.854170000000e+02  1.214460000000e-01
1.746340000000e+02  3.041480000000e-01
6.723930000000e+01  5.000000000000e-01
2.657800000000e+01  3.602520000000e-01
S 3   1
1.318260000000e+02 -5.313300000000e-02
4.007030000000e+01 -2.333460000000e-01
7.894480000000e+00  5.000000000000e-01
S 2   1
4.277110000000e+00  5.000000000000e-01
1.962330000000e+00  3.705170000000e-01
S 1   1
5.207930000000e-01  1.000000000000e+00
S 1   1
1.816330000000e-01  1.000000000000e+00
S 1   1
5.921600000000e-02  1.000000000000e+00
P 7   1
1.244400000000e+03  9.882060000000e-04
2.951090000000e+02  8.296740000000e-03
9.472240000000e+01  4.309060000000e-02
3.525880000000e+01  1.484430000000e-01
1.442110000000e+01  3.447440000000e-01
6.103710000000e+00  5.000000000000e-01
2.588860000000e+00  3.482780000000e-01
P 2   1
1.094470000000e+01 -1.967680000000e-02
1.044130000000e+00  5.000000000000e-01
P 1   1
3.761840000000e-01  1.000000000000e+00
P 1   1
1.206130000000e-01  1.000000000000e+00
P 1   1
3.634100000000e-02  1.000000000000e+00
D 1   1
2.310000000000e+00  1.000000000000e+00
D 1   1
5.200000000000e-01  1.000000000000e+00
D 1   1
1.090200000000e-01  1.000000000000e+00
F 1   1
7.200000000000e-01  1.000000000000e+00
F 1   1
1.453600000000e-01  1.000000000000e+00
@END

@ATOMBASIS AR
S 8   1
1.751370000000e+05  2.192590000000e-04
2.625110000000e+04  1.700970000000e-03
5.974520000000e+03  8.864040000000e-03
1.691570000000e+03  3.626300000000e-02
5.511420000000e+02  1.199640000000e-01
1.983070000000e+02  3.018000000000e-01
7.637500000000e+01  5.000000000000e-01
3.025380000000e+01  3.656140000000e-01
S 3   1
1.482830000000e+02 -5.686200000000e-02
4.515910000000e+01 -2.496930000000e-01
9.100150000000e+00  5.000000000000e-01
S 2   1
4.990860000000e+00  5.000000000000e-01
2.293460000000e+00  3.696380000000e-01
S 1   1
6.286310000000e-01  1.000000000000e+00
S 1   1
2.180010000000e-01  1.000000000000e+00
S 1   1
7.069700000000e-02  1.000000000000e+00
P 7   1
1.453630000000e+03  9.385210000000e-04
3.447250000000e+02  7.909920000000e-03
1.107280000000e+02  4.130600000000e-02
4.133080000000e+01  1.436290000000e-01
1.695890000000e+01  3.383090000000e-01
7.210740000000e+00  5.000000000000e-01
3.077880000000e+00  3.493760000000e-01
P 2   1
1.274450000000e+01 -2.047920000000e-02
1.265890000000e+00  5.000000000000e-01
P 1   1
4.573250000000e-01  1.000000000000e+00
P 1   1
1.463220000000e-01  1.000000000000e+00
P 1   1
4.400000000000e-02  1.000000000000e+00
D 1   1
2.520000000000e+00  1.000000000000e+00
D 1   1
5.700000000000e-01  1.000000000000e+00
D 1   1
1.320000000000e-01  1.000000000000e+00
F 1   1
7.800000000000e-01  1.000000000000e+00
F 1   1
1.760000000000e-01  1.000000000000e+00
@END

@ATOMBASIS K
S 10   1
6.448670000000e+05  5.814130000000e-05
9.662130000000e+04  4.517000000000e-04
2.199280000000e+04  2.369570000000e-03
6.229660000000e+03  9.921210000000e-03
2.032220000000e+03  3.518400000000e-02
7.335200000000e+02  1.065090000000e-01
2.862190000000e+02  2.624130000000e-01
1.168890000000e+02  4.883960000000e-01
4.942840000000e+01  5.000000000000e-01
2.136570000000e+01  1.745820000000e-01
S 4   1
1.786090000000e+02 -2.027730000000e-02
5.383720000000e+01 -9.896860000000e-02
7.870120000000e+00  5.000000000000e-01
3.121730000000e+00  5.019960000000e-01
S 2   1
4.766970000000e+00 -1.400080000000e-01
7.079850000000e-01  5.000000000000e-01
S 1   1
2.786900000000e-01  1.000000000000e+00
S 1   1
4.738580000000e-02  1.000000000000e+00
S 1   1
1.877170000000e-02  1.000000000000e+00
S 1   1
6.890400000000e-03  1.000000000000e+00
P 8   1
2.165050000000e+03  6.677160000000e-04
5.128830000000e+02  5.741920000000e-03
1.649700000000e+02  3.078750000000e-02
6.265930000000e+01  1.116730000000e-01
2.607900000000e+01  2.945320000000e-01
1.136210000000e+01  5.076400000000e-01
5.109590000000e+00  5.000000000000e-01
2.240490000000e+00  1.973190000000e-01
P 4   1
1.352420000000e+01 -1.509610000000e-02
1.763130000000e+00  2.397610000000e-01
7.995030000000e-01  5.000000000000e-01
3.499730000000e-01  4.496470000000e-01
P 1   1
1.434630000000e-01  1.000000000000e+00
P 1   1
4.040000000000e-02  1.000000000000e+00
P 1   1
1.077000000000e-02  1.000000000000e+00
D 3   1
1.031780000000e+01  5.476460000000e-02
2.688860000000e+00  2.363140000000e-01
8.296100000000e-01  5.000000000000e-01
D 1   1
2.383950000000e-01  1.000000000000e+00
D 1   1
6.228200000000e-02  1.000000000000e+00
D 1   1
1.557000000000e-02  1.000000000000e+00
@END

@ATOMBASIS CA
S 10   1
7.203950000000e+05  5.751640000000e-05
1.079380000000e+05  4.468240000000e-04
2.457030000000e+04  2.343800000000e-03
6.960310000000e+03  9.813190000000e-03
2.270770000000e+03  3.480890000000e-02
8.196570000000e+02  1.054840000000e-01
3.198230000000e+02  2.605580000000e-01
1.305830000000e+02  4.864760000000e-01
5.530520000000e+01  5.000000000000e-01
2.397650000000e+01  1.773490000000e-01
S 4   1
1.973120000000e+02 -2.084390000000e-02
5.967280000000e+01 -1.008750000000e-01
8.903380000000e+00  5.000000000000e-01
3.584430000000e+00  5.083090000000e-01
S 2   1
5.445300000000e+00 -1.440980000000e-01
8.463210000000e-01  5.000000000000e-01
S 1   1
3.541320000000e-01  1.000000000000e+00
S 1   1
7.793820000000e-02  1.000000000000e+00
S 1   1
3.001090000000e-02  1.000000000000e+00
S 1   1
1.073000000000e-02  1.000000000000e+00
P 8   1
2.505730000000e+03  6.242400000000e-04
5.935380000000e+02  5.382100000000e-03
1.911100000000e+02  2.894900000000e-02
7.270890000000e+01  1.060900000000e-01
3.030040000000e+01  2.839630000000e-01
1.324160000000e+01  4.979460000000e-01
5.988230000000e+00  5.000000000000e-01
2.645580000000e+00  2.023890000000e-01
P 4   1
1.538830000000e+01 -1.647390000000e-02
2.081440000000e+00  2.479300000000e-01
9.781210000000e-01  5.000000000000e-01
4.488880000000e-01  4.427430000000e-01
P 1   1
1.925270000000e-01  1.000000000000e+00
P 1   1
5.410000000000e-02  1.000000000000e+00
P 1   1
1.439300000000e-02  1.000000000000e+00
D 3   1
1.320890000000e+01  5.020080000000e-02
3.501080000000e+00  2.261430000000e-01
1.100070000000e+00  5.000000000000e-01
D 1   1
3.276690000000e-01  1.000000000000e+00
D 1   1
8.780470000000e-02  1.000000000000e+00
D 1   1
2.233200000000e-02  1.000000000000e+00
@END

@ATOMBASIS SC
S 10   1
7.994060000000e+05  5.701350000000e-05
1.197760000000e+05  4.429290000000e-04
2.726550000000e+04  2.323330000000e-03
7.723870000000e+03  9.728570000000e-03
2.519670000000e+03  3.452440000000e-02
9.093660000000e+02  1.047270000000e-01
3.547800000000e+02  2.591930000000e-01
1.448280000000e+02  4.851440000000e-01
6.138650000000e+01  5.000000000000e-01
2.666220000000e+01  1.786280000000e-01
S 4   1
2.178510000000e+02 -2.109650000000e-02
6.602200000000e+01 -1.018740000000e-01
9.966570000000e+00  5.000000000000e-01
4.052090000000e+00  5.060810000000e-01
S 2   1
6.211560000000e+00 -1.475070000000e-01
9.800790000000e-01  5.000000000000e-01
S 1   1
4.108500000000e-01  1.000000000000e+00
S 1   1
9.132150000000e-02  1.000000000000e+00
S 1   1
3.407330000000e-02  1.000000000000e+00
S 1   1
1.183000000000e-02  1.000000000000e+00
P 8   1
2.848190000000e+03  5.993550000000e-04
6.746740000000e+02  5.176410000000e-03
2.174130000000e+02  2.790640000000e-02
8.280020000000e+01  1.030740000000e-01
3.453840000000e+01  2.786740000000e-01
1.512560000000e+01  4.941200000000e-01
6.863590000000e+00  5.000000000000e-01
3.046440000000e+00  2.027620000000e-01
P 4   1
1.741240000000e+01 -1.710620000000e-02
2.409940000000e+00  2.532980000000e-01
1.134630000000e+00  5.000000000000e-01
5.230740000000e-01  4.312110000000e-01
P 1   1
2.258790000000e-01  1.000000000000e+00
P 1   1
6.400000000000e-02  1.000000000000e+00
P 1   1
1.716100000000e-02  1.000000000000e+00
D 6   1
7.650070000000e+01  2.964530000000e-03
2.264970000000e+01  2.150060000000e-02
8.302790000000e+00  8.883530000000e-02
3.225030000000e+00  2.423120000000e-01
1.336880000000e+00  4.153040000000e-01
5.412370000000e-01  5.000000000000e-01
D 1   1
2.049000000000e-01  1.000000000000e+00
D 1   1
6.963670000000e-02  1.000000000000e+00
D 1   1
2.216000000000e-02  1.000000000000e+00
F 1   1
2.206000000000e+00  1.000000000000e+00
F 1   1
4.900000000000e-01  1.000000000000e+00
F 1   1
6.864400000000e-02  1.000000000000e+00
G 1   1
1.118000000000e+00  1.000000000000e+00
G 1   1
8.580600000000e-02  1.000000000000e+00
@END

@ATOMBASIS TI
S 10   1
8.813220000000e+05  5.668410000000e-05
1.320450000000e+05  4.403790000000e-04
3.005800000000e+04  2.310080000000e-03
8.514510000000e+03  9.674430000000e-03
2.777540000000e+03  3.433800000000e-02
1.002470000000e+03  1.042140000000e-01
3.911660000000e+02  2.582070000000e-01
1.597040000000e+02  4.841550000000e-01
6.775470000000e+01  5.000000000000e-01
2.948220000000e+01  1.796760000000e-01
S 4   1
2.395230000000e+02 -2.130260000000e-02
7.272010000000e+01 -1.027350000000e-01
1.108980000000e+01  5.000000000000e-01
4.545690000000e+00  5.038600000000e-01
S 2   1
7.022240000000e+00 -1.498360000000e-01
1.120780000000e+00  5.000000000000e-01
S 1   1
4.702980000000e-01  1.000000000000e+00
S 1   1
1.035680000000e-01  1.000000000000e+00
S 1   1
3.796150000000e-02  1.000000000000e+00
S 1   1
1.296400000000e-02  1.000000000000e+00
P 8   1
3.203890000000e+03  5.815650000000e-04
7.589870000000e+02  5.029200000000e-03
2.447400000000e+02  2.716910000000e-02
9.327320000000e+01  1.010030000000e-01
3.894380000000e+01  2.751510000000e-01
1.708820000000e+01  4.919860000000e-01
7.777280000000e+00  5.000000000000e-01
3.466210000000e+00  2.025140000000e-01
P 4   1
1.957030000000e+01 -1.758170000000e-02
2.754680000000e+00  2.583950000000e-01
1.294390000000e+00  5.000000000000e-01
5.978490000000e-01  4.205550000000e-01
P 1   1
2.591980000000e-01  1.000000000000e+00
P 1   1
7.400000000000e-02  1.000000000000e+00
P 1   1
1.998600000000e-02  1.000000000000e+00
D 6   1
8.705560000000e+01  3.172760000000e-03
2.579840000000e+01  2.326510000000e-02
9.520230000000e+00  9.554750000000e-02
3.737420000000e+00  2.592260000000e-01
1.558670000000e+00  4.341120000000e-01
6.354910000000e-01  5.000000000000e-01
D 1   1
2.455640000000e-01  1.000000000000e+00
D 1   1
8.589650000000e-02  1.000000000000e+00
D 1   1
2.808100000000e-02  1.000000000000e+00
F 1   1
2.426000000000e+00  1.000000000000e+00
F 1   1
5.390000000000e-01  1.000000000000e+00
F 1   1
7.994200000000e-02  1.000000000000e+00
G 1   1
1.229000000000e+00  1.000000000000e+00
G 1   1
9.992800000000e-02  1.000000000000e+00
@END

@ATOMBASIS V
S 10   1
9.678410000000e+05  5.632480000000e-05
1.450040000000e+05  4.375980000000e-04
3.300810000000e+04  2.295490000000e-03
9.350010000000e+03  9.614370000000e-03
3.049970000000e+03  3.413330000000e-02
1.100750000000e+03  1.036610000000e-01
4.295100000000e+02  2.571850000000e-01
1.753470000000e+02  4.831770000000e-01
7.443570000000e+01  5.000000000000e-01
3.243590000000e+01  1.804680000000e-01
S 4   1
2.624090000000e+02 -2.145080000000e-02
7.978830000000e+01 -1.034210000000e-01
1.226870000000e+01  5.000000000000e-01
5.062740000000e+00  5.009690000000e-01
S 2   1
7.882690000000e+00 -1.519380000000e-01
1.267250000000e+00  5.000000000000e-01
S 1   1
5.299100000000e-01  1.000000000000e+00
S 1   1
1.149750000000e-01  1.000000000000e+00
S 1   1
4.125610000000e-02  1.000000000000e+00
S 1   1
1.381300000000e-02  1.000000000000e+00
P 8   1
3.581020000000e+03  5.657570000000e-04
8.482920000000e+02  4.898890000000e-03
2.736880000000e+02  2.651400000000e-02
1.043630000000e+02  9.915750000000e-02
4.360750000000e+01  2.719870000000e-01
1.916760000000e+01  4.899570000000e-01
8.743510000000e+00  5.000000000000e-01
3.908710000000e+00  2.020510000000e-01
P 4   1
2.182890000000e+01 -1.803600000000e-02
3.127940000000e+00  2.611970000000e-01
1.468270000000e+00  5.000000000000e-01
6.775110000000e-01  4.168080000000e-01
P 1   1
2.935250000000e-01  1.000000000000e+00
P 1   1
8.400000000000e-02  1.000000000000e+00
P 1   1
2.273700000000e-02  1.000000000000e+00
D 6   1
1.012320000000e+02  3.121570000000e-03
3.002890000000e+01  2.333830000000e-02
1.110790000000e+01  9.731550000000e-02
4.395110000000e+00  2.636640000000e-01
1.846170000000e+00  4.397870000000e-01
7.578980000000e-01  5.000000000000e-01
D 1   1
2.943710000000e-01  1.000000000000e+00
D 1   1
1.029840000000e-01  1.000000000000e+00
D 1   1
3.367200000000e-02  1.000000000000e+00
F 1   1
2.669000000000e+00  1.000000000000e+00
F 1   1
5.930000000000e-01  1.000000000000e+00
F 1   1
9.095000000000e-02  1.000000000000e+00
G 1   1
1.352000000000e+00  1.000000000000e+00
G 1   1
1.136900000000e-01  1.000000000000e+00
@END

@ATOMBASIS CR
S 10   1
1.057260000000e+06  5.609800000000e-05
1.584000000000e+05  4.358530000000e-04
3.605450000000e+04  2.286710000000e-03
1.021200000000e+04  9.579280000000e-03
3.330730000000e+03  3.401990000000e-02
1.201990000000e+03  1.033570000000e-01
4.690920000000e+02  2.565630000000e-01
1.915570000000e+02  4.825560000000e-01
8.137690000000e+01  5.000000000000e-01
3.551180000000e+01  1.809910000000e-01
S 4   1
2.864430000000e+02 -2.156920000000e-02
8.721040000000e+01 -1.040160000000e-01
1.350630000000e+01  5.000000000000e-01
5.605350000000e+00  4.981450000000e-01
S 2   1
8.789910000000e+00 -1.536950000000e-01
1.420720000000e+00  5.000000000000e-01
S 1   1
5.916600000000e-01  1.000000000000e+00
S 1   1
1.263720000000e-01  1.000000000000e+00
S 1   1
4.443570000000e-02  1.000000000000e+00
S 1   1
1.459800000000e-02  1.000000000000e+00
P 8   1
3.973170000000e+03  5.534350000000e-04
9.412380000000e+02  4.796500000000e-03
3.038480000000e+02  2.599710000000e-02
1.159290000000e+02  9.770180000000e-02
4.848440000000e+01  2.694440000000e-01
2.134990000000e+01  4.882960000000e-01
9.759530000000e+00  5.000000000000e-01
4.374710000000e+00  2.015430000000e-01
P 4   1
2.419310000000e+01 -1.849060000000e-02
3.527250000000e+00  2.631850000000e-01
1.656170000000e+00  5.000000000000e-01
7.641910000000e-01  4.165080000000e-01
P 1   1
3.307720000000e-01  1.000000000000e+00
P 1   1
9.300000000000e-02  1.000000000000e+00
P 1   1
2.475600000000e-02  1.000000000000e+00
D 6   1
1.142890000000e+02  3.173280000000e-03
3.392780000000e+01  2.399430000000e-02
1.259020000000e+01  1.004150000000e-01
5.017180000000e+00  2.704780000000e-01
2.116390000000e+00  4.462970000000e-01
8.712550000000e-01  5.000000000000e-01
D 1   1
3.382090000000e-01  1.000000000000e+00
D 1   1
1.174870000000e-01  1.000000000000e+00
D 1   1
3.816200000000e-02  1.000000000000e+00
F 1   1
2.936000000000e+00  1.000000000000e+00
F 1   1
6.520000000000e-01  1.000000000000e+00
F 1   1
9.902300000000e-02  1.000000000000e+00
G 1   1
1.488000000000e+00  1.000000000000e+00
G 1   1
1.237800000000e-01  1.000000000000e+00
@END

@ATOMBASIS MN
S 10   1
1.150180000000e+06  5.592070000000e-05
1.723250000000e+05  4.344700000000e-04
3.922400000000e+04  2.279460000000e-03
1.110980000000e+04  9.548930000000e-03
3.623690000000e+03  3.391480000000e-02
1.307690000000e+03  1.030910000000e-01
5.103070000000e+02  2.561500000000e-01
2.083590000000e+02  4.823750000000e-01
8.854190000000e+01  5.000000000000e-01
3.868500000000e+01  1.809820000000e-01
S 4   1
3.116580000000e+02 -2.165480000000e-02
9.499400000000e+01 -1.045030000000e-01
1.480060000000e+01  5.000000000000e-01
6.172250000000e+00  4.951490000000e-01
S 2   1
9.744330000000e+00 -1.550070000000e-01
1.580240000000e+00  5.000000000000e-01
S 1   1
6.547890000000e-01  1.000000000000e+00
S 1   1
1.369370000000e-01  1.000000000000e+00
S 1   1
4.731090000000e-02  1.000000000000e+00
S 1   1
1.528900000000e-02  1.000000000000e+00
P 8   1
4.391400000000e+03  5.411010000000e-04
1.040320000000e+03  4.694130000000e-03
3.359500000000e+02  2.548870000000e-02
1.282030000000e+02  9.629050000000e-02
5.364540000000e+01  2.670030000000e-01
2.365800000000e+01  4.865710000000e-01
1.083360000000e+01  5.000000000000e-01
4.866790000000e+00  2.011680000000e-01
P 4   1
2.667350000000e+01 -1.895160000000e-02
3.952750000000e+00  2.645870000000e-01
1.858750000000e+00  5.000000000000e-01
8.585830000000e-01  4.192920000000e-01
P 1   1
3.711740000000e-01  1.000000000000e+00
P 1   1
1.040000000000e-01  1.000000000000e+00
P 1   1
2.759400000000e-02  1.000000000000e+00
D 6   1
1.288370000000e+02  3.177290000000e-03
3.827970000000e+01  2.429190000000e-02
1.424980000000e+01  1.021470000000e-01
5.715870000000e+00  2.746700000000e-01
2.422490000000e+00  4.507820000000e-01
1.001490000000e+00  5.000000000000e-01
D 1   1
3.906900000000e-01  1.000000000000e+00
D 1   1
1.362620000000e-01  1.000000000000e+00
D 1   1
4.442500000000e-02  1.000000000000e+00
F 1   1
3.230000000000e+00  1.000000000000e+00
F 1   1
7.180000000000e-01  1.000000000000e+00
F 1   1
1.103700000000e-01  1.000000000000e+00
G 1   1
1.636000000000e+00  1.000000000000e+00
G 1   1
1.379700000000e-01  1.000000000000e+00
@END

@ATOMBASIS FE
S 10   1
1.248660000000e+06  5.564700000000e-05
1.870390000000e+05  4.324570000000e-04
4.256830000000e+04  2.269170000000e-03
1.205620000000e+04  9.506930000000e-03
3.932330000000e+03  3.376790000000e-02
1.419140000000e+03  1.026830000000e-01
5.538320000000e+02  2.553730000000e-01
2.261290000000e+02  4.816410000000e-01
9.613170000000e+01  5.000000000000e-01
4.204430000000e+01  1.814340000000e-01
S 4   1
3.379410000000e+02 -2.173350000000e-02
1.031140000000e+02 -1.049530000000e-01
1.615510000000e+01  5.000000000000e-01
6.766520000000e+00  4.925090000000e-01
S 2   1
1.074040000000e+01 -1.563190000000e-01
1.749320000000e+00  5.000000000000e-01
S 1   1
7.237370000000e-01  1.000000000000e+00
S 1   1
1.471470000000e-01  1.000000000000e+00
S 1   1
5.032700000000e-02  1.000000000000e+00
S 1   1
1.611100000000e-02  1.000000000000e+00
P 8   1
4.835510000000e+03  5.288070000000e-04
1.145530000000e+03  4.591720000000e-03
3.700700000000e+02  2.497020000000e-02
1.412660000000e+02  9.478910000000e-02
5.913700000000e+01  2.643440000000e-01
2.610880000000e+01  4.846170000000e-01
1.197310000000e+01  5.000000000000e-01
5.388060000000e+00  2.011240000000e-01
P 4   1
2.930380000000e+01 -1.924030000000e-02
4.390390000000e+00  2.664210000000e-01
2.060400000000e+00  5.000000000000e-01
9.526850000000e-01  4.151500000000e-01
P 1   1
4.124540000000e-01  1.000000000000e+00
P 1   1
1.150000000000e-01  1.000000000000e+00
P 1   1
3.037100000000e-02  1.000000000000e+00
D 6   1
1.384180000000e+02  3.453300000000e-03
4.114310000000e+01  2.639150000000e-02
1.535110000000e+01  1.098840000000e-01
6.180320000000e+00  2.902750000000e-01
2.613390000000e+00  4.632870000000e-01
1.073710000000e+00  5.000000000000e-01
D 1   1
4.130630000000e-01  1.000000000000e+00
D 1   1
1.409180000000e-01  1.000000000000e+00
D 1   1
4.500400000000e-02  1.000000000000e+00
F 1   1
3.553000000000e+00  1.000000000000e+00
F 1   1
7.890000000000e-01  1.000000000000e+00
F 1   1
1.214800000000e-01  1.000000000000e+00
G 1   1
1.800000000000e+00  1.000000000000e+00
G 1   1
1.518500000000e-01  1.000000000000e+00
@END

@ATOMBASIS CO
S 10   1
1.350340000000e+06  5.540290000000e-05
2.023280000000e+05  4.304030000000e-04
4.605660000000e+04  2.257920000000e-03
1.304670000000e+04  9.457380000000e-03
4.256280000000e+03  3.358870000000e-02
1.536300000000e+03  1.021680000000e-01
5.996310000000e+02  2.543570000000e-01
2.448150000000e+02  4.806280000000e-01
1.041040000000e+02  5.000000000000e-01
4.556730000000e+01  1.820260000000e-01
S 4   1
3.653740000000e+02 -2.179310000000e-02
1.115880000000e+02 -1.053380000000e-01
1.756730000000e+01  5.000000000000e-01
7.385650000000e+00  4.898650000000e-01
S 2   1
1.178360000000e+01 -1.574800000000e-01
1.925390000000e+00  5.000000000000e-01
S 1   1
7.943680000000e-01  1.000000000000e+00
S 1   1
1.567820000000e-01  1.000000000000e+00
S 1   1
5.299340000000e-02  1.000000000000e+00
S 1   1
1.677800000000e-02  1.000000000000e+00
P 8   1
5.272810000000e+03  5.242130000000e-04
1.249100000000e+03  4.554570000000e-03
4.036490000000e+02  2.479600000000e-02
1.541140000000e+02  9.442910000000e-02
6.456090000000e+01  2.640550000000e-01
2.854300000000e+01  4.851910000000e-01
1.311370000000e+01  5.000000000000e-01
5.915730000000e+00  2.000960000000e-01
P 4   1
3.205570000000e+01 -1.944500000000e-02
4.848540000000e+00  2.675670000000e-01
2.268000000000e+00  5.000000000000e-01
1.046580000000e+00  4.110510000000e-01
P 1   1
4.528240000000e-01  1.000000000000e+00
P 1   1
1.270000000000e-01  1.000000000000e+00
P 1   1
3.372700000000e-02  1.000000000000e+00
D 6   1
1.530530000000e+02  3.491740000000e-03
4.551960000000e+01  2.690240000000e-02
1.700550000000e+01  1.126130000000e-01
6.871490000000e+00  2.957570000000e-01
2.911490000000e+00  4.678140000000e-01
1.197380000000e+00  5.000000000000e-01
D 1   1
4.603620000000e-01  1.000000000000e+00
D 1   1
1.568510000000e-01  1.000000000000e+00
D 1   1
5.003200000000e-02  1.000000000000e+00
F 1   1
3.908000000000e+00  1.000000000000e+00
F 1   1
8.680000000000e-01  1.000000000000e+00
F 1   1
1.349100000000e-01  1.000000000000e+00
G 1   1
1.980000000000e+00  1.000000000000e+00
G 1   1
1.686300000000e-01  1.000000000000e+00
@END

@ATOMBASIS NI
S 10   1
1.462570000000e+06  5.483420000000e-05
2.191070000000e+05  4.260810000000e-04
4.987240000000e+04  2.235460000000e-03
1.412590000000e+04  9.366150000000e-03
4.607350000000e+03  3.328520000000e-02
1.662440000000e+03  1.013650000000e-01
6.486060000000e+02  2.528550000000e-01
2.646890000000e+02  4.790410000000e-01
1.125610000000e+02  5.000000000000e-01
4.929160000000e+01  1.830070000000e-01
S 4   1
3.938990000000e+02 -2.184940000000e-02
1.204050000000e+02 -1.057020000000e-01
1.903990000000e+01  5.000000000000e-01
8.031510000000e+00  4.875560000000e-01
S 2   1
1.287360000000e+01 -1.584610000000e-01
2.108730000000e+00  5.000000000000e-01
S 1   1
8.673880000000e-01  1.000000000000e+00
S 1   1
1.668340000000e-01  1.000000000000e+00
S 1   1
5.571650000000e-02  1.000000000000e+00
S 1   1
1.744200000000e-02  1.000000000000e+00
P 8   1
5.748040000000e+03  5.159490000000e-04
1.361680000000e+03  4.486070000000e-03
4.401340000000e+02  2.445580000000e-02
1.680740000000e+02  9.347920000000e-02
7.043690000000e+01  2.624880000000e-01
3.117040000000e+01  4.842890000000e-01
1.433660000000e+01  5.000000000000e-01
6.476180000000e+00  1.995750000000e-01
P 4   1
3.491960000000e+01 -1.963570000000e-02
5.330440000000e+00  2.682380000000e-01
2.486740000000e+00  5.000000000000e-01
1.144230000000e+00  4.083920000000e-01
P 1   1
4.940880000000e-01  1.000000000000e+00
P 1   1
1.390000000000e-01  1.000000000000e+00
P 1   1
3.702100000000e-02  1.000000000000e+00
D 6   1
1.675060000000e+02  3.558110000000e-03
4.984860000000e+01  2.756550000000e-02
1.865620000000e+01  1.155210000000e-01
7.566380000000e+00  3.013900000000e-01
3.210700000000e+00  4.721930000000e-01
1.320720000000e+00  5.000000000000e-01
D 1   1
5.068980000000e-01  1.000000000000e+00
D 1   1
1.719430000000e-01  1.000000000000e+00
D 1   1
5.461900000000e-02  1.000000000000e+00
F 1   1
4.299000000000e+00  1.000000000000e+00
F 1   1
9.550000000000e-01  1.000000000000e+00
F 1   1
1.480900000000e-01  1.000000000000e+00
G 1   1
2.178000000000e+00  1.000000000000e+00
G 1   1
1.851100000000e-01  1.000000000000e+00
@END

@ATOMBASIS CU
S 10   1
1.570600000000e+06  5.477690000000e-05
2.352790000000e+05  4.256760000000e-04
5.354930000000e+04  2.233570000000e-03
1.516690000000e+04  9.358350000000e-03
4.946990000000e+03  3.325670000000e-02
1.785180000000e+03  1.012800000000e-01
6.966140000000e+02  2.526980000000e-01
2.843210000000e+02  4.790280000000e-01
1.209530000000e+02  5.000000000000e-01
5.301740000000e+01  1.828900000000e-01
S 4   1
4.235950000000e+02 -2.188900000000e-02
1.295800000000e+02 -1.060160000000e-01
2.056970000000e+01  5.000000000000e-01
8.702730000000e+00  4.852650000000e-01
S 2   1
1.401080000000e+01 -1.592510000000e-01
2.299190000000e+00  5.000000000000e-01
S 1   1
9.428080000000e-01  1.000000000000e+00
S 1   1
1.773900000000e-01  1.000000000000e+00
S 1   1
5.852970000000e-02  1.000000000000e+00
S 1   1
1.811600000000e-02  1.000000000000e+00
P 8   1
6.235020000000e+03  5.099790000000e-04
1.477070000000e+03  4.436560000000e-03
4.775620000000e+02  2.421060000000e-02
1.823960000000e+02  9.283350000000e-02
7.647570000000e+01  2.614910000000e-01
3.387860000000e+01  4.838700000000e-01
1.560020000000e+01  5.000000000000e-01
7.056890000000e+00  1.989170000000e-01
P 4   1
3.790070000000e+01 -1.981230000000e-02
5.834270000000e+00  2.688260000000e-01
2.715170000000e+00  5.000000000000e-01
1.245870000000e+00  4.063080000000e-01
P 1   1
5.368100000000e-01  1.000000000000e+00
P 1   1
1.510000000000e-01  1.000000000000e+00
P 1   1
4.021300000000e-02  1.000000000000e+00
D 6   1
1.821630000000e+02  3.631570000000e-03
5.424070000000e+01  2.825630000000e-02
2.033590000000e+01  1.183810000000e-01
8.274870000000e+00  3.068510000000e-01
3.514450000000e+00  4.763230000000e-01
1.444840000000e+00  5.000000000000e-01
D 1   1
5.530010000000e-01  1.000000000000e+00
D 1   1
1.863600000000e-01  1.000000000000e+00
D 1   1
5.883700000000e-02  1.000000000000e+00
F 1   1
4.729000000000e+00  1.000000000000e+00
F 1   1
1.051000000000e+00  1.000000000000e+00
F 1   1
1.608500000000e-01  1.000000000000e+00
G 1   1
2.396000000000e+00  1.000000000000e+00
G 1   1
2.010600000000e-01  1.000000000000e+00
@END

@ATOMBASIS ZN
S 10   1
1.679550000000e+06  5.486400000000e-05
2.516080000000e+05  4.263300000000e-04
5.726710000000e+04  2.236920000000e-03
1.622050000000e+04  9.371680000000e-03
5.291320000000e+03  3.329490000000e-02
1.909920000000e+03  1.013640000000e-01
7.455760000000e+02  2.528160000000e-01
3.044240000000e+02  4.792800000000e-01
1.295680000000e+02  5.000000000000e-01
5.685190000000e+01  1.826080000000e-01
S 4   1
4.544320000000e+02 -2.191660000000e-02
1.391090000000e+02 -1.062810000000e-01
2.215660000000e+01  5.000000000000e-01
9.398580000000e+00  4.829450000000e-01
S 2   1
1.519590000000e+01 -1.598200000000e-01
2.495680000000e+00  5.000000000000e-01
S 1   1
1.019450000000e+00  1.000000000000e+00
S 1   1
1.875030000000e-01  1.000000000000e+00
S 1   1
6.113970000000e-02  1.000000000000e+00
S 1   1
1.871600000000e-02  1.000000000000e+00
P 8   1
6.744850000000e+03  5.039860000000e-04
1.597820000000e+03  4.386980000000e-03
5.166930000000e+02  2.396760000000e-02
1.973590000000e+02  9.217830000000e-02
8.278690000000e+01  2.603990000000e-01
3.671180000000e+01  4.832410000000e-01
1.692200000000e+01  5.000000000000e-01
7.663440000000e+00  1.983870000000e-01
P 4   1
4.100500000000e+01 -1.998730000000e-02
6.362320000000e+00  2.691320000000e-01
2.955330000000e+00  5.000000000000e-01
1.352620000000e+00  4.054610000000e-01
P 1   1
5.814200000000e-01  1.000000000000e+00
P 1   1
1.640000000000e-01  1.000000000000e+00
P 1   1
4.378900000000e-02  1.000000000000e+00
D 6   1
1.977000000000e+02  3.687710000000e-03
5.889860000000e+01  2.881720000000e-02
2.212140000000e+01  1.206970000000e-01
9.030180000000e+00  3.113390000000e-01
3.839940000000e+00  4.797430000000e-01
1.579210000000e+00  5.000000000000e-01
D 1   1
6.043230000000e-01  1.000000000000e+00
D 1   1
2.034080000000e-01  1.000000000000e+00
D 1   1
6.414700000000e-02  1.000000000000e+00
F 1   1
5.201000000000e+00  1.000000000000e+00
F 1   1
1.156000000000e+00  1.000000000000e+00
F 1   1
1.751600000000e-01  1.000000000000e+00
G 1   1
2.635000000000e+00  1.000000000000e+00
G 1   1
2.189400000000e-01  1.000000000000e+00
@END

@ATOMBASIS GA
S 10   1
1.803770000000e+06  5.441420000000e-05
2.702220000000e+05  4.228220000000e-04
6.150280000000e+04  2.218690000000e-03
1.741910000000e+04  9.297090000000e-03
5.681520000000e+03  3.304540000000e-02
2.050300000000e+03  1.006930000000e-01
8.001830000000e+02  2.515530000000e-01
3.266090000000e+02  4.779280000000e-01
1.390560000000e+02  5.000000000000e-01
6.106530000000e+01  1.838650000000e-01
S 4   1
4.856520000000e+02 -2.207640000000e-02
1.488050000000e+02 -1.069770000000e-01
2.384850000000e+01  5.000000000000e-01
1.016160000000e+01  4.848960000000e-01
S 2   1
1.639180000000e+01 -1.617160000000e-01
2.720420000000e+00  5.000000000000e-01
S 1   1
1.138820000000e+00  1.000000000000e+00
S 1   1
2.402930000000e-01  1.000000000000e+00
S 1   1
8.253370000000e-02  1.000000000000e+00
S 1   1
2.652600000000e-02  1.000000000000e+00
P 8   1
7.128680000000e+03  5.228140000000e-04
1.688850000000e+03  4.549570000000e-03
5.461510000000e+02  2.485540000000e-02
2.085670000000e+02  9.549740000000e-02
8.754980000000e+01  2.685360000000e-01
3.882780000000e+01  4.946670000000e-01
1.792410000000e+01  5.000000000000e-01
8.140150000000e+00  1.924550000000e-01
P 4   1
4.486810000000e+01 -1.796330000000e-02
6.679770000000e+00  2.702810000000e-01
2.911890000000e+00  5.000000000000e-01
1.224470000000e+00  3.320050000000e-01
P 1   1
4.292210000000e-01  1.000000000000e+00
P 1   1
1.437500000000e-01  1.000000000000e+00
P 1   1
4.383040000000e-02  1.000000000000e+00
P 1   1
1.259600000000e-02  1.000000000000e+00
D 7   1
2.396090000000e+02  2.990330000000e-03
7.141940000000e+01  2.416490000000e-02
2.682440000000e+01  1.062670000000e-01
1.103490000000e+01  2.842250000000e-01
4.778430000000e+00  4.622330000000e-01
2.020790000000e+00  5.000000000000e-01
8.072990000000e-01  3.705070000000e-01
D 1   1
2.906390000000e-01  1.000000000000e+00
D 1   1
1.080000000000e-01  1.000000000000e+00
D 1   1
3.735600000000e-02  1.000000000000e+00
F 1   1
3.600000000000e-01  1.000000000000e+00
F 1   1
5.038400000000e-02  1.000000000000e+00
@END

@ATOMBASIS GE
S 10   1
1.924790000000e+06  5.432490000000e-05
2.883790000000e+05  4.220680000000e-04
6.564210000000e+04  2.214410000000e-03
1.859370000000e+04  9.277770000000e-03
6.065340000000e+03  3.297410000000e-02
2.189130000000e+03  1.004850000000e-01
8.544810000000e+02  2.511680000000e-01
3.487820000000e+02  4.776220000000e-01
1.485760000000e+02  5.000000000000e-01
6.532230000000e+01  1.844330000000e-01
S 4   1
5.179310000000e+02 -2.222390000000e-02
1.588320000000e+02 -1.076270000000e-01
2.560160000000e+01  5.000000000000e-01
1.095440000000e+01  4.867310000000e-01
S 2   1
1.763230000000e+01 -1.629080000000e-01
2.953580000000e+00  5.000000000000e-01
S 1   1
1.265650000000e+00  1.000000000000e+00
S 1   1
2.965120000000e-01  1.000000000000e+00
S 1   1
1.042030000000e-01  1.000000000000e+00
S 1   1
3.421500000000e-02  1.000000000000e+00
P 8   1
7.703720000000e+03  5.120850000000e-04
1.824900000000e+03  4.460030000000e-03
5.901900000000e+02  2.440310000000e-02
2.253850000000e+02  9.411570000000e-02
9.462040000000e+01  2.658700000000e-01
4.199300000000e+01  4.919950000000e-01
1.940860000000e+01  5.000000000000e-01
8.825440000000e+00  1.935790000000e-01
P 4   1
4.823400000000e+01 -1.810870000000e-02
7.246730000000e+00  2.692110000000e-01
3.169090000000e+00  5.000000000000e-01
1.343770000000e+00  3.249900000000e-01
P 1   1
4.621960000000e-01  1.000000000000e+00
P 1   1
1.686920000000e-01  1.000000000000e+00
P 1   1
5.615310000000e-02  1.000000000000e+00
P 1   1
1.752500000000e-02  1.000000000000e+00
D 7   1
2.797650000000e+02  2.597010000000e-03
8.340830000000e+01  2.147120000000e-02
3.136850000000e+01  9.724880000000e-02
1.301120000000e+01  2.659670000000e-01
5.711170000000e+00  4.496340000000e-01
2.464650000000e+00  5.000000000000e-01
1.014790000000e+00  3.656360000000e-01
D 1   1
3.814970000000e-01  1.000000000000e+00
D 1   1
1.410000000000e-01  1.000000000000e+00
D 1   1
4.852600000000e-02  1.000000000000e+00
F 1   1
4.000000000000e-01  1.000000000000e+00
F 1   1
7.010100000000e-02  1.000000000000e+00
@END

@ATOMBASIS AS
S 10   1
2.055370000000e+06  5.402530000000e-05
3.079260000000e+05  4.197880000000e-04
7.008950000000e+04  2.202520000000e-03
1.985190000000e+04  9.230060000000e-03
6.474760000000e+03  3.281710000000e-02
2.336460000000e+03  1.000720000000e-01
9.118580000000e+02  2.503840000000e-01
3.721690000000e+02  4.767450000000e-01
1.586150000000e+02  5.000000000000e-01
6.979920000000e+01  1.854020000000e-01
S 4   1
5.512100000000e+02 -2.236790000000e-02
1.691770000000e+02 -1.082560000000e-01
2.741870000000e+01  5.000000000000e-01
1.177810000000e+01  4.886210000000e-01
S 2   1
1.891750000000e+01 -1.635240000000e-01
3.195890000000e+00  5.000000000000e-01
S 1   1
1.398870000000e+00  1.000000000000e+00
S 1   1
3.559290000000e-01  1.000000000000e+00
S 1   1
1.263100000000e-01  1.000000000000e+00
S 1   1
4.185400000000e-02  1.000000000000e+00
P 8   1
8.323980000000e+03  4.988040000000e-04
1.971820000000e+03  4.347580000000e-03
6.378880000000e+02  2.381450000000e-02
2.436610000000e+02  9.219170000000e-02
1.023230000000e+02  2.617880000000e-01
4.545930000000e+01  4.872240000000e-01
2.104160000000e+01  5.000000000000e-01
9.580390000000e+00  1.960060000000e-01
P 4   1
5.162920000000e+01 -1.840350000000e-02
7.867340000000e+00  2.673410000000e-01
3.473590000000e+00  5.000000000000e-01
1.497470000000e+00  3.235020000000e-01
P 1   1
5.309120000000e-01  1.000000000000e+00
P 1   1
2.021850000000e-01  1.000000000000e+00
P 1   1
7.002960000000e-02  1.000000000000e+00
P 1   1
2.268400000000e-02  1.000000000000e+00
D 7   1
3.256880000000e+02  2.250510000000e-03
9.711480000000e+01  1.900100000000e-02
3.659640000000e+01  8.830650000000e-02
1.532290000000e+01  2.467020000000e-01
6.814420000000e+00  4.346870000000e-01
2.996480000000e+00  5.000000000000e-01
1.266650000000e+00  3.682050000000e-01
D 1   1
4.922530000000e-01  1.000000000000e+00
D 1   1
1.680000000000e-01  1.000000000000e+00
D 1   1
5.367300000000e-02  1.000000000000e+00
F 1   1
4.400000000000e-01  1.000000000000e+00
F 1   1
9.073700000000e-02  1.000000000000e+00
@END

@ATOMBASIS SE
S 10   1
2.187760000000e+06  5.380900000000e-05
3.277670000000e+05  4.180680000000e-04
7.460930000000e+04  2.193400000000e-03
2.113370000000e+04  9.190680000000e-03
6.894010000000e+03  3.267030000000e-02
2.488520000000e+03  9.960500000000e-02
9.715700000000e+02  2.493730000000e-01
3.965760000000e+02  4.756160000000e-01
1.690960000000e+02  5.000000000000e-01
7.447190000000e+01  1.865530000000e-01
S 4   1
5.854900000000e+02 -2.251280000000e-02
1.798390000000e+02 -1.088870000000e-01
2.930270000000e+01  5.000000000000e-01
1.263650000000e+01  4.907300000000e-01
S 2   1
2.024160000000e+01 -1.644700000000e-01
3.454250000000e+00  5.000000000000e-01
S 1   1
1.543910000000e+00  1.000000000000e+00
S 1   1
4.204860000000e-01  1.000000000000e+00
S 1   1
1.504920000000e-01  1.000000000000e+00
S 1   1
5.026300000000e-02  1.000000000000e+00
P 8   1
8.940310000000e+03  4.901340000000e-04
2.118130000000e+03  4.272690000000e-03
6.854400000000e+02  2.342410000000e-02
2.619060000000e+02  9.091240000000e-02
1.100660000000e+02  2.589380000000e-01
4.897390000000e+01  4.836390000000e-01
2.271450000000e+01  5.000000000000e-01
1.036300000000e+01  1.981840000000e-01
P 4   1
5.514630000000e+01 -1.868510000000e-02
8.514330000000e+00  2.656420000000e-01
3.795850000000e+00  5.000000000000e-01
1.662980000000e+00  3.212110000000e-01
P 1   1
6.162660000000e-01  1.000000000000e+00
P 1   1
2.343230000000e-01  1.000000000000e+00
P 1   1
8.019680000000e-02  1.000000000000e+00
P 1   1
2.568900000000e-02  1.000000000000e+00
D 7   1
3.590170000000e+02  2.165720000000e-03
1.071220000000e+02  1.842400000000e-02
4.045000000000e+01  8.634770000000e-02
1.701050000000e+01  2.432440000000e-01
7.601940000000e+00  4.334040000000e-01
3.370470000000e+00  5.000000000000e-01
1.444000000000e+00  3.552420000000e-01
D 1   1
5.737340000000e-01  1.000000000000e+00
D 1   1
2.140000000000e-01  1.000000000000e+00
D 1   1
7.428000000000e-02  1.000000000000e+00
F 1   1
4.800000000000e-01  1.000000000000e+00
F 1   1
1.027600000000e-01  1.000000000000e+00
@END

@ATOMBASIS BR
S 10   1
2.336250000000e+06  5.323360000000e-05
3.499610000000e+05  4.137150000000e-04
7.964440000000e+04  2.171230000000e-03
2.255550000000e+04  9.101090000000e-03
7.355460000000e+03  3.237890000000e-02
2.653520000000e+03  9.887550000000e-02
1.035170000000e+03  2.481380000000e-01
4.222050000000e+02  4.743280000000e-01
1.800350000000e+02  5.000000000000e-01
7.933080000000e+01  1.877690000000e-01
S 4   1
6.208340000000e+02 -2.265110000000e-02
1.908290000000e+02 -1.094970000000e-01
3.125050000000e+01  5.000000000000e-01
1.352700000000e+01  4.928120000000e-01
S 2   1
2.160970000000e+01 -1.654180000000e-01
3.725660000000e+00  5.000000000000e-01
S 1   1
1.697700000000e+00  1.000000000000e+00
S 1   1
4.893320000000e-01  1.000000000000e+00
S 1   1
1.757120000000e-01  1.000000000000e+00
S 1   1
5.886800000000e-02  1.000000000000e+00
P 8   1
9.608290000000e+03  4.789740000000e-04
2.276180000000e+03  4.178530000000e-03
7.367230000000e+02  2.293150000000e-02
2.815790000000e+02  8.926530000000e-02
1.183950000000e+02  2.552880000000e-01
5.274810000000e+01  4.790740000000e-01
2.450980000000e+01  5.000000000000e-01
1.120090000000e+01  2.009440000000e-01
P 4   1
5.878490000000e+01 -1.896740000000e-02
9.189620000000e+00  2.641040000000e-01
4.138950000000e+00  5.000000000000e-01
1.842250000000e+00  3.193160000000e-01
P 1   1
7.138620000000e-01  1.000000000000e+00
P 1   1
2.742320000000e-01  1.000000000000e+00
P 1   1
9.444110000000e-02  1.000000000000e+00
P 1   1
3.042800000000e-02  1.000000000000e+00
D 7   1
3.984700000000e+02  2.040660000000e-03
1.189670000000e+02  1.751710000000e-02
4.501970000000e+01  8.297080000000e-02
1.903200000000e+01  2.362840000000e-01
8.556860000000e+00  4.284680000000e-01
3.829500000000e+00  5.000000000000e-01
1.662910000000e+00  3.493600000000e-01
D 1   1
6.729530000000e-01  1.000000000000e+00
D 1   1
2.520000000000e-01  1.000000000000e+00
D 1   1
8.779100000000e-02  1.000000000000e+00
F 1   1
5.300000000000e-01  1.000000000000e+00
F 1   1
1.217100000000e-01  1.000000000000e+00
@END

@ATOMBASIS KR
S 10   1
2.470430000000e+06  5.330220000000e-05
3.700860000000e+05  4.142100000000e-04
8.422150000000e+04  2.173990000000e-03
2.385280000000e+04  9.111030000000e-03
7.780230000000e+03  3.240070000000e-02
2.807770000000e+03  9.889480000000e-02
1.095900000000e+03  2.480770000000e-01
4.472010000000e+02  4.742310000000e-01
1.908530000000e+02  5.000000000000e-01
8.420310000000e+01  1.883530000000e-01
S 4   1
6.571630000000e+02 -2.279180000000e-02
2.021330000000e+02 -1.101110000000e-01
3.326550000000e+01  5.000000000000e-01
1.445210000000e+01  4.950840000000e-01
S 2   1
2.302230000000e+01 -1.664130000000e-01
4.010500000000e+00  5.000000000000e-01
S 1   1
1.860660000000e+00  1.000000000000e+00
S 1   1
5.626010000000e-01  1.000000000000e+00
S 1   1
2.019320000000e-01  1.000000000000e+00
S 1   1
6.762400000000e-02  1.000000000000e+00
P 8   1
1.035140000000e+04  4.635940000000e-04
2.452060000000e+03  4.047420000000e-03
7.937710000000e+02  2.224480000000e-02
3.034000000000e+02  8.696010000000e-02
1.275770000000e+02  2.502020000000e-01
5.688300000000e+01  4.728900000000e-01
2.645960000000e+01  5.000000000000e-01
1.210000000000e+01  2.042790000000e-01
P 4   1
6.256550000000e+01 -1.920300000000e-02
9.884900000000e+00  2.628520000000e-01
4.493270000000e+00  5.000000000000e-01
2.026750000000e+00  3.162790000000e-01
P 1   1
8.158630000000e-01  1.000000000000e+00
P 1   1
3.165340000000e-01  1.000000000000e+00
P 1   1
1.098850000000e-01  1.000000000000e+00
P 1   1
3.567000000000e-02  1.000000000000e+00
D 7   1
4.560700000000e+02  1.794810000000e-03
1.362550000000e+02  1.563000000000e-02
5.172080000000e+01  7.532760000000e-02
2.206440000000e+01  2.187260000000e-01
1.001930000000e+01  4.126320000000e-01
4.547100000000e+00  5.000000000000e-01
2.012580000000e+00  3.617560000000e-01
D 1   1
8.309610000000e-01  1.000000000000e+00
D 1   1
3.080000000000e-01  1.000000000000e+00
D 1   1
1.062800000000e-01  1.000000000000e+00
F 1   1
5.900000000000e-01  1.000000000000e+00
F 1   1
1.426800000000e-01  1.000000000000e+00
@END
548f8c34383d1e2ad746068646fc779a