@BASIS_SET AUG-PCX-4

@ATOMBASIS LI
S 1   1
7.068060000000e+04  1.000000000000e+00
S 1   1
1.359360000000e+04  1.000000000000e+00
S 1   1
3.100400000000e+03  1.000000000000e+00
S 1   1
8.264610000000e+02  1.000000000000e+00
S 1   1
2.537610000000e+02  1.000000000000e+00
S 1   1
8.845090000000e+01  1.000000000000e+00
S 1   1
3.449270000000e+01  1.000000000000e+00
S 1   1
1.483120000000e+01  1.000000000000e+00
S 1   1
6.929880000000e+00  1.000000000000e+00
S 1   1
3.467760000000e+00  1.000000000000e+00
S 1   1
1.831560000000e+00  1.000000000000e+00
S 1   1
1.006280000000e+00  1.000000000000e+00
S 1   1
5.667830000000e-01  1.000000000000e+00
S 1   1
3.225450000000e-01  1.000000000000e+00
S 1   1
1.827740000000e-01  1.000000000000e+00
S 1   1
1.016400000000e-01  1.000000000000e+00
S 1   1
5.466590000000e-02  1.000000000000e+00
S 1   1
2.802490000000e-02  1.000000000000e+00
S 1   1
1.349660000000e-02  1.000000000000e+00
S 1   1
5.930000000000e-03  1.000000000000e+00
P 1   1
2.850000000000e+01  1.000000000000e+00
P 1   1
6.640000000000e+00  1.000000000000e+00
P 1   1
1.920000000000e+00  1.000000000000e+00
P 1   1
7.700000000000e-01  1.000000000000e+00
P 1   1
3.200000000000e-01  1.000000000000e+00
P 1   1
1.500000000000e-01  1.000000000000e+00
P 1   1
6.600000000000e-02  1.000000000000e+00
P 1   1
2.500000000000e-02  1.000000000000e+00
P 1   1
8.300000000000e-03  1.000000000000e+00
D 1   1
1.750000000000e+00  1.000000000000e+00
D 1   1
3.000000000000e-01  1.000000000000e+00
D 1   1
1.100000000000e-01  1.000000000000e+00
D 1   1
2.372000000000e-02  1.000000000000e+00
F 1   1
5.000000000000e-01  1.000000000000e+00
F 1   1
2.000000000000e-01  1.000000000000e+00
F 1   1
2.965000000000e-02  1.000000000000e+00
G 1   1
5.500000000000e-01  1.000000000000e+00
G 1   1
3.558000000000e-02  1.000000000000e+00
@END

@ATOMBASIS BE
S 1   1
1.393280000000e+05  1.000000000000e+00
S 1   1
2.677400000000e+04  1.000000000000e+00
S 1   1
6.111990000000e+03  1.000000000000e+00
S 1   1
1.632940000000e+03  1.000000000000e+00
S 1   1
5.030340000000e+02  1.000000000000e+00
S 1   1
1.760310000000e+02  1.000000000000e+00
S 1   1
6.893940000000e+01  1.000000000000e+00
S 1   1
2.976840000000e+01  1.000000000000e+00
S 1   1
1.396290000000e+01  1.000000000000e+00
S 1   1
7.008950000000e+00  1.000000000000e+00
S 1   1
3.709440000000e+00  1.000000000000e+00
S 1   1
2.039230000000e+00  1.000000000000e+00
S 1   1
1.147230000000e+00  1.000000000000e+00
S 1   1
6.506990000000e-01  1.000000000000e+00
S 1   1
3.665910000000e-01  1.000000000000e+00
S 1   1
2.021060000000e-01  1.000000000000e+00
S 1   1
1.074220000000e-01  1.000000000000e+00
S 1   1
5.423080000000e-02  1.000000000000e+00
S 1   1
2.561910000000e-02  1.000000000000e+00
S 1   1
1.106000000000e-02  1.000000000000e+00
P 1   1
4.570000000000e+01  1.000000000000e+00
P 1   1
1.060000000000e+01  1.000000000000e+00
P 1   1
3.080000000000e+00  1.000000000000e+00
P 1   1
1.230000000000e+00  1.000000000000e+00
P 1   1
5.100000000000e-01  1.000000000000e+00
P 1   1
2.300000000000e-01  1.000000000000e+00
P 1   1
1.060000000000e-01  1.000000000000e+00
P 1   1
4.000000000000e-02  1.000000000000e+00
P 1   1
1.333000000000e-02  1.000000000000e+00
D 1   1
3.350000000000e+00  1.000000000000e+00
D 1   1
5.700000000000e-01  1.000000000000e+00
D 1   1
2.100000000000e-01  1.000000000000e+00
D 1   1
4.424000000000e-02  1.000000000000e+00
F 1   1
7.500000000000e-01  1.000000000000e+00
F 1   1
3.000000000000e-01  1.000000000000e+00
F 1   1
5.530000000000e-02  1.000000000000e+00
G 1   1
8.000000000000e-01  1.000000000000e+00
G 1   1
6.636000000000e-02  1.000000000000e+00
@END

@ATOMBASIS B
S 1   1
7.424990000000e+05  1.000000000000e+00
S 1   1
1.109300000000e+05  1.000000000000e+00
S 1   1
2.520310000000e+04  1.000000000000e+00
S 1   1
7.129260000000e+03  1.000000000000e+00
S 1   1
2.324700000000e+03  1.000000000000e+00
S 1   1
8.390520000000e+02  1.000000000000e+00
S 1   1
3.277890000000e+02  1.000000000000e+00
S 1   1
1.367220000000e+02  1.000000000000e+00
S 1   1
6.029360000000e+01  1.000000000000e+00
S 1   1
2.773130000000e+01  1.000000000000e+00
S 1   1
1.299250000000e+01  1.000000000000e+00
S 1   1
6.255140000000e+00  1.000000000000e+00
S 1   1
3.147200000000e+00  1.000000000000e+00
S 1   1
1.562680000000e+00  1.000000000000e+00
S 1   1
7.406630000000e-01  1.000000000000e+00
S 1   1
3.129020000000e-01  1.000000000000e+00
S 1   1
1.314240000000e-01  1.000000000000e+00
S 1   1
5.470710000000e-02  1.000000000000e+00
S 1   1
2.103000000000e-02  1.000000000000e+00
P 1   1
2.278400000000e+02  1.000000000000e+00
P 1   1
5.392210000000e+01  1.000000000000e+00
P 1   1
1.704810000000e+01  1.000000000000e+00
P 1   1
6.001960000000e+00  1.000000000000e+00
P 1   1
2.606590000000e+00  1.000000000000e+00
P 1   1
1.196220000000e+00  1.000000000000e+00
P 1   1
5.696660000000e-01  1.000000000000e+00
P 1   1
2.737730000000e-01  1.000000000000e+00
P 1   1
1.288020000000e-01  1.000000000000e+00
P 1   1
5.965300000000e-02  1.000000000000e+00
P 1   1
2.618990000000e-02  1.000000000000e+00
P 1   1
1.057000000000e-02  1.000000000000e+00
D 1   1
5.300000000000e+00  1.000000000000e+00
D 1   1
1.900000000000e+00  1.000000000000e+00
D 1   1
7.500000000000e-01  1.000000000000e+00
D 1   1
3.500000000000e-01  1.000000000000e+00
D 1   1
1.600000000000e-01  1.000000000000e+00
D 1   1
6.000000000000e-02  1.000000000000e+00
D 1   1
3.000000000000e-02  1.000000000000e+00
F 1   1
1.900000000000e+00  1.000000000000e+00
F 1   1
8.000000000000e-01  1.000000000000e+00
F 1   1
3.500000000000e-01  1.000000000000e+00
F 1   1
4.228000000000e-02  1.000000000000e+00
G 1   1
1.650000000000e+00  1.000000000000e+00
G 1   1
7.000000000000e-01  1.000000000000e+00
G 1   1
5.285000000000e-02  1.000000000000e+00
H 1   1
1.750000000000e+00  1.000000000000e+00
H 1   1
6.341000000000e-02  1.000000000000e+00
@END

@ATOMBASIS C
S 1   1
5.277770000000e+05  1.000000000000e+00
S 1   1
7.910550000000e+04  1.000000000000e+00
S 1   1
1.800640000000e+04  1.000000000000e+00
S 1   1
5.100830000000e+03  1.000000000000e+00
S 1   1
1.664650000000e+03  1.000000000000e+00
S 1   1
6.016640000000e+02  1.000000000000e+00
S 1   1
2.353970000000e+02  1.000000000000e+00
S 1   1
9.826340000000e+01  1.000000000000e+00
S 1   1
4.326890000000e+01  1.000000000000e+00
S 1   1
1.985830000000e+01  1.000000000000e+00
S 1   1
9.569180000000e+00  1.000000000000e+00
S 1   1
4.937320000000e+00  1.000000000000e+00
S 1   1
2.668740000000e+00  1.000000000000e+00
S 1   1
1.467390000000e+00  1.000000000000e+00
S 1   1
6.386340000000e-01  1.000000000000e+00
S 1   1
3.023990000000e-01  1.000000000000e+00
S 1   1
1.411610000000e-01  1.000000000000e+00
S 1   1
6.374900000000e-02  1.000000000000e+00
S 1   1
2.645200000000e-02  1.000000000000e+00
P 1   1
3.822050000000e+02  1.000000000000e+00
P 1   1
9.048940000000e+01  1.000000000000e+00
P 1   1
2.887060000000e+01  1.000000000000e+00
P 1   1
1.038540000000e+01  1.000000000000e+00
P 1   1
4.497180000000e+00  1.000000000000e+00
P 1   1
2.027400000000e+00  1.000000000000e+00
P 1   1
9.515420000000e-01  1.000000000000e+00
P 1   1
4.481450000000e-01  1.000000000000e+00
P 1   1
2.072110000000e-01  1.000000000000e+00
P 1   1
9.486980000000e-02  1.000000000000e+00
P 1   1
4.084270000000e-02  1.000000000000e+00
P 1   1
1.620700000000e-02  1.000000000000e+00
D 1   1
8.400000000000e+00  1.000000000000e+00
D 1   1
3.000000000000e+00  1.000000000000e+00
D 1   1
1.200000000000e+00  1.000000000000e+00
D 1   1
5.500000000000e-01  1.000000000000e+00
D 1   1
2.500000000000e-01  1.000000000000e+00
D 1   1
1.000000000000e-01  1.000000000000e+00
D 1   1
4.862200000000e-02  1.000000000000e+00
F 1   1
2.100000000000e+00  1.000000000000e+00
F 1   1
9.000000000000e-01  1.000000000000e+00
F 1   1
4.000000000000e-01  1.000000000000e+00
F 1   1
6.483000000000e-02  1.000000000000e+00
G 1   1
2.100000000000e+00  1.000000000000e+00
G 1   1
9.000000000000e-01  1.000000000000e+00
G 1   1
8.103700000000e-02  1.000000000000e+00
H 1   1
1.850000000000e+00  1.000000000000e+00
H 1   1
9.724400000000e-02  1.000000000000e+00
@END

@ATOMBASIS N
S 1   1
8.947580000000e+05  1.000000000000e+00
S 1   1
1.348250000000e+05  1.000000000000e+00
S 1   1
3.080800000000e+04  1.000000000000e+00
S 1   1
8.751500000000e+03  1.000000000000e+00
S 1   1
2.861970000000e+03  1.000000000000e+00
S 1   1
1.035320000000e+03  1.000000000000e+00
S 1   1
4.047320000000e+02  1.000000000000e+00
S 1   1
1.683270000000e+02  1.000000000000e+00
S 1   1
7.369500000000e+01  1.000000000000e+00
S 1   1
3.375260000000e+01  1.000000000000e+00
S 1   1
1.615680000000e+01  1.000000000000e+00
S 1   1
7.968760000000e+00  1.000000000000e+00
S 1   1
3.952090000000e+00  1.000000000000e+00
S 1   1
1.945420000000e+00  1.000000000000e+00
S 1   1
9.292890000000e-01  1.000000000000e+00
S 1   1
4.408530000000e-01  1.000000000000e+00
S 1   1
2.034000000000e-01  1.000000000000e+00
S 1   1
9.122590000000e-02  1.000000000000e+00
S 1   1
3.754200000000e-02  1.000000000000e+00
P 1   1
5.662260000000e+02  1.000000000000e+00
P 1   1
1.341040000000e+02  1.000000000000e+00
P 1   1
4.301320000000e+01  1.000000000000e+00
P 1   1
1.561180000000e+01  1.000000000000e+00
P 1   1
6.642710000000e+00  1.000000000000e+00
P 1   1
2.974840000000e+00  1.000000000000e+00
P 1   1
1.388490000000e+00  1.000000000000e+00
P 1   1
6.501190000000e-01  1.000000000000e+00
P 1   1
3.002810000000e-01  1.000000000000e+00
P 1   1
1.361980000000e-01  1.000000000000e+00
P 1   1
5.784500000000e-02  1.000000000000e+00
P 1   1
2.268400000000e-02  1.000000000000e+00
D 1   1
1.280000000000e+01  1.000000000000e+00
D 1   1
4.400000000000e+00  1.000000000000e+00
D 1   1
1.750000000000e+00  1.000000000000e+00
D 1   1
8.000000000000e-01  1.000000000000e+00
D 1   1
3.700000000000e-01  1.000000000000e+00
D 1   1
1.500000000000e-01  1.000000000000e+00
D 1   1
6.805300000000e-02  1.000000000000e+00
F 1   1
2.300000000000e+00  1.000000000000e+00
F 1   1
1.000000000000e+00  1.000000000000e+00
F 1   1
4.500000000000e-01  1.000000000000e+00
F 1   1
9.073700000000e-02  1.000000000000e+00
G 1   1
2.550000000000e+00  1.000000000000e+00
G 1   1
1.100000000000e+00  1.000000000000e+00
G 1   1
1.134200000000e-01  1.000000000000e+00
H 1   1
1.950000000000e+00  1.000000000000e+00
H 1   1
1.361100000000e-01  1.000000000000e+00
@END

@ATOMBASIS O
S 1   1
1.259720000000e+06  1.000000000000e+00
S 1   1
1.901120000000e+05  1.000000000000e+00
S 1   1
4.344900000000e+04  1.000000000000e+00
S 1   1
1.234230000000e+04  1.000000000000e+00
S 1   1
4.034980000000e+03  1.000000000000e+00
S 1   1
1.459680000000e+03  1.000000000000e+00
S 1   1
5.706560000000e+02  1.000000000000e+00
S 1   1
2.375040000000e+02  1.000000000000e+00
S 1   1
1.041120000000e+02  1.000000000000e+00
S 1   1
4.758120000000e+01  1.000000000000e+00
S 1   1
2.254610000000e+01  1.000000000000e+00
S 1   1
1.109260000000e+01  1.000000000000e+00
S 1   1
5.540900000000e+00  1.000000000000e+00
S 1   1
2.779400000000e+00  1.000000000000e+00
S 1   1
1.283680000000e+00  1.000000000000e+00
S 1   1
5.964890000000e-01  1.000000000000e+00
S 1   1
2.705650000000e-01  1.000000000000e+00
S 1   1
1.202800000000e-01  1.000000000000e+00
S 1   1
4.909400000000e-02  1.000000000000e+00
P 1   1
7.086070000000e+02  1.000000000000e+00
P 1   1
1.678620000000e+02  1.000000000000e+00
P 1   1
5.396660000000e+01  1.000000000000e+00
P 1   1
1.980740000000e+01  1.000000000000e+00
P 1   1
8.383240000000e+00  1.000000000000e+00
P 1   1
3.744730000000e+00  1.000000000000e+00
P 1   1
1.732160000000e+00  1.000000000000e+00
P 1   1
7.997730000000e-01  1.000000000000e+00
P 1   1
3.632290000000e-01  1.000000000000e+00
P 1   1
1.596330000000e-01  1.000000000000e+00
P 1   1
6.566420000000e-02  1.000000000000e+00
P 1   1
2.496700000000e-02  1.000000000000e+00
D 1   1
1.820000000000e+01  1.000000000000e+00
D 1   1
6.000000000000e+00  1.000000000000e+00
D 1   1
2.400000000000e+00  1.000000000000e+00
D 1   1
1.100000000000e+00  1.000000000000e+00
D 1   1
5.000000000000e-01  1.000000000000e+00
D 1   1
2.000000000000e-01  1.000000000000e+00
D 1   1
7.490200000000e-02  1.000000000000e+00
F 1   1
2.600000000000e+00  1.000000000000e+00
F 1   1
1.150000000000e+00  1.000000000000e+00
F 1   1
5.000000000000e-01  1.000000000000e+00
F 1   1
9.987000000000e-02  1.000000000000e+00
G 1   1
3.050000000000e+00  1.000000000000e+00
G 1   1
1.300000000000e+00  1.000000000000e+00
G 1   1
1.248400000000e-01  1.000000000000e+00
H 1   1
2.050000000000e+00  1.000000000000e+00
H 1   1
1.498000000000e-01  1.000000000000e+00
@END

@ATOMBASIS F
S 1   1
1.856020000000e+06  1.000000000000e+00
S 1   1
2.800680000000e+05  1.000000000000e+00
S 1   1
6.407770000000e+04  1.000000000000e+00
S 1   1
1.821570000000e+04  1.000000000000e+00
S 1   1
5.957790000000e+03  1.000000000000e+00
S 1   1
2.155030000000e+03  1.000000000000e+00
S 1   1
8.419570000000e+02  1.000000000000e+00
S 1   1
3.498190000000e+02  1.000000000000e+00
S 1   1
1.527880000000e+02  1.000000000000e+00
S 1   1
6.936720000000e+01  1.000000000000e+00
S 1   1
3.257370000000e+01  1.000000000000e+00
S 1   1
1.588900000000e+01  1.000000000000e+00
S 1   1
7.865140000000e+00  1.000000000000e+00
S 1   1
3.919880000000e+00  1.000000000000e+00
S 1   1
1.786120000000e+00  1.000000000000e+00
S 1   1
8.206530000000e-01  1.000000000000e+00
S 1   1
3.693710000000e-01  1.000000000000e+00
S 1   1
1.619760000000e-01  1.000000000000e+00
S 1   1
6.531300000000e-02  1.000000000000e+00
P 1   1
9.178910000000e+02  1.000000000000e+00
P 1   1
2.174100000000e+02  1.000000000000e+00
P 1   1
6.993860000000e+01  1.000000000000e+00
P 1   1
2.583080000000e+01  1.000000000000e+00
P 1   1
1.096920000000e+01  1.000000000000e+00
P 1   1
4.921460000000e+00  1.000000000000e+00
P 1   1
2.283900000000e+00  1.000000000000e+00
P 1   1
1.057890000000e+00  1.000000000000e+00
P 1   1
4.813480000000e-01  1.000000000000e+00
P 1   1
2.090210000000e-01  1.000000000000e+00
P 1   1
8.555580000000e-02  1.000000000000e+00
P 1   1
3.240800000000e-02  1.000000000000e+00
D 1   1
2.550000000000e+01  1.000000000000e+00
D 1   1
8.000000000000e+00  1.000000000000e+00
D 1   1
3.200000000000e+00  1.000000000000e+00
D 1   1
1.450000000000e+00  1.000000000000e+00
D 1   1
6.500000000000e-01  1.000000000000e+00
D 1   1
2.500000000000e-01  1.000000000000e+00
D 1   1
9.722300000000e-02  1.000000000000e+00
F 1   1
3.100000000000e+00  1.000000000000e+00
F 1   1
1.350000000000e+00  1.000000000000e+00
F 1   1
6.000000000000e-01  1.000000000000e+00
F 1   1
1.296300000000e-01  1.000000000000e+00
G 1   1
3.600000000000e+00  1.000000000000e+00
G 1   1
1.550000000000e+00  1.000000000000e+00
G 1   1
1.620400000000e-01  1.000000000000e+00
H 1   1
2.150000000000e+00  1.000000000000e+00
H 1   1
1.944500000000e-01  1.000000000000e+00
@END

@ATOMBASIS NE
S 1   1
2.522580000000e+06  1.000000000000e+00
S 1   1
3.770560000000e+05  1.000000000000e+00
S 1   1
8.571260000000e+04  1.000000000000e+00
S 1   1
2.426140000000e+04  1.000000000000e+00
S 1   1
7.911710000000e+03  1.000000000000e+00
S 1   1
2.855500000000e+03  1.000000000000e+00
S 1   1
1.113590000000e+03  1.000000000000e+00
S 1   1
4.618890000000e+02  1.000000000000e+00
S 1   1
2.013520000000e+02  1.000000000000e+00
S 1   1
9.119850000000e+01  1.000000000000e+00
S 1   1
4.267960000000e+01  1.000000000000e+00
S 1   1
2.074220000000e+01  1.000000000000e+00
S 1   1
1.024870000000e+01  1.000000000000e+00
S 1   1
5.101280000000e+00  1.000000000000e+00
S 1   1
2.303070000000e+00  1.000000000000e+00
S 1   1
1.053060000000e+00  1.000000000000e+00
S 1   1
4.722240000000e-01  1.000000000000e+00
S 1   1
2.046630000000e-01  1.000000000000e+00
S 1   1
8.164000000000e-02  1.000000000000e+00
P 1   1
1.169900000000e+03  1.000000000000e+00
P 1   1
2.771060000000e+02  1.000000000000e+00
P 1   1
8.926360000000e+01  1.000000000000e+00
P 1   1
3.310030000000e+01  1.000000000000e+00
P 1   1
1.403120000000e+01  1.000000000000e+00
P 1   1
6.298540000000e+00  1.000000000000e+00
P 1   1
2.923410000000e+00  1.000000000000e+00
P 1   1
1.353670000000e+00  1.000000000000e+00
P 1   1
6.136150000000e-01  1.000000000000e+00
P 1   1
2.636170000000e-01  1.000000000000e+00
P 1   1
1.075460000000e-01  1.000000000000e+00
P 1   1
4.057000000000e-02  1.000000000000e+00
D 1   1
3.200000000000e+01  1.000000000000e+00
D 1   1
1.010000000000e+01  1.000000000000e+00
D 1   1
4.000000000000e+00  1.000000000000e+00
D 1   1
1.850000000000e+00  1.000000000000e+00
D 1   1
8.000000000000e-01  1.000000000000e+00
D 1   1
3.000000000000e-01  1.000000000000e+00
D 1   1
1.271000000000e-01  1.000000000000e+00
F 1   1
3.600000000000e+00  1.000000000000e+00
F 1   1
1.550000000000e+00  1.000000000000e+00
F 1   1
7.000000000000e-01  1.000000000000e+00
F 1   1
1.623000000000e-01  1.000000000000e+00
G 1   1
4.200000000000e+00  1.000000000000e+00
G 1   1
1.800000000000e+00  1.000000000000e+00
G 1   1
2.028000000000e-01  1.000000000000e+00
H 1   1
2.250000000000e+00  1.000000000000e+00
H 1   1
2.434000000000e-01  1.000000000000e+00
@END

@ATOMBASIS NA
S 1   1
1.918710000000e+06  1.000000000000e+00
S 1   1
2.872700000000e+05  1.000000000000e+00
S 1   1
6.538230000000e+04  1.000000000000e+00
S 1   1
1.852320000000e+04  1.000000000000e+00
S 1   1
6.045380000000e+03  1.000000000000e+00
S 1   1
2.184240000000e+03  1.000000000000e+00
S 1   1
8.531120000000e+02  1.000000000000e+00
S 1   1
3.546860000000e+02  1.000000000000e+00
S 1   1
1.553320000000e+02  1.000000000000e+00
S 1   1
7.123350000000e+01  1.000000000000e+00
S 1   1
3.383490000000e+01  1.000000000000e+00
S 1   1
1.634860000000e+01  1.000000000000e+00
S 1   1
8.008170000000e+00  1.000000000000e+00
S 1   1
3.671310000000e+00  1.000000000000e+00
S 1   1
1.711770000000e+00  1.000000000000e+00
S 1   1
7.914750000000e-01  1.000000000000e+00
S 1   1
3.547950000000e-01  1.000000000000e+00
S 1   1
9.066390000000e-02  1.000000000000e+00
S 1   1
4.431250000000e-02  1.000000000000e+00
S 1   1
2.194810000000e-02  1.000000000000e+00
S 1   1
1.082100000000e-02  1.000000000000e+00
S 1   1
4.857000000000e-03  1.000000000000e+00
P 1   1
3.044230000000e+03  1.000000000000e+00
P 1   1
7.200240000000e+02  1.000000000000e+00
P 1   1
2.344190000000e+02  1.000000000000e+00
P 1   1
8.966560000000e+01  1.000000000000e+00
P 1   1
3.669550000000e+01  1.000000000000e+00
P 1   1
1.625640000000e+01  1.000000000000e+00
P 1   1
7.659290000000e+00  1.000000000000e+00
P 1   1
3.712540000000e+00  1.000000000000e+00
P 1   1
1.799160000000e+00  1.000000000000e+00
P 1   1
8.628760000000e-01  1.000000000000e+00
P 1   1
4.010380000000e-01  1.000000000000e+00
P 1   1
1.775880000000e-01  1.000000000000e+00
P 1   1
8.800000000000e-02  1.000000000000e+00
P 1   1
3.500000000000e-02  1.000000000000e+00
P 1   1
1.167000000000e-02  1.000000000000e+00
D 1   1
2.350000000000e+00  1.000000000000e+00
D 1   1
5.600000000000e-01  1.000000000000e+00
D 1   1
1.400000000000e-01  1.000000000000e+00
D 1   1
1.943000000000e-02  1.000000000000e+00
F 1   1
1.080000000000e+00  1.000000000000e+00
F 1   1
2.400000000000e-01  1.000000000000e+00
F 1   1
2.428000000000e-02  1.000000000000e+00
G 1   1
3.000000000000e-01  1.000000000000e+00
G 1   1
2.914000000000e-02  1.000000000000e+00
@END

@ATOMBASIS MG
S 1   1
3.199150000000e+06  1.000000000000e+00
S 1   1
4.789980000000e+05  1.000000000000e+00
S 1   1
1.090070000000e+05  1.000000000000e+00
S 1   1
3.087770000000e+04  1.000000000000e+00
S 1   1
1.007470000000e+04  1.000000000000e+00
S 1   1
3.637900000000e+03  1.000000000000e+00
S 1   1
1.419510000000e+03  1.000000000000e+00
S 1   1
5.893460000000e+02  1.000000000000e+00
S 1   1
2.575270000000e+02  1.000000000000e+00
S 1   1
1.171730000000e+02  1.000000000000e+00
S 1   1
5.476210000000e+01  1.000000000000e+00
S 1   1
2.628780000000e+01  1.000000000000e+00
S 1   1
1.286020000000e+01  1.000000000000e+00
S 1   1
6.260410000000e+00  1.000000000000e+00
S 1   1
2.851360000000e+00  1.000000000000e+00
S 1   1
1.305760000000e+00  1.000000000000e+00
S 1   1
5.833140000000e-01  1.000000000000e+00
S 1   1
1.684860000000e-01  1.000000000000e+00
S 1   1
8.564620000000e-02  1.000000000000e+00
S 1   1
4.507700000000e-02  1.000000000000e+00
S 1   1
2.193450000000e-02  1.000000000000e+00
S 1   1
9.727000000000e-03  1.000000000000e+00
P 1   1
4.157840000000e+03  1.000000000000e+00
P 1   1
9.845300000000e+02  1.000000000000e+00
P 1   1
3.200900000000e+02  1.000000000000e+00
P 1   1
1.217340000000e+02  1.000000000000e+00
P 1   1
4.989230000000e+01  1.000000000000e+00
P 1   1
2.254150000000e+01  1.000000000000e+00
P 1   1
1.074860000000e+01  1.000000000000e+00
P 1   1
5.289880000000e+00  1.000000000000e+00
P 1   1
2.599590000000e+00  1.000000000000e+00
P 1   1
1.251840000000e+00  1.000000000000e+00
P 1   1
5.924600000000e-01  1.000000000000e+00
P 1   1
2.694090000000e-01  1.000000000000e+00
P 1   1
1.330000000000e-01  1.000000000000e+00
P 1   1
5.300000000000e-02  1.000000000000e+00
P 1   1
1.767000000000e-02  1.000000000000e+00
D 1   1
3.360000000000e+00  1.000000000000e+00
D 1   1
8.000000000000e-01  1.000000000000e+00
D 1   1
2.000000000000e-01  1.000000000000e+00
D 1   1
3.891000000000e-02  1.000000000000e+00
F 1   1
1.350000000000e+00  1.000000000000e+00
F 1   1
3.000000000000e-01  1.000000000000e+00
F 1   1
4.864000000000e-02  1.000000000000e+00
G 1   1
3.500000000000e-01  1.000000000000e+00
G 1   1
5.836000000000e-02  1.000000000000e+00
@END

@ATOMBASIS AL
S 1   1
3.845170000000e+06  1.000000000000e+00
S 1   1
5.752640000000e+05  1.000000000000e+00
S 1   1
1.308580000000e+05  1.000000000000e+00
S 1   1
3.706300000000e+04  1.000000000000e+00
S 1   1
1.209440000000e+04  1.000000000000e+00
S 1   1
4.366840000000e+03  1.000000000000e+00
S 1   1
1.703620000000e+03  1.000000000000e+00
S 1   1
7.071340000000e+02  1.000000000000e+00
S 1   1
3.089720000000e+02  1.000000000000e+00
S 1   1
1.407110000000e+02  1.000000000000e+00
S 1   1
6.591710000000e+01  1.000000000000e+00
S 1   1
3.172970000000e+01  1.000000000000e+00
S 1   1
1.558690000000e+01  1.000000000000e+00
S 1   1
7.638200000000e+00  1.000000000000e+00
S 1   1
3.545450000000e+00  1.000000000000e+00
S 1   1
1.667910000000e+00  1.000000000000e+00
S 1   1
7.693910000000e-01  1.000000000000e+00
S 1   1
2.791750000000e-01  1.000000000000e+00
S 1   1
1.401640000000e-01  1.000000000000e+00
S 1   1
7.033580000000e-02  1.000000000000e+00
S 1   1
3.365990000000e-02  1.000000000000e+00
S 1   1
1.470000000000e-02  1.000000000000e+00
P 1   1
5.687260000000e+03  1.000000000000e+00
P 1   1
1.345210000000e+03  1.000000000000e+00
P 1   1
4.363780000000e+02  1.000000000000e+00
P 1   1
1.654460000000e+02  1.000000000000e+00
P 1   1
6.861880000000e+01  1.000000000000e+00
P 1   1
3.187530000000e+01  1.000000000000e+00
P 1   1
1.543220000000e+01  1.000000000000e+00
P 1   1
7.757030000000e+00  1.000000000000e+00
P 1   1
3.925650000000e+00  1.000000000000e+00
P 1   1
1.976440000000e+00  1.000000000000e+00
P 1   1
9.991780000000e-01  1.000000000000e+00
P 1   1
5.062970000000e-01  1.000000000000e+00
P 1   1
2.584740000000e-01  1.000000000000e+00
P 1   1
1.156640000000e-01  1.000000000000e+00
P 1   1
5.104810000000e-02  1.000000000000e+00
P 1   1
2.120020000000e-02  1.000000000000e+00
P 1   1
8.129000000000e-03  1.000000000000e+00
D 1   1
1.781000000000e+01  1.000000000000e+00
D 1   1
5.090000000000e+00  1.000000000000e+00
D 1   1
1.750000000000e+00  1.000000000000e+00
D 1   1
6.300000000000e-01  1.000000000000e+00
D 1   1
2.700000000000e-01  1.000000000000e+00
D 1   1
1.100000000000e-01  1.000000000000e+00
D 1   1
2.439000000000e-02  1.000000000000e+00
F 1   1
2.170000000000e+00  1.000000000000e+00
F 1   1
5.100000000000e-01  1.000000000000e+00
F 1   1
2.100000000000e-01  1.000000000000e+00
F 1   1
3.252000000000e-02  1.000000000000e+00
G 1   1
1.140000000000e+00  1.000000000000e+00
G 1   1
3.800000000000e-01  1.000000000000e+00
G 1   1
4.064000000000e-02  1.000000000000e+00
H 1   1
6.900000000000e-01  1.000000000000e+00
H 1   1
4.877000000000e-02  1.000000000000e+00
@END

@ATOMBASIS SI
S 1   1
4.615830000000e+06  1.000000000000e+00
S 1   1
7.190130000000e+05  1.000000000000e+00
S 1   1
1.699920000000e+05  1.000000000000e+00
S 1   1
4.939980000000e+04  1.000000000000e+00
S 1   1
1.638520000000e+04  1.000000000000e+00
S 1   1
5.985420000000e+03  1.000000000000e+00
S 1   1
2.354110000000e+03  1.000000000000e+00
S 1   1
9.814010000000e+02  1.000000000000e+00
S 1   1
4.288960000000e+02  1.000000000000e+00
S 1   1
1.945400000000e+02  1.000000000000e+00
S 1   1
9.077700000000e+01  1.000000000000e+00
S 1   1
4.371540000000e+01  1.000000000000e+00
S 1   1
2.149050000000e+01  1.000000000000e+00
S 1   1
1.066880000000e+01  1.000000000000e+00
S 1   1
4.888150000000e+00  1.000000000000e+00
S 1   1
2.336100000000e+00  1.000000000000e+00
S 1   1
1.096670000000e+00  1.000000000000e+00
S 1   1
4.231240000000e-01  1.000000000000e+00
S 1   1
2.427570000000e-01  1.000000000000e+00
S 1   1
1.170350000000e-01  1.000000000000e+00
S 1   1
5.286070000000e-02  1.000000000000e+00
S 1   1
2.189700000000e-02  1.000000000000e+00
P 1   1
6.453290000000e+03  1.000000000000e+00
P 1   1
1.533950000000e+03  1.000000000000e+00
P 1   1
4.983840000000e+02  1.000000000000e+00
P 1   1
1.889780000000e+02  1.000000000000e+00
P 1   1
7.788700000000e+01  1.000000000000e+00
P 1   1
3.551380000000e+01  1.000000000000e+00
P 1   1
1.701590000000e+01  1.000000000000e+00
P 1   1
8.497700000000e+00  1.000000000000e+00
P 1   1
4.354440000000e+00  1.000000000000e+00
P 1   1
2.257500000000e+00  1.000000000000e+00
P 1   1
1.159670000000e+00  1.000000000000e+00
P 1   1
5.934320000000e-01  1.000000000000e+00
P 1   1
2.901190000000e-01  1.000000000000e+00
P 1   1
1.382490000000e-01  1.000000000000e+00
P 1   1
6.459390000000e-02  1.000000000000e+00
P 1   1
2.835450000000e-02  1.000000000000e+00
P 1   1
1.144200000000e-02  1.000000000000e+00
D 1   1
1.952000000000e+01  1.000000000000e+00
D 1   1
5.580000000000e+00  1.000000000000e+00
D 1   1
1.920000000000e+00  1.000000000000e+00
D 1   1
6.900000000000e-01  1.000000000000e+00
D 1   1
2.990000000000e-01  1.000000000000e+00
D 1   1
1.250000000000e-01  1.000000000000e+00
D 1   1
3.432600000000e-02  1.000000000000e+00
F 1   1
2.640000000000e+00  1.000000000000e+00
F 1   1
6.200000000000e-01  1.000000000000e+00
F 1   1
2.600000000000e-01  1.000000000000e+00
F 1   1
4.576800000000e-02  1.000000000000e+00
G 1   1
1.350000000000e+00  1.000000000000e+00
G 1   1
4.500000000000e-01  1.000000000000e+00
G 1   1
5.721100000000e-02  1.000000000000e+00
H 1   1
7.800000000000e-01  1.000000000000e+00
H 1   1
6.865300000000e-02  1.000000000000e+00
@END

@ATOMBASIS P
S 1   1
5.262520000000e+06  1.000000000000e+00
S 1   1
8.221250000000e+05  1.000000000000e+00
S 1   1
1.942530000000e+05  1.000000000000e+00
S 1   1
5.642350000000e+04  1.000000000000e+00
S 1   1
1.871600000000e+04  1.000000000000e+00
S 1   1
6.839280000000e+03  1.000000000000e+00
S 1   1
2.693060000000e+03  1.000000000000e+00
S 1   1
1.126480000000e+03  1.000000000000e+00
S 1   1
4.952080000000e+02  1.000000000000e+00
S 1   1
2.263830000000e+02  1.000000000000e+00
S 1   1
1.066170000000e+02  1.000000000000e+00
S 1   1
5.190480000000e+01  1.000000000000e+00
S 1   1
2.585060000000e+01  1.000000000000e+00
S 1   1
1.302190000000e+01  1.000000000000e+00
S 1   1
6.056790000000e+00  1.000000000000e+00
S 1   1
2.957430000000e+00  1.000000000000e+00
S 1   1
1.407840000000e+00  1.000000000000e+00
S 1   1
5.718750000000e-01  1.000000000000e+00
S 1   1
3.107780000000e-01  1.000000000000e+00
S 1   1
1.494700000000e-01  1.000000000000e+00
S 1   1
6.831350000000e-02  1.000000000000e+00
S 1   1
2.860700000000e-02  1.000000000000e+00
P 1   1
7.748620000000e+03  1.000000000000e+00
P 1   1
1.833590000000e+03  1.000000000000e+00
P 1   1
5.955460000000e+02  1.000000000000e+00
P 1   1
2.266100000000e+02  1.000000000000e+00
P 1   1
9.419130000000e+01  1.000000000000e+00
P 1   1
4.333190000000e+01  1.000000000000e+00
P 1   1
2.090740000000e+01  1.000000000000e+00
P 1   1
1.050150000000e+01  1.000000000000e+00
P 1   1
5.425470000000e+00  1.000000000000e+00
P 1   1
2.881790000000e+00  1.000000000000e+00
P 1   1
1.528430000000e+00  1.000000000000e+00
P 1   1
8.108150000000e-01  1.000000000000e+00
P 1   1
3.902820000000e-01  1.000000000000e+00
P 1   1
1.864530000000e-01  1.000000000000e+00
P 1   1
8.756690000000e-02  1.000000000000e+00
P 1   1
3.867310000000e-02  1.000000000000e+00
P 1   1
1.569300000000e-02  1.000000000000e+00
D 1   1
2.123000000000e+01  1.000000000000e+00
D 1   1
6.070000000000e+00  1.000000000000e+00
D 1   1
2.090000000000e+00  1.000000000000e+00
D 1   1
7.500000000000e-01  1.000000000000e+00
D 1   1
3.250000000000e-01  1.000000000000e+00
D 1   1
1.350000000000e-01  1.000000000000e+00
D 1   1
4.708000000000e-02  1.000000000000e+00
F 1   1
3.120000000000e+00  1.000000000000e+00
F 1   1
7.300000000000e-01  1.000000000000e+00
F 1   1
3.000000000000e-01  1.000000000000e+00
F 1   1
6.277400000000e-02  1.000000000000e+00
G 1   1
1.550000000000e+00  1.000000000000e+00
G 1   1
5.200000000000e-01  1.000000000000e+00
G 1   1
7.846700000000e-02  1.000000000000e+00
H 1   1
8.700000000000e-01  1.000000000000e+00
H 1   1
9.416100000000e-02  1.000000000000e+00
@END

@ATOMBASIS S
S 1   1
6.359200000000e+06  1.000000000000e+00
S 1   1
9.838870000000e+05  1.000000000000e+00
S 1   1
2.297730000000e+05  1.000000000000e+00
S 1   1
6.627580000000e+04  1.000000000000e+00
S 1   1
2.188390000000e+04  1.000000000000e+00
S 1   1
7.969590000000e+03  1.000000000000e+00
S 1   1
3.129920000000e+03  1.000000000000e+00
S 1   1
1.305170000000e+03  1.000000000000e+00
S 1   1
5.716980000000e+02  1.000000000000e+00
S 1   1
2.605810000000e+02  1.000000000000e+00
S 1   1
1.224810000000e+02  1.000000000000e+00
S 1   1
5.951820000000e+01  1.000000000000e+00
S 1   1
2.962670000000e+01  1.000000000000e+00
S 1   1
1.494320000000e+01  1.000000000000e+00
S 1   1
7.047890000000e+00  1.000000000000e+00
S 1   1
3.504040000000e+00  1.000000000000e+00
S 1   1
1.699690000000e+00  1.000000000000e+00
S 1   1
7.310070000000e-01  1.000000000000e+00
S 1   1
3.794760000000e-01  1.000000000000e+00
S 1   1
1.818520000000e-01  1.000000000000e+00
S 1   1
8.396060000000e-02  1.000000000000e+00
S 1   1
3.548700000000e-02  1.000000000000e+00
P 1   1
9.341390000000e+03  1.000000000000e+00
P 1   1
2.208650000000e+03  1.000000000000e+00
P 1   1
7.162700000000e+02  1.000000000000e+00
P 1   1
2.725050000000e+02  1.000000000000e+00
P 1   1
1.137680000000e+02  1.000000000000e+00
P 1   1
5.257140000000e+01  1.000000000000e+00
P 1   1
2.539730000000e+01  1.000000000000e+00
P 1   1
1.277030000000e+01  1.000000000000e+00
P 1   1
6.622430000000e+00  1.000000000000e+00
P 1   1
3.538820000000e+00  1.000000000000e+00
P 1   1
1.875620000000e+00  1.000000000000e+00
P 1   1
9.901770000000e-01  1.000000000000e+00
P 1   1
4.772310000000e-01  1.000000000000e+00
P 1   1
2.269240000000e-01  1.000000000000e+00
P 1   1
1.047330000000e-01  1.000000000000e+00
P 1   1
4.530270000000e-02  1.000000000000e+00
P 1   1
1.803600000000e-02  1.000000000000e+00
D 1   1
2.293000000000e+01  1.000000000000e+00
D 1   1
6.550000000000e+00  1.000000000000e+00
D 1   1
2.260000000000e+00  1.000000000000e+00
D 1   1
8.100000000000e-01  1.000000000000e+00
D 1   1
3.510000000000e-01  1.000000000000e+00
D 1   1
1.460000000000e-01  1.000000000000e+00
D 1   1
5.410700000000e-02  1.000000000000e+00
F 1   1
3.590000000000e+00  1.000000000000e+00
F 1   1
8.400000000000e-01  1.000000000000e+00
F 1   1
3.500000000000e-01  1.000000000000e+00
F 1   1
7.214200000000e-02  1.000000000000e+00
G 1   1
1.760000000000e+00  1.000000000000e+00
G 1   1
5.900000000000e-01  1.000000000000e+00
G 1   1
9.017800000000e-02  1.000000000000e+00
H 1   1
9.500000000000e-01  1.000000000000e+00
H 1   1
1.082100000000e-01  1.000000000000e+00
@END

@ATOMBASIS CL
S 1   1
7.421230000000e+06  1.000000000000e+00
S 1   1
1.141070000000e+06  1.000000000000e+00
S 1   1
2.644250000000e+05  1.000000000000e+00
S 1   1
7.579090000000e+04  1.000000000000e+00
S 1   1
2.492480000000e+04  1.000000000000e+00
S 1   1
9.052590000000e+03  1.000000000000e+00
S 1   1
3.548130000000e+03  1.000000000000e+00
S 1   1
1.477980000000e+03  1.000000000000e+00
S 1   1
6.473540000000e+02  1.000000000000e+00
S 1   1
2.953330000000e+02  1.000000000000e+00
S 1   1
1.389780000000e+02  1.000000000000e+00
S 1   1
6.754890000000e+01  1.000000000000e+00
S 1   1
3.366100000000e+01  1.000000000000e+00
S 1   1
1.702730000000e+01  1.000000000000e+00
S 1   1
8.150430000000e+00  1.000000000000e+00
S 1   1
4.131900000000e+00  1.000000000000e+00
S 1   1
2.045670000000e+00  1.000000000000e+00
S 1   1
9.402940000000e-01  1.000000000000e+00
S 1   1
4.690130000000e-01  1.000000000000e+00
S 1   1
2.221910000000e-01  1.000000000000e+00
S 1   1
1.021980000000e-01  1.000000000000e+00
S 1   1
4.304600000000e-02  1.000000000000e+00
P 1   1
1.103540000000e+04  1.000000000000e+00
P 1   1
2.611530000000e+03  1.000000000000e+00
P 1   1
8.480190000000e+02  1.000000000000e+00
P 1   1
3.230040000000e+02  1.000000000000e+00
P 1   1
1.353280000000e+02  1.000000000000e+00
P 1   1
6.268410000000e+01  1.000000000000e+00
P 1   1
3.029820000000e+01  1.000000000000e+00
P 1   1
1.524000000000e+01  1.000000000000e+00
P 1   1
7.925950000000e+00  1.000000000000e+00
P 1   1
4.285310000000e+00  1.000000000000e+00
P 1   1
2.304310000000e+00  1.000000000000e+00
P 1   1
1.235740000000e+00  1.000000000000e+00
P 1   1
6.002100000000e-01  1.000000000000e+00
P 1   1
2.873940000000e-01  1.000000000000e+00
P 1   1
1.318530000000e-01  1.000000000000e+00
P 1   1
5.697010000000e-02  1.000000000000e+00
P 1   1
2.265700000000e-02  1.000000000000e+00
D 1   1
2.463000000000e+01  1.000000000000e+00
D 1   1
7.040000000000e+00  1.000000000000e+00
D 1   1
2.430000000000e+00  1.000000000000e+00
D 1   1
8.700000000000e-01  1.000000000000e+00
D 1   1
3.770000000000e-01  1.000000000000e+00
D 1   1
1.570000000000e-01  1.000000000000e+00
D 1   1
6.797200000000e-02  1.000000000000e+00
F 1   1
4.060000000000e+00  1.000000000000e+00
F 1   1
9.500000000000e-01  1.000000000000e+00
F 1   1
3.900000000000e-01  1.000000000000e+00
F 1   1
9.062900000000e-02  1.000000000000e+00
G 1   1
1.970000000000e+00  1.000000000000e+00
G 1   1
6.600000000000e-01  1.000000000000e+00
G 1   1
1.132900000000e-01  1.000000000000e+00
H 1   1
1.040000000000e+00  1.000000000000e+00
H 1   1
1.359400000000e-01  1.000000000000e+00
@END

@ATOMBASIS AR
S 1   1
9.445130000000e+06  1.000000000000e+00
S 1   1
1.414130000000e+06  1.000000000000e+00
S 1   1
3.218130000000e+05  1.000000000000e+00
S 1   1
9.115790000000e+04  1.000000000000e+00
S 1   1
2.974280000000e+04  1.000000000000e+00
S 1   1
1.073950000000e+04  1.000000000000e+00
S 1   1
4.189990000000e+03  1.000000000000e+00
S 1   1
1.738920000000e+03  1.000000000000e+00
S 1   1
7.592850000000e+02  1.000000000000e+00
S 1   1
3.455030000000e+02  1.000000000000e+00
S 1   1
1.623570000000e+02  1.000000000000e+00
S 1   1
7.888810000000e+01  1.000000000000e+00
S 1   1
3.932090000000e+01  1.000000000000e+00
S 1   1
1.991840000000e+01  1.000000000000e+00
S 1   1
9.576410000000e+00  1.000000000000e+00
S 1   1
4.916110000000e+00  1.000000000000e+00
S 1   1
2.464760000000e+00  1.000000000000e+00
S 1   1
1.183040000000e+00  1.000000000000e+00
S 1   1
5.752080000000e-01  1.000000000000e+00
S 1   1
2.704060000000e-01  1.000000000000e+00
S 1   1
1.231160000000e-01  1.000000000000e+00
S 1   1
5.138000000000e-02  1.000000000000e+00
P 1   1
1.300610000000e+04  1.000000000000e+00
P 1   1
3.078130000000e+03  1.000000000000e+00
P 1   1
9.995640000000e+02  1.000000000000e+00
P 1   1
3.809740000000e+02  1.000000000000e+00
P 1   1
1.602760000000e+02  1.000000000000e+00
P 1   1
7.449410000000e+01  1.000000000000e+00
P 1   1
3.606490000000e+01  1.000000000000e+00
P 1   1
1.816440000000e+01  1.000000000000e+00
P 1   1
9.466500000000e+00  1.000000000000e+00
P 1   1
5.163000000000e+00  1.000000000000e+00
P 1   1
2.808490000000e+00  1.000000000000e+00
P 1   1
1.523470000000e+00  1.000000000000e+00
P 1   1
7.437850000000e-01  1.000000000000e+00
P 1   1
3.567990000000e-01  1.000000000000e+00
P 1   1
1.622150000000e-01  1.000000000000e+00
P 1   1
6.995610000000e-02  1.000000000000e+00
P 1   1
2.777000000000e-02  1.000000000000e+00
D 1   1
2.633000000000e+01  1.000000000000e+00
D 1   1
7.530000000000e+00  1.000000000000e+00
D 1   1
2.600000000000e+00  1.000000000000e+00
D 1   1
9.300000000000e-01  1.000000000000e+00
D 1   1
4.100000000000e-01  1.000000000000e+00
D 1   1
1.700000000000e-01  1.000000000000e+00
D 1   1
8.331000000000e-02  1.000000000000e+00
F 1   1
4.530000000000e+00  1.000000000000e+00
F 1   1
1.060000000000e+00  1.000000000000e+00
F 1   1
4.400000000000e-01  1.000000000000e+00
F 1   1
1.111000000000e-01  1.000000000000e+00
G 1   1
2.180000000000e+00  1.000000000000e+00
G 1   1
7.300000000000e-01  1.000000000000e+00
G 1   1
1.389000000000e-01  1.000000000000e+00
H 1   1
1.120000000000e+00  1.000000000000e+00
H 1   1
1.666000000000e-01  1.000000000000e+00
@END
6bceb4a05b6bebe7adc9b295a8296216