@BASIS_SET AUG-PCSEG-3

@ATOMBASIS H
S 6   1
7.653630000000e+02  3.379530000000e-04
1.147680000000e+02  2.625130000000e-03
2.613850000000e+01  1.375910000000e-02
7.418010000000e+00  5.709300000000e-02
2.432120000000e+00  1.925680000000e-01
8.800010000000e-01  5.000000000000e-01
S 1   1
3.384380000000e-01  1.000000000000e+00
S 1   1
1.340450000000e-01  1.000000000000e+00
S 1   1
5.207260000000e-02  1.000000000000e+00
S 1   1
1.877000000000e-02  1.000000000000e+00
P 1   1
6.500000000000e+00  1.000000000000e+00
P 1   1
1.550000000000e+00  1.000000000000e+00
P 1   1
5.500000000000e-01  1.000000000000e+00
P 1   1
2.000000000000e-01  1.000000000000e+00
P 1   1
5.631100000000e-02  1.000000000000e+00
D 1   1
1.950000000000e+00  1.000000000000e+00
D 1   1
6.500000000000e-01  1.000000000000e+00
D 1   1
7.508100000000e-02  1.000000000000e+00
F 1   1
2.200000000000e+00  1.000000000000e+00
F 1   1
9.385200000000e-02  1.000000000000e+00
@END

@ATOMBASIS HE
S 6   1
2.168420000000e+03  4.002350000000e-04
3.251390000000e+02  3.104460000000e-03
7.402680000000e+01  1.616870000000e-02
2.098380000000e+01  6.569670000000e-02
6.847410000000e+00  2.102580000000e-01
2.440090000000e+00  5.000000000000e-01
S 1   1
9.026950000000e-01  1.000000000000e+00
S 1   1
3.331890000000e-01  1.000000000000e+00
S 1   1
1.241470000000e-01  1.000000000000e+00
S 1   1
4.304900000000e-02  1.000000000000e+00
P 1   1
1.070000000000e+01  1.000000000000e+00
P 1   1
2.550000000000e+00  1.000000000000e+00
P 1   1
9.000000000000e-01  1.000000000000e+00
P 1   1
3.300000000000e-01  1.000000000000e+00
P 1   1
1.291500000000e-01  1.000000000000e+00
D 1   1
3.200000000000e+00  1.000000000000e+00
D 1   1
1.070000000000e+00  1.000000000000e+00
D 1   1
1.722000000000e-01  1.000000000000e+00
F 1   1
3.200000000000e+00  1.000000000000e+00
F 1   1
2.152500000000e-01  1.000000000000e+00
@END

@ATOMBASIS LI
S 9   1
1.676760000000e+04  5.484820000000e-05
2.512600000000e+03  4.260810000000e-04
5.719620000000e+02  2.235290000000e-03
1.620440000000e+02  9.357460000000e-03
5.289370000000e+01  3.307880000000e-02
1.911440000000e+01  9.855460000000e-02
7.442820000000e+00  2.351050000000e-01
3.108140000000e+00  3.740410000000e-01
1.238590000000e+00  5.000000000000e-01
S 3   1
2.301220000000e+00  1.570410000000e-01
5.755470000000e-01  5.000000000000e-01
3.197870000000e-01  1.657000000000e-01
S 1   1
9.789190000000e-02  1.000000000000e+00
S 1   1
4.309820000000e-02  1.000000000000e+00
S 1   1
1.822770000000e-02  1.000000000000e+00
S 1   1
7.107900000000e-03  1.000000000000e+00
P 4   1
9.103990000000e+00  7.999590000000e-03
1.990730000000e+00  5.574630000000e-02
5.475320000000e-01  2.024380000000e-01
1.866700000000e-01  5.000000000000e-01
P 1   1
6.444820000000e-02  1.000000000000e+00
P 1   1
2.201160000000e-02  1.000000000000e+00
P 1   1
7.037100000000e-03  1.000000000000e+00
D 1   1
4.800000000000e-01  1.000000000000e+00
D 1   1
1.500000000000e-01  1.000000000000e+00
D 1   1
2.111100000000e-02  1.000000000000e+00
F 1   1
3.500000000000e-01  1.000000000000e+00
F 1   1
2.814900000000e-02  1.000000000000e+00
@END

@ATOMBASIS BE
S 9   1
4.513280000000e+04  3.699510000000e-05
6.761890000000e+03  2.875510000000e-04
1.539240000000e+03  1.509810000000e-03
4.360480000000e+02  6.343910000000e-03
1.422880000000e+02  2.270740000000e-02
5.139760000000e+01  7.025260000000e-02
2.004040000000e+01  1.823480000000e-01
8.389190000000e+00  3.460160000000e-01
3.158880000000e+00  5.000000000000e-01
S 3   1
4.986390000000e+00  1.647710000000e-01
1.506540000000e+00  5.000000000000e-01
7.137940000000e-01  1.945950000000e-01
S 1   1
2.336380000000e-01  1.000000000000e+00
S 1   1
9.298440000000e-02  1.000000000000e+00
S 1   1
3.707750000000e-02  1.000000000000e+00
S 1   1
1.369300000000e-02  1.000000000000e+00
P 4   1
1.410280000000e+01  8.076980000000e-03
3.123960000000e+00  5.682470000000e-02
8.757270000000e-01  2.090610000000e-01
2.987920000000e-01  5.000000000000e-01
P 1   1
1.029370000000e-01  1.000000000000e+00
P 1   1
3.449280000000e-02  1.000000000000e+00
P 1   1
1.083200000000e-02  1.000000000000e+00
D 1   1
8.000000000000e-01  1.000000000000e+00
D 1   1
2.500000000000e-01  1.000000000000e+00
D 1   1
3.249600000000e-02  1.000000000000e+00
F 1   1
5.500000000000e-01  1.000000000000e+00
F 1   1
4.332900000000e-02  1.000000000000e+00
@END

@ATOMBASIS B
S 9   1
8.659400000000e+04  3.051110000000e-05
1.297060000000e+04  2.372020000000e-04
2.951700000000e+03  1.246410000000e-03
8.360530000000e+02  5.243740000000e-03
2.727790000000e+02  1.884820000000e-02
9.853320000000e+01  5.902190000000e-02
3.851090000000e+01  1.571750000000e-01
1.628910000000e+01  3.116180000000e-01
6.180430000000e+00  5.000000000000e-01
S 3   1
9.566700000000e+00  1.368960000000e-01
2.925350000000e+00  5.000000000000e-01
1.338410000000e+00  2.284800000000e-01
S 1   1
4.223980000000e-01  1.000000000000e+00
S 1   1
1.664160000000e-01  1.000000000000e+00
S 1   1
6.458210000000e-02  1.000000000000e+00
S 1   1
2.325800000000e-02  1.000000000000e+00
P 6   1
9.042110000000e+01  9.459210000000e-04
2.123770000000e+01  7.720360000000e-03
6.581320000000e+00  3.790080000000e-02
2.571790000000e+00  1.009980000000e-01
1.055080000000e+00  2.757790000000e-01
4.538000000000e-01  5.000000000000e-01
P 1   1
1.954640000000e-01  1.000000000000e+00
P 1   1
8.347240000000e-02  1.000000000000e+00
P 1   1
3.336610000000e-02  1.000000000000e+00
P 1   1
1.235000000000e-02  1.000000000000e+00
D 1   1
4.000000000000e+00  1.000000000000e+00
D 1   1
1.050000000000e+00  1.000000000000e+00
D 1   1
4.000000000000e-01  1.000000000000e+00
D 1   1
1.500000000000e-01  1.000000000000e+00
D 1   1
3.705000000000e-02  1.000000000000e+00
F 1   1
1.200000000000e+00  1.000000000000e+00
F 1   1
5.200000000000e-01  1.000000000000e+00
F 1   1
4.940000000000e-02  1.000000000000e+00
G 1   1
1.300000000000e+00  1.000000000000e+00
G 1   1
6.175000000000e-02  1.000000000000e+00
@END

@ATOMBASIS C
S 9   1
1.435810000000e+05  2.671900000000e-05
2.151330000000e+04  2.076210000000e-04
4.897400000000e+03  1.090880000000e-03
1.387220000000e+03  4.592280000000e-03
4.526280000000e+02  1.654350000000e-02
1.635190000000e+02  5.213820000000e-02
6.398840000000e+01  1.410430000000e-01
2.711730000000e+01  2.915550000000e-01
1.027220000000e+01  5.000000000000e-01
S 3   1
1.565280000000e+01  1.203410000000e-01
4.783950000000e+00  5.000000000000e-01
2.137100000000e+00  2.458240000000e-01
S 1   1
6.658600000000e-01  1.000000000000e+00
S 1   1
2.590290000000e-01  1.000000000000e+00
S 1   1
9.719140000000e-02  1.000000000000e+00
S 1   1
3.392200000000e-02  1.000000000000e+00
P 6   1
1.475430000000e+02  8.651290000000e-04
3.474180000000e+01  7.182010000000e-03
1.082640000000e+01  3.648750000000e-02
4.159750000000e+00  1.063490000000e-01
1.703070000000e+00  2.825790000000e-01
7.318950000000e-01  5.000000000000e-01
P 1   1
3.150280000000e-01  1.000000000000e+00
P 1   1
1.319990000000e-01  1.000000000000e+00
P 1   1
5.178480000000e-02  1.000000000000e+00
P 1   1
1.883800000000e-02  1.000000000000e+00
D 1   1
5.200000000000e+00  1.000000000000e+00
D 1   1
1.350000000000e+00  1.000000000000e+00
D 1   1
5.200000000000e-01  1.000000000000e+00
D 1   1
2.000000000000e-01  1.000000000000e+00
D 1   1
5.651300000000e-02  1.000000000000e+00
F 1   1
1.500000000000e+00  1.000000000000e+00
F 1   1
6.500000000000e-01  1.000000000000e+00
F 1   1
7.535100000000e-02  1.000000000000e+00
G 1   1
1.400000000000e+00  1.000000000000e+00
G 1   1
9.418800000000e-02  1.000000000000e+00
@END

@ATOMBASIS N
S 9   1
2.158190000000e+05  2.436670000000e-05
3.232770000000e+04  1.893900000000e-04
7.357860000000e+03  9.953560000000e-04
2.084120000000e+03  4.192200000000e-03
6.800350000000e+02  1.511970000000e-02
2.456890000000e+02  4.785250000000e-02
9.612930000000e+01  1.310160000000e-01
4.065930000000e+01  2.800760000000e-01
1.534460000000e+01  5.000000000000e-01
S 3   1
2.309870000000e+01  1.109620000000e-01
7.055070000000e+00  5.000000000000e-01
3.104950000000e+00  2.562770000000e-01
S 1   1
9.631160000000e-01  1.000000000000e+00
S 1   1
3.688960000000e-01  1.000000000000e+00
S 1   1
1.344270000000e-01  1.000000000000e+00
S 1   1
4.565800000000e-02  1.000000000000e+00
P 6   1
2.178550000000e+02  8.128710000000e-04
5.137770000000e+01  6.813640000000e-03
1.606770000000e+01  3.543020000000e-02
6.101240000000e+00  1.091930000000e-01
2.498060000000e+00  2.862920000000e-01
1.071480000000e+00  5.000000000000e-01
P 1   1
4.583620000000e-01  1.000000000000e+00
P 1   1
1.892760000000e-01  1.000000000000e+00
P 1   1
7.336810000000e-02  1.000000000000e+00
P 1   1
2.639300000000e-02  1.000000000000e+00
D 1   1
6.000000000000e+00  1.000000000000e+00
D 1   1
1.650000000000e+00  1.000000000000e+00
D 1   1
6.500000000000e-01  1.000000000000e+00
D 1   1
2.500000000000e-01  1.000000000000e+00
D 1   1
7.917900000000e-02  1.000000000000e+00
F 1   1
1.800000000000e+00  1.000000000000e+00
F 1   1
7.700000000000e-01  1.000000000000e+00
F 1   1
1.055700000000e-01  1.000000000000e+00
G 1   1
1.500000000000e+00  1.000000000000e+00
G 1   1
1.319700000000e-01  1.000000000000e+00
@END

@ATOMBASIS O
S 9   1
2.978740000000e+05  2.299970000000e-05
4.461280000000e+04  1.787870000000e-04
1.015440000000e+04  9.395880000000e-04
2.876350000000e+03  3.958400000000e-03
9.383660000000e+02  1.429310000000e-02
3.388600000000e+02  4.537760000000e-02
1.324170000000e+02  1.254170000000e-01
5.573720000000e+01  2.750020000000e-01
2.086550000000e+01  5.000000000000e-01
S 3   1
3.133400000000e+01  1.088740000000e-01
9.573430000000e+00  5.000000000000e-01
4.208980000000e+00  2.610710000000e-01
S 1   1
1.328030000000e+00  1.000000000000e+00
S 1   1
5.096700000000e-01  1.000000000000e+00
S 1   1
1.842770000000e-01  1.000000000000e+00
S 1   1
6.213400000000e-02  1.000000000000e+00
P 6   1
2.884450000000e+02  8.287520000000e-04
6.812610000000e+01  6.945050000000e-03
2.156790000000e+01  3.548370000000e-02
8.234140000000e+00  1.125840000000e-01
3.367960000000e+00  2.915180000000e-01
1.433850000000e+00  5.000000000000e-01
P 1   1
6.005760000000e-01  1.000000000000e+00
P 1   1
2.379090000000e-01  1.000000000000e+00
P 1   1
8.806350000000e-02  1.000000000000e+00
P 1   1
3.035000000000e-02  1.000000000000e+00
D 1   1
7.000000000000e+00  1.000000000000e+00
D 1   1
2.000000000000e+00  1.000000000000e+00
D 1   1
8.000000000000e-01  1.000000000000e+00
D 1   1
3.000000000000e-01  1.000000000000e+00
D 1   1
9.105100000000e-02  1.000000000000e+00
F 1   1
2.100000000000e+00  1.000000000000e+00
F 1   1
9.000000000000e-01  1.000000000000e+00
F 1   1
1.214000000000e-01  1.000000000000e+00
G 1   1
1.600000000000e+00  1.000000000000e+00
G 1   1
1.517500000000e-01  1.000000000000e+00
@END

@ATOMBASIS F
S 9   1
3.964390000000e+05  2.190170000000e-05
5.937710000000e+04  1.702570000000e-04
1.351400000000e+04  8.949100000000e-04
3.827710000000e+03  3.771070000000e-03
1.248740000000e+03  1.362430000000e-02
4.508730000000e+02  4.335930000000e-02
1.760240000000e+02  1.207400000000e-01
7.386150000000e+01  2.699070000000e-01
2.753550000000e+01  5.000000000000e-01
S 3   1
4.118960000000e+01  1.054050000000e-01
1.257410000000e+01  5.000000000000e-01
5.506310000000e+00  2.664350000000e-01
S 1   1
1.747740000000e+00  1.000000000000e+00
S 1   1
6.691050000000e-01  1.000000000000e+00
S 1   1
2.400120000000e-01  1.000000000000e+00
S 1   1
8.033000000000e-02  1.000000000000e+00
P 6   1
3.585260000000e+02  8.757760000000e-04
8.469980000000e+01  7.347880000000e-03
2.684150000000e+01  3.774400000000e-02
1.018370000000e+01  1.211090000000e-01
4.176540000000e+00  3.035600000000e-01
1.775420000000e+00  5.000000000000e-01
P 1   1
7.416850000000e-01  1.000000000000e+00
P 1   1
2.942410000000e-01  1.000000000000e+00
P 1   1
1.099760000000e-01  1.000000000000e+00
P 1   1
3.824600000000e-02  1.000000000000e+00
D 1   1
8.400000000000e+00  1.000000000000e+00
D 1   1
2.600000000000e+00  1.000000000000e+00
D 1   1
1.000000000000e+00  1.000000000000e+00
D 1   1
3.500000000000e-01  1.000000000000e+00
D 1   1
1.147400000000e-01  1.000000000000e+00
F 1   1
2.600000000000e+00  1.000000000000e+00
F 1   1
1.050000000000e+00  1.000000000000e+00
F 1   1
1.529800000000e-01  1.000000000000e+00
G 1   1
1.700000000000e+00  1.000000000000e+00
G 1   1
1.912300000000e-01  1.000000000000e+00
@END

@ATOMBASIS NE
S 9   1
5.104690000000e+05  2.108360000000e-05
7.645200000000e+04  1.638950000000e-04
1.740800000000e+04  8.607860000000e-04
4.931420000000e+03  3.628890000000e-03
1.608170000000e+03  1.312870000000e-02
5.803060000000e+02  4.187540000000e-02
2.263480000000e+02  1.173020000000e-01
9.473070000000e+01  2.663410000000e-01
3.522870000000e+01  5.000000000000e-01
S 3   1
5.241640000000e+01  1.025200000000e-01
1.601160000000e+01  5.000000000000e-01
6.980030000000e+00  2.707200000000e-01
S 1   1
2.217930000000e+00  1.000000000000e+00
S 1   1
8.443950000000e-01  1.000000000000e+00
S 1   1
3.003300000000e-01  1.000000000000e+00
S 1   1
9.972600000000e-02  1.000000000000e+00
P 6   1
4.408300000000e+02  8.987250000000e-04
1.042200000000e+02  7.546970000000e-03
3.305740000000e+01  3.901970000000e-02
1.246690000000e+01  1.268610000000e-01
5.113950000000e+00  3.113500000000e-01
2.168410000000e+00  5.000000000000e-01
P 1   1
9.029380000000e-01  1.000000000000e+00
P 1   1
3.588140000000e-01  1.000000000000e+00
P 1   1
1.348440000000e-01  1.000000000000e+00
P 1   1
4.713200000000e-02  1.000000000000e+00
D 1   1
1.000000000000e+01  1.000000000000e+00
D 1   1
3.000000000000e+00  1.000000000000e+00
D 1   1
1.150000000000e+00  1.000000000000e+00
D 1   1
4.000000000000e-01  1.000000000000e+00
D 1   1
1.414000000000e-01  1.000000000000e+00
F 1   1
2.800000000000e+00  1.000000000000e+00
F 1   1
1.150000000000e+00  1.000000000000e+00
F 1   1
1.885300000000e-01  1.000000000000e+00
G 1   1
1.800000000000e+00  1.000000000000e+00
G 1   1
2.356600000000e-01  1.000000000000e+00
@END

@ATOMBASIS NA
S 11   1
4.315590000000e+05  2.641670000000e-05
6.464980000000e+04  2.053160000000e-04
1.471550000000e+04  1.078460000000e-03
4.169190000000e+03  4.536690000000e-03
1.360070000000e+03  1.633120000000e-02
4.908990000000e+02  5.142130000000e-02
1.915670000000e+02  1.392390000000e-01
7.915030000000e+01  3.124400000000e-01
3.405170000000e+01  5.192830000000e-01
1.504570000000e+01  5.000000000000e-01
6.653550000000e+00  1.771260000000e-01
S 5   1
1.311340000000e+02 -4.610140000000e-03
4.059440000000e+01 -3.664140000000e-02
1.478370000000e+01 -1.099250000000e-01
2.622020000000e+00  4.123020000000e-01
1.023990000000e+00  5.000000000000e-01
S 2   1
1.261410000000e+00  2.886000000000e-01
4.291840000000e-01  5.000000000000e-01
S 1   1
7.975670000000e-02  1.000000000000e+00
S 1   1
3.690330000000e-02  1.000000000000e+00
S 1   1
1.675250000000e-02  1.000000000000e+00
S 1   1
6.971900000000e-03  1.000000000000e+00
P 9   1
1.145650000000e+03  2.415790000000e-04
2.719570000000e+02  2.089070000000e-03
8.840850000000e+01  1.125430000000e-02
3.302390000000e+01  4.728210000000e-02
1.346700000000e+01  1.374670000000e-01
5.925270000000e+00  3.036200000000e-01
2.665640000000e+00  4.620450000000e-01
1.189520000000e+00  5.000000000000e-01
5.144360000000e-01  3.423980000000e-01
P 1   1
2.119230000000e-01  1.000000000000e+00
P 1   1
1.000000000000e-01  1.000000000000e+00
P 1   1
3.700000000000e-02  1.000000000000e+00
P 1   1
1.274700000000e-02  1.000000000000e+00
D 1   1
9.100000000000e-01  1.000000000000e+00
D 1   1
1.900000000000e-01  1.000000000000e+00
D 1   1
3.824000000000e-02  1.000000000000e+00
F 1   1
2.700000000000e-01  1.000000000000e+00
F 1   1
5.098700000000e-02  1.000000000000e+00
@END

@ATOMBASIS MG
S 11   1
5.382590000000e+05  2.451710000000e-05
8.058440000000e+04  1.907120000000e-04
1.833700000000e+04  1.002140000000e-03
5.194330000000e+03  4.216550000000e-03
1.694760000000e+03  1.518560000000e-02
6.115050000000e+02  4.798320000000e-02
2.382750000000e+02  1.311440000000e-01
9.818040000000e+01  2.980730000000e-01
4.225410000000e+01  5.023360000000e-01
1.872450000000e+01  5.000000000000e-01
8.304560000000e+00  1.891520000000e-01
S 5   1
1.498060000000e+02 -5.416810000000e-03
4.680430000000e+01 -4.111450000000e-02
1.742710000000e+01 -1.162830000000e-01
3.331870000000e+00  3.890560000000e-01
1.374630000000e+00  5.000000000000e-01
S 2   1
1.740950000000e+00  2.680430000000e-01
6.245360000000e-01  5.000000000000e-01
S 1   1
1.756150000000e-01  1.000000000000e+00
S 1   1
7.701830000000e-02  1.000000000000e+00
S 1   1
3.126280000000e-02  1.000000000000e+00
S 1   1
1.173700000000e-02  1.000000000000e+00
P 9   1
1.515590000000e+03  2.128590000000e-04
3.596970000000e+02  1.850650000000e-03
1.167780000000e+02  1.013020000000e-02
4.360500000000e+01  4.308560000000e-02
1.794850000000e+01  1.270240000000e-01
7.946180000000e+00  2.901430000000e-01
3.607280000000e+00  4.590470000000e-01
1.645100000000e+00  5.000000000000e-01
7.413910000000e-01  3.366870000000e-01
P 1   1
3.167190000000e-01  1.000000000000e+00
P 1   1
1.490000000000e-01  1.000000000000e+00
P 1   1
5.500000000000e-02  1.000000000000e+00
P 1   1
1.890600000000e-02  1.000000000000e+00
D 1   1
1.200000000000e+00  1.000000000000e+00
D 1   1
2.500000000000e-01  1.000000000000e+00
D 1   1
5.671900000000e-02  1.000000000000e+00
F 1   1
3.300000000000e-01  1.000000000000e+00
F 1   1
7.562500000000e-02  1.000000000000e+00
@END

@ATOMBASIS AL
S 11   1
6.352500000000e+05  2.433660000000e-05
9.516690000000e+04  1.891100000000e-04
2.166530000000e+04  9.932370000000e-04
6.138370000000e+03  4.179420000000e-03
2.002600000000e+03  1.505610000000e-02
7.227660000000e+02  4.755220000000e-02
2.818890000000e+02  1.299340000000e-01
1.163190000000e+02  2.954470000000e-01
5.023270000000e+01  4.979040000000e-01
2.236560000000e+01  5.000000000000e-01
9.972660000000e+00  1.937450000000e-01
S 5   1
1.739610000000e+02 -5.601740000000e-03
5.451430000000e+01 -4.188470000000e-02
2.052460000000e+01 -1.155790000000e-01
4.061420000000e+00  3.647100000000e-01
1.729340000000e+00  5.000000000000e-01
S 2   1
2.273050000000e+00  2.500000000000e-01
8.249360000000e-01  5.000000000000e-01
S 1   1
2.918010000000e-01  1.000000000000e+00
S 1   1
1.268530000000e-01  1.000000000000e+00
S 1   1
5.108320000000e-02  1.000000000000e+00
S 1   1
1.903800000000e-02  1.000000000000e+00
P 9   1
2.046870000000e+03  1.727590000000e-04
4.848000000000e+02  1.515570000000e-03
1.568990000000e+02  8.466520000000e-03
5.858480000000e+01  3.634020000000e-02
2.444370000000e+01  1.086550000000e-01
1.091150000000e+01  2.591670000000e-01
5.012910000000e+00  4.393840000000e-01
2.335680000000e+00  5.000000000000e-01
1.085230000000e+00  3.491360000000e-01
P 2   1
4.305920000000e+00 -3.528050000000e-02
4.931140000000e-01  5.000000000000e-01
P 1   1
2.059690000000e-01  1.000000000000e+00
P 1   1
7.969360000000e-02  1.000000000000e+00
P 1   1
2.905050000000e-02  1.000000000000e+00
P 1   1
9.870100000000e-03  1.000000000000e+00
D 1   1
5.600000000000e+00  1.000000000000e+00
D 1   1
1.470000000000e+00  1.000000000000e+00
D 1   1
4.400000000000e-01  1.000000000000e+00
D 1   1
1.600000000000e-01  1.000000000000e+00
D 1   1
2.961000000000e-02  1.000000000000e+00
F 1   1
9.600000000000e-01  1.000000000000e+00
F 1   1
3.200000000000e-01  1.000000000000e+00
F 1   1
3.948000000000e-02  1.000000000000e+00
G 1   1
5.800000000000e-01  1.000000000000e+00
G 1   1
4.935100000000e-02  1.000000000000e+00
@END

@ATOMBASIS SI
S 11   1
7.480490000000e+05  2.377600000000e-05
1.120620000000e+05  1.847720000000e-04
2.550990000000e+04  9.705720000000e-04
7.227750000000e+03  4.083630000000e-03
2.358720000000e+03  1.470480000000e-02
8.517140000000e+02  4.644970000000e-02
3.322700000000e+02  1.272310000000e-01
1.370700000000e+02  2.906980000000e-01
5.923510000000e+01  4.923310000000e-01
2.642020000000e+01  5.000000000000e-01
1.180970000000e+01  1.978400000000e-01
S 5   1
2.021630000000e+02 -5.443560000000e-03
6.338040000000e+01 -4.062690000000e-02
2.400630000000e+01 -1.111100000000e-01
4.814960000000e+00  3.431340000000e-01
2.110340000000e+00  5.000000000000e-01
S 2   1
2.877760000000e+00  2.175780000000e-01
1.037650000000e+00  5.000000000000e-01
S 1   1
4.554390000000e-01  1.000000000000e+00
S 1   1
1.872190000000e-01  1.000000000000e+00
S 1   1
7.340280000000e-02  1.000000000000e+00
S 1   1
2.668600000000e-02  1.000000000000e+00
P 9   1
2.503180000000e+03  1.607650000000e-04
5.932770000000e+02  1.410880000000e-03
1.921970000000e+02  7.907200000000e-03
7.200580000000e+01  3.394100000000e-02
3.020480000000e+01  1.025470000000e-01
1.354410000000e+01  2.478310000000e-01
6.263170000000e+00  4.285430000000e-01
2.926410000000e+00  5.000000000000e-01
1.360810000000e+00  3.382830000000e-01
P 2   1
5.753890000000e+00 -2.931920000000e-02
6.180540000000e-01  5.000000000000e-01
P 1   1
2.695350000000e-01  1.000000000000e+00
P 1   1
1.094870000000e-01  1.000000000000e+00
P 1   1
4.144720000000e-02  1.000000000000e+00
P 1   1
1.458600000000e-02  1.000000000000e+00
D 1   1
6.660000000000e+00  1.000000000000e+00
D 1   1
1.750000000000e+00  1.000000000000e+00
D 1   1
5.200000000000e-01  1.000000000000e+00
D 1   1
1.900000000000e-01  1.000000000000e+00
D 1   1
4.375800000000e-02  1.000000000000e+00
F 1   1
1.150000000000e+00  1.000000000000e+00
F 1   1
3.800000000000e-01  1.000000000000e+00
F 1   1
5.834300000000e-02  1.000000000000e+00
G 1   1
6.500000000000e-01  1.000000000000e+00
G 1   1
7.292900000000e-02  1.000000000000e+00
@END

@ATOMBASIS P
S 11   1
8.658810000000e+05  2.348570000000e-05
1.297120000000e+05  1.825840000000e-04
2.952500000000e+04  9.589770000000e-04
8.365470000000e+03  4.034970000000e-03
2.730100000000e+03  1.452970000000e-02
9.861270000000e+02  4.587990000000e-02
3.850120000000e+02  1.256750000000e-01
1.589800000000e+02  2.876020000000e-01
6.883970000000e+01  4.880470000000e-01
3.078880000000e+01  5.000000000000e-01
1.380060000000e+01  2.015680000000e-01
S 5   1
2.333920000000e+02 -5.190540000000e-03
7.317810000000e+01 -3.880740000000e-02
2.783010000000e+01 -1.058530000000e-01
5.588280000000e+00  3.308420000000e-01
2.510700000000e+00  5.000000000000e-01
S 2   1
3.537780000000e+00  1.799080000000e-01
1.250580000000e+00  5.000000000000e-01
S 1   1
6.656540000000e-01  1.000000000000e+00
S 1   1
2.520620000000e-01  1.000000000000e+00
S 1   1
9.666380000000e-02  1.000000000000e+00
S 1   1
3.442900000000e-02  1.000000000000e+00
P 9   1
3.044750000000e+03  1.489070000000e-04
7.215150000000e+02  1.309350000000e-03
2.337970000000e+02  7.368120000000e-03
8.784740000000e+01  3.162920000000e-02
3.703320000000e+01  9.665190000000e-02
1.666890000000e+01  2.369160000000e-01
7.764550000000e+00  4.170450000000e-01
3.660600000000e+00  5.000000000000e-01
1.711260000000e+00  3.391920000000e-01
P 2   1
7.207310000000e+00 -2.785090000000e-02
7.813710000000e-01  5.000000000000e-01
P 1   1
3.454770000000e-01  1.000000000000e+00
P 1   1
1.434330000000e-01  1.000000000000e+00
P 1   1
5.537420000000e-02  1.000000000000e+00
P 1   1
1.984600000000e-02  1.000000000000e+00
D 1   1
7.710000000000e+00  1.000000000000e+00
D 1   1
2.030000000000e+00  1.000000000000e+00
D 1   1
6.000000000000e-01  1.000000000000e+00
D 1   1
2.200000000000e-01  1.000000000000e+00
D 1   1
5.953700000000e-02  1.000000000000e+00
F 1   1
1.340000000000e+00  1.000000000000e+00
F 1   1
4.500000000000e-01  1.000000000000e+00
F 1   1
7.938300000000e-02  1.000000000000e+00
G 1   1
7.200000000000e-01  1.000000000000e+00
G 1   1
9.922800000000e-02  1.000000000000e+00
@END

@ATOMBASIS S
S 11   1
1.010740000000e+06  2.256180000000e-05
1.514270000000e+05  1.753520000000e-04
3.446950000000e+04  9.212370000000e-04
9.764960000000e+03  3.877590000000e-03
3.185890000000e+03  1.397730000000e-02
1.150010000000e+03  4.423840000000e-02
4.485200000000e+02  1.217430000000e-01
1.849850000000e+02  2.802840000000e-01
8.011910000000e+01  4.794370000000e-01
3.586550000000e+01  5.000000000000e-01
1.608770000000e+01  2.076270000000e-01
S 5   1
2.637550000000e+02 -5.787570000000e-03
8.271620000000e+01 -4.303550000000e-02
3.165790000000e+01 -1.150230000000e-01
6.590570000000e+00  3.327650000000e-01
3.043230000000e+00  5.000000000000e-01
S 2   1
4.233940000000e+00  2.016570000000e-01
1.574060000000e+00  5.000000000000e-01
S 1   1
7.555260000000e-01  1.000000000000e+00
S 1   1
3.046760000000e-01  1.000000000000e+00
S 1   1
1.185000000000e-01  1.000000000000e+00
S 1   1
4.276200000000e-02  1.000000000000e+00
P 9   1
3.664480000000e+03  1.379550000000e-04
8.684020000000e+02  1.215070000000e-03
2.813460000000e+02  6.871140000000e-03
1.059190000000e+02  2.953270000000e-02
4.481310000000e+01  9.130820000000e-02
2.022810000000e+01  2.269260000000e-01
9.469530000000e+00  4.073930000000e-01
4.493860000000e+00  5.000000000000e-01
2.118160000000e+00  3.401430000000e-01
P 2   1
8.582050000000e+00 -2.752200000000e-02
9.848360000000e-01  5.000000000000e-01
P 1   1
4.248540000000e-01  1.000000000000e+00
P 1   1
1.718740000000e-01  1.000000000000e+00
P 1   1
6.527220000000e-02  1.000000000000e+00
P 1   1
2.303800000000e-02  1.000000000000e+00
D 1   1
8.760000000000e+00  1.000000000000e+00
D 1   1
2.300000000000e+00  1.000000000000e+00
D 1   1
6.800000000000e-01  1.000000000000e+00
D 1   1
2.500000000000e-01  1.000000000000e+00
D 1   1
6.911500000000e-02  1.000000000000e+00
F 1   1
1.530000000000e+00  1.000000000000e+00
F 1   1
5.100000000000e-01  1.000000000000e+00
F 1   1
9.215400000000e-02  1.000000000000e+00
G 1   1
7.900000000000e-01  1.000000000000e+00
G 1   1
1.151900000000e-01  1.000000000000e+00
@END

@ATOMBASIS CL
S 11   1
1.146080000000e+06  2.242860000000e-05
1.718000000000e+05  1.741400000000e-04
3.912420000000e+04  9.144780000000e-04
1.108740000000e+04  3.847640000000e-03
3.618480000000e+03  1.386530000000e-02
1.306460000000e+03  4.389010000000e-02
5.096670000000e+02  1.208580000000e-01
2.103170000000e+02  2.784370000000e-01
9.126660000000e+01  4.764040000000e-01
4.097630000000e+01  5.000000000000e-01
1.844270000000e+01  2.109710000000e-01
S 5   1
2.970550000000e+02 -6.345110000000e-03
9.313870000000e+01 -4.712380000000e-02
3.579500000000e+01 -1.243050000000e-01
7.679300000000e+00  3.338880000000e-01
3.645520000000e+00  5.000000000000e-01
S 2   1
5.000720000000e+00  2.119720000000e-01
1.929480000000e+00  5.000000000000e-01
S 1   1
8.710330000000e-01  1.000000000000e+00
S 1   1
3.607590000000e-01  1.000000000000e+00
S 1   1
1.412240000000e-01  1.000000000000e+00
S 1   1
5.127000000000e-02  1.000000000000e+00
P 9   1
4.397430000000e+03  1.260970000000e-04
1.040750000000e+03  1.114790000000e-03
3.369460000000e+02  6.334850000000e-03
1.271210000000e+02  2.723390000000e-02
5.399450000000e+01  8.517200000000e-02
2.443500000000e+01  2.150370000000e-01
1.148470000000e+01  3.952740000000e-01
5.473230000000e+00  5.000000000000e-01
2.589270000000e+00  3.449940000000e-01
P 2   1
1.011120000000e+01 -2.836520000000e-02
1.215270000000e+00  5.000000000000e-01
P 1   1
5.237470000000e-01  1.000000000000e+00
P 1   1
2.121670000000e-01  1.000000000000e+00
P 1   1
8.087220000000e-02  1.000000000000e+00
P 1   1
2.864300000000e-02  1.000000000000e+00
D 1   1
9.810000000000e+00  1.000000000000e+00
D 1   1
2.580000000000e+00  1.000000000000e+00
D 1   1
7.600000000000e-01  1.000000000000e+00
D 1   1
2.800000000000e-01  1.000000000000e+00
D 1   1
8.592800000000e-02  1.000000000000e+00
F 1   1
1.720000000000e+00  1.000000000000e+00
F 1   1
5.700000000000e-01  1.000000000000e+00
F 1   1
1.145700000000e-01  1.000000000000e+00
G 1   1
8.600000000000e-01  1.000000000000e+00
G 1   1
1.432100000000e-01  1.000000000000e+00
@END

@ATOMBASIS AR
S 11   1
1.309600000000e+06  2.178040000000e-05
1.961110000000e+05  1.693530000000e-04
4.463290000000e+04  8.898430000000e-04
1.264470000000e+04  3.745190000000e-03
4.126450000000e+03  1.349680000000e-02
1.490330000000e+03  4.272600000000e-02
5.815510000000e+02  1.179000000000e-01
2.399790000000e+02  2.727060000000e-01
1.042120000000e+02  4.695460000000e-01
4.683490000000e+01  5.000000000000e-01
2.109690000000e+01  2.162570000000e-01
S 5   1
3.336250000000e+02 -6.739330000000e-03
1.045440000000e+02 -5.015800000000e-02
4.027980000000e+01 -1.314470000000e-01
8.816570000000e+00  3.338590000000e-01
4.299420000000e+00  5.000000000000e-01
S 2   1
5.848820000000e+00  2.103240000000e-01
2.312920000000e+00  5.000000000000e-01
S 1   1
1.033690000000e+00  1.000000000000e+00
S 1   1
4.287300000000e-01  1.000000000000e+00
S 1   1
1.671620000000e-01  1.000000000000e+00
S 1   1
6.046200000000e-02  1.000000000000e+00
P 9   1
5.156750000000e+03  1.185630000000e-04
1.220690000000e+03  1.049230000000e-03
3.952300000000e+02  5.979790000000e-03
1.493370000000e+02  2.575330000000e-02
6.350780000000e+01  8.153980000000e-02
2.876170000000e+01  2.082370000000e-01
1.356200000000e+01  3.877370000000e-01
6.496020000000e+00  5.000000000000e-01
3.085710000000e+00  3.476420000000e-01
P 2   1
1.179700000000e+01 -2.890270000000e-02
1.460670000000e+00  5.000000000000e-01
P 1   1
6.302340000000e-01  1.000000000000e+00
P 1   1
2.567590000000e-01  1.000000000000e+00
P 1   1
9.822680000000e-02  1.000000000000e+00
P 1   1
3.490700000000e-02  1.000000000000e+00
D 1   1
1.086000000000e+01  1.000000000000e+00
D 1   1
2.860000000000e+00  1.000000000000e+00
D 1   1
8.400000000000e-01  1.000000000000e+00
D 1   1
3.100000000000e-01  1.000000000000e+00
D 1   1
1.047200000000e-01  1.000000000000e+00
F 1   1
1.910000000000e+00  1.000000000000e+00
F 1   1
6.300000000000e-01  1.000000000000e+00
F 1   1
1.396300000000e-01  1.000000000000e+00
G 1   1
9.300000000000e-01  1.000000000000e+00
G 1   1
1.745400000000e-01  1.000000000000e+00
@END

@ATOMBASIS K
S 12   1
2.472460000000e+06  1.139720000000e-05
3.711830000000e+05  8.828000000000e-05
8.466450000000e+04  4.629450000000e-04
2.401840000000e+04  1.949450000000e-03
7.846900000000e+03  7.052360000000e-03
2.837630000000e+03  2.261450000000e-02
1.109370000000e+03  6.450000000000e-02
4.598810000000e+02  1.622610000000e-01
1.992530000000e+02  3.356010000000e-01
9.005950000000e+01  5.000000000000e-01
4.169800000000e+01  4.328010000000e-01
1.917270000000e+01  1.308450000000e-01
S 7   1
8.186630000000e+02 -9.503120000000e-04
2.530140000000e+02 -9.508620000000e-03
9.838170000000e+01 -4.140000000000e-02
4.311510000000e+01 -8.944320000000e-02
9.353710000000e+00  3.289380000000e-01
4.524320000000e+00  5.000000000000e-01
2.141970000000e+00  2.160700000000e-01
S 4   1
7.065020000000e+00 -8.762590000000e-02
3.014250000000e+00 -2.246590000000e-01
1.151450000000e+00  3.370000000000e-01
5.250480000000e-01  5.000000000000e-01
S 2   1
5.580860000000e-01  3.569000000000e-01
2.296950000000e-01  5.000000000000e-01
S 1   1
4.888860000000e-02  1.000000000000e+00
S 1   1
2.194950000000e-02  1.000000000000e+00
S 1   1
1.030690000000e-02  1.000000000000e+00
S 1   1
4.424300000000e-03  1.000000000000e+00
P 10   1
6.625180000000e+03  9.666950000000e-05
1.571350000000e+03  8.535910000000e-04
5.104600000000e+02  4.863700000000e-03
1.947370000000e+02  2.070310000000e-02
8.374520000000e+01  6.728370000000e-02
3.807400000000e+01  1.779240000000e-01
1.807260000000e+01  3.543750000000e-01
8.681770000000e+00  5.000000000000e-01
4.215640000000e+00  4.033180000000e-01
2.015000000000e+00  1.396480000000e-01
P 5   1
3.366060000000e+01 -4.150660000000e-03
1.168900000000e+01 -2.447260000000e-02
1.843800000000e+00  2.532870000000e-01
9.379020000000e-01  5.000000000000e-01
4.825090000000e-01  5.407900000000e-01
P 1   1
2.381540000000e-01  1.000000000000e+00
P 1   1
1.098290000000e-01  1.000000000000e+00
P 1   1
3.800000000000e-02  1.000000000000e+00
P 1   1
1.229700000000e-02  1.000000000000e+00
D 3   1
1.848590000000e+01  3.232780000000e-02
5.081720000000e+00  1.725720000000e-01
1.624020000000e+00  5.000000000000e-01
D 1   1
5.431940000000e-01  1.000000000000e+00
D 1   1
1.648430000000e-01  1.000000000000e+00
D 1   1
4.804670000000e-02  1.000000000000e+00
D 1   1
1.323300000000e-02  1.000000000000e+00
F 1   1
4.000000000000e-01  1.000000000000e+00
F 1   1
4.918700000000e-02  1.000000000000e+00
@END

@ATOMBASIS CA
S 12   1
2.796250000000e+06  1.115920000000e-05
4.194370000000e+05  8.652550000000e-05
9.566440000000e+04  4.535170000000e-04
2.715620000000e+04  1.907720000000e-03
8.876460000000e+03  6.901010000000e-03
3.209830000000e+03  2.215040000000e-02
1.254390000000e+03  6.331420000000e-02
5.195300000000e+02  1.599210000000e-01
2.249770000000e+02  3.324310000000e-01
1.016670000000e+02  5.000000000000e-01
4.706130000000e+01  4.397130000000e-01
2.163420000000e+01  1.363250000000e-01
S 7   1
9.042770000000e+02 -9.783930000000e-04
2.796460000000e+02 -9.785940000000e-03
1.087000000000e+02 -4.262310000000e-02
4.779930000000e+01 -9.083700000000e-02
1.050370000000e+01  3.333930000000e-01
5.134570000000e+00  5.000000000000e-01
2.474010000000e+00  2.190870000000e-01
S 4   1
8.171060000000e+00 -9.477770000000e-02
3.615200000000e+00 -2.528210000000e-01
1.304030000000e+00  3.740210000000e-01
6.340050000000e-01  5.000000000000e-01
S 2   1
7.069870000000e-01  3.585740000000e-01
3.079950000000e-01  5.000000000000e-01
S 1   1
9.333600000000e-02  1.000000000000e+00
S 1   1
4.528660000000e-02  1.000000000000e+00
S 1   1
2.016200000000e-02  1.000000000000e+00
S 1   1
8.242400000000e-03  1.000000000000e+00
P 10   1
7.837670000000e+03  8.868350000000e-05
1.857060000000e+03  7.857610000000e-04
6.027440000000e+02  4.494550000000e-03
2.303670000000e+02  1.914340000000e-02
9.914360000000e+01  6.320500000000e-02
4.510120000000e+01  1.694210000000e-01
2.144660000000e+01  3.454670000000e-01
1.034730000000e+01  5.000000000000e-01
5.062270000000e+00  4.193050000000e-01
2.440330000000e+00  1.548140000000e-01
P 5   1
3.715340000000e+01 -4.789340000000e-03
1.323130000000e+01 -2.696270000000e-02
2.162390000000e+00  2.722750000000e-01
1.135520000000e+00  5.000000000000e-01
6.211300000000e-01  5.250830000000e-01
P 1   1
3.282760000000e-01  1.000000000000e+00
P 1   1
1.569800000000e-01  1.000000000000e+00
P 1   1
5.230000000000e-02  1.000000000000e+00
P 1   1
1.633600000000e-02  1.000000000000e+00
D 3   1
2.312610000000e+01  3.039860000000e-02
6.410280000000e+00  1.689270000000e-01
2.083320000000e+00  5.000000000000e-01
D 1   1
7.158610000000e-01  1.000000000000e+00
D 1   1
2.265750000000e-01  1.000000000000e+00
D 1   1
6.717290000000e-02  1.000000000000e+00
D 1   1
1.880000000000e-02  1.000000000000e+00
F 1   1
5.000000000000e-01  1.000000000000e+00
F 1   1
6.534400000000e-02  1.000000000000e+00
@END

@ATOMBASIS SC
S 12   1
3.100700000000e+06  1.108760000000e-05
4.652040000000e+05  8.596380000000e-05
1.060740000000e+05  4.508060000000e-04
3.010310000000e+04  1.896880000000e-03
9.837420000000e+03  6.864810000000e-03
3.555770000000e+03  2.205580000000e-02
1.388700000000e+03  6.311820000000e-02
5.748340000000e+02  1.596250000000e-01
2.488460000000e+02  3.322580000000e-01
1.124610000000e+02  5.000000000000e-01
5.211800000000e+01  4.398540000000e-01
2.400980000000e+01  1.367990000000e-01
S 7   1
1.001010000000e+03 -9.882720000000e-04
3.095050000000e+02 -9.907080000000e-03
1.201830000000e+02 -4.338400000000e-02
5.289020000000e+01 -9.205350000000e-02
1.171710000000e+01  3.373800000000e-01
5.764630000000e+00  5.000000000000e-01
2.803580000000e+00  2.179700000000e-01
S 4   1
9.220310000000e+00 -9.390730000000e-02
4.152440000000e+00 -2.491650000000e-01
1.523720000000e+00  3.520330000000e-01
7.493890000000e-01  5.000000000000e-01
S 2   1
8.301190000000e-01  3.291270000000e-01
3.636890000000e-01  5.000000000000e-01
S 1   1
1.158040000000e-01  1.000000000000e+00
S 1   1
5.448060000000e-02  1.000000000000e+00
S 1   1
2.342400000000e-02  1.000000000000e+00
S 1   1
9.273700000000e-03  1.000000000000e+00
P 10   1
9.019730000000e+03  8.426030000000e-05
2.140400000000e+03  7.448680000000e-04
6.958000000000e+02  4.256510000000e-03
2.665750000000e+02  1.813640000000e-02
1.147390000000e+02  6.065000000000e-02
5.220300000000e+01  1.642690000000e-01
2.485300000000e+01  3.402280000000e-01
1.203760000000e+01  5.000000000000e-01
5.923870000000e+00  4.295850000000e-01
2.874360000000e+00  1.641730000000e-01
P 5   1
4.110100000000e+01 -5.539750000000e-03
1.487410000000e+01 -3.005040000000e-02
2.503370000000e+00  3.003510000000e-01
1.336190000000e+00  5.000000000000e-01
7.799940000000e-01  5.175550000000e-01
P 1   1
4.205210000000e-01  1.000000000000e+00
P 1   1
1.963120000000e-01  1.000000000000e+00
P 1   1
6.100000000000e-02  1.000000000000e+00
P 1   1
1.784600000000e-02  1.000000000000e+00
D 7   1
1.382100000000e+02  1.050800000000e-03
4.113360000000e+01  8.677840000000e-03
1.594310000000e+01  3.608450000000e-02
7.201070000000e+00  1.027560000000e-01
3.233430000000e+00  2.496140000000e-01
1.508150000000e+00  4.058950000000e-01
6.973600000000e-01  5.000000000000e-01
D 1   1
3.072030000000e-01  1.000000000000e+00
D 1   1
1.291570000000e-01  1.000000000000e+00
D 1   1
4.892670000000e-02  1.000000000000e+00
D 1   1
1.722900000000e-02  1.000000000000e+00
F 1   1
3.971000000000e+00  1.000000000000e+00
F 1   1
1.103000000000e+00  1.000000000000e+00
F 1   1
3.060000000000e-01  1.000000000000e+00
F 1   1
7.138200000000e-02  1.000000000000e+00
G 1   1
2.647000000000e+00  1.000000000000e+00
G 1   1
5.880000000000e-01  1.000000000000e+00
G 1   1
8.922800000000e-02  1.000000000000e+00
H 1   1
1.341000000000e+00  1.000000000000e+00
H 1   1
1.070700000000e-01  1.000000000000e+00
@END

@ATOMBASIS TI
S 12   1
3.395730000000e+06  1.114460000000e-05
5.092150000000e+05  8.646910000000e-05
1.160480000000e+05  4.538260000000e-04
3.291260000000e+04  1.911200000000e-03
1.075180000000e+04  6.916270000000e-03
3.887410000000e+03  2.219770000000e-02
1.519590000000e+03  6.340410000000e-02
6.298980000000e+02  1.600280000000e-01
2.731200000000e+02  3.326160000000e-01
1.236450000000e+02  5.000000000000e-01
5.742050000000e+01  4.401820000000e-01
2.651100000000e+01  1.374180000000e-01
S 7   1
1.102060000000e+03 -9.939740000000e-04
3.407530000000e+02 -9.978450000000e-03
1.322600000000e+02 -4.385560000000e-02
5.826970000000e+01 -9.273780000000e-02
1.297450000000e+01  3.420560000000e-01
6.389720000000e+00  5.000000000000e-01
3.118190000000e+00  2.115130000000e-01
S 4   1
1.038950000000e+01 -8.771550000000e-02
4.812670000000e+00 -2.318210000000e-01
1.639940000000e+00  3.781250000000e-01
7.998680000000e-01  5.000000000000e-01
S 2   1
9.414090000000e-01  3.187830000000e-01
3.981460000000e-01  5.000000000000e-01
S 1   1
1.469550000000e-01  1.000000000000e+00
S 1   1
6.529330000000e-02  1.000000000000e+00
S 1   1
2.701900000000e-02  1.000000000000e+00
S 1   1
1.032600000000e-02  1.000000000000e+00
P 10   1
1.033240000000e+04  8.023400000000e-05
2.449580000000e+03  7.106710000000e-04
7.962590000000e+02  4.066220000000e-03
3.054180000000e+02  1.735270000000e-02
1.314390000000e+02  5.862010000000e-02
5.985050000000e+01  1.599630000000e-01
2.855360000000e+01  3.354560000000e-01
1.389380000000e+01  5.000000000000e-01
6.877760000000e+00  4.405600000000e-01
3.357780000000e+00  1.747570000000e-01
P 5   1
4.542140000000e+01 -7.085090000000e-03
1.662240000000e+01 -3.733530000000e-02
2.869070000000e+00  3.661480000000e-01
1.591130000000e+00  5.000000000000e-01
1.004770000000e+00  6.145470000000e-01
P 1   1
5.286590000000e-01  1.000000000000e+00
P 1   1
2.396880000000e-01  1.000000000000e+00
P 1   1
7.100000000000e-02  1.000000000000e+00
P 1   1
1.985500000000e-02  1.000000000000e+00
D 7   1
1.650360000000e+02  9.831630000000e-04
4.909290000000e+01  8.288300000000e-03
1.897530000000e+01  3.595490000000e-02
8.463390000000e+00  1.064920000000e-01
3.786710000000e+00  2.598010000000e-01
1.755920000000e+00  4.205180000000e-01
8.055740000000e-01  5.000000000000e-01
D 1   1
3.589870000000e-01  1.000000000000e+00
D 1   1
1.535310000000e-01  1.000000000000e+00
D 1   1
6.039220000000e-02  1.000000000000e+00
D 1   1
2.202300000000e-02  1.000000000000e+00
F 1   1
4.368000000000e+00  1.000000000000e+00
F 1   1
1.213000000000e+00  1.000000000000e+00
F 1   1
3.370000000000e-01  1.000000000000e+00
F 1   1
7.942100000000e-02  1.000000000000e+00
G 1   1
2.912000000000e+00  1.000000000000e+00
G 1   1
6.470000000000e-01  1.000000000000e+00
G 1   1
9.927600000000e-02  1.000000000000e+00
H 1   1
1.475000000000e+00  1.000000000000e+00
H 1   1
1.191300000000e-01  1.000000000000e+00
@END

@ATOMBASIS V
S 12   1
3.726800000000e+06  1.108980000000e-05
5.583340000000e+05  8.615690000000e-05
1.271740000000e+05  4.524140000000e-04
3.605430000000e+04  1.906200000000e-03
1.177350000000e+04  6.902720000000e-03
4.254520000000e+03  2.217160000000e-02
1.662600000000e+03  6.333230000000e-02
6.891790000000e+02  1.599080000000e-01
2.987620000000e+02  3.327650000000e-01
1.352280000000e+02  5.000000000000e-01
6.286840000000e+01  4.390530000000e-01
2.909480000000e+01  1.370070000000e-01
S 7   1
1.211520000000e+03 -9.936600000000e-04
3.743760000000e+02 -1.000660000000e-02
1.451640000000e+02 -4.423910000000e-02
6.395110000000e+01 -9.347630000000e-02
1.431140000000e+01  3.454460000000e-01
7.057660000000e+00  5.000000000000e-01
3.454520000000e+00  2.066340000000e-01
S 4   1
1.160530000000e+01 -8.365820000000e-02
5.506420000000e+00 -2.198830000000e-01
1.774460000000e+00  4.019240000000e-01
8.576390000000e-01  5.000000000000e-01
S 2   1
1.046060000000e+00  3.083380000000e-01
4.298990000000e-01  5.000000000000e-01
S 1   1
1.784640000000e-01  1.000000000000e+00
S 1   1
7.421410000000e-02  1.000000000000e+00
S 1   1
2.981690000000e-02  1.000000000000e+00
S 1   1
1.108900000000e-02  1.000000000000e+00
P 10   1
1.175080000000e+04  7.619990000000e-05
2.786520000000e+03  6.750790000000e-04
9.060090000000e+02  3.866640000000e-03
3.477510000000e+02  1.655250000000e-02
1.494340000000e+02  5.660780000000e-02
6.796120000000e+01  1.560880000000e-01
3.240080000000e+01  3.316590000000e-01
1.579030000000e+01  5.000000000000e-01
7.833310000000e+00  4.475390000000e-01
3.833740000000e+00  1.799500000000e-01
P 5   1
4.975830000000e+01 -8.365260000000e-03
1.840530000000e+01 -4.260980000000e-02
3.270750000000e+00  4.071210000000e-01
1.850030000000e+00  5.000000000000e-01
1.199810000000e+00  6.956300000000e-01
P 1   1
6.208110000000e-01  1.000000000000e+00
P 1   1
2.780040000000e-01  1.000000000000e+00
P 1   1
8.100000000000e-02  1.000000000000e+00
P 1   1
2.230100000000e-02  1.000000000000e+00
D 7   1
1.945670000000e+02  9.305410000000e-04
5.793770000000e+01  7.939900000000e-03
2.246730000000e+01  3.519640000000e-02
9.981770000000e+00  1.079110000000e-01
4.472420000000e+00  2.628540000000e-01
2.083520000000e+00  4.248730000000e-01
9.611710000000e-01  5.000000000000e-01
D 1   1
4.312190000000e-01  1.000000000000e+00
D 1   1
1.848660000000e-01  1.000000000000e+00
D 1   1
7.254550000000e-02  1.000000000000e+00
D 1   1
2.639700000000e-02  1.000000000000e+00
F 1   1
4.804000000000e+00  1.000000000000e+00
F 1   1
1.335000000000e+00  1.000000000000e+00
F 1   1
3.710000000000e-01  1.000000000000e+00
F 1   1
8.920300000000e-02  1.000000000000e+00
G 1   1
3.203000000000e+00  1.000000000000e+00
G 1   1
7.120000000000e-01  1.000000000000e+00
G 1   1
1.115000000000e-01  1.000000000000e+00
H 1   1
1.623000000000e+00  1.000000000000e+00
H 1   1
1.338100000000e-01  1.000000000000e+00
@END

@ATOMBASIS CR
S 12   1
4.046360000000e+06  1.112180000000e-05
6.072510000000e+05  8.622790000000e-05
1.384020000000e+05  4.525170000000e-04
3.925710000000e+04  1.906160000000e-03
1.281180000000e+04  6.913880000000e-03
4.627250000000e+03  2.220360000000e-02
1.809010000000e+03  6.333890000000e-02
7.505280000000e+02  1.597750000000e-01
3.255920000000e+02  3.325740000000e-01
1.474130000000e+02  5.000000000000e-01
6.856630000000e+01  4.385650000000e-01
3.177370000000e+01  1.364390000000e-01
S 7   1
1.324610000000e+03 -9.944090000000e-04
4.095510000000e+02 -1.003100000000e-02
1.586860000000e+02 -4.460410000000e-02
6.989100000000e+01 -9.421070000000e-02
1.574210000000e+01  3.468110000000e-01
7.784480000000e+00  5.000000000000e-01
3.822180000000e+00  2.042810000000e-01
S 4   1
1.279860000000e+01 -8.299640000000e-02
6.164820000000e+00 -2.129380000000e-01
1.969660000000e+00  4.040270000000e-01
9.425650000000e-01  5.000000000000e-01
S 2   1
1.149130000000e+00  3.101010000000e-01
4.651130000000e-01  5.000000000000e-01
S 1   1
2.046900000000e-01  1.000000000000e+00
S 1   1
8.162610000000e-02  1.000000000000e+00
S 1   1
3.217330000000e-02  1.000000000000e+00
S 1   1
1.175500000000e-02  1.000000000000e+00
P 10   1
1.308420000000e+04  7.427670000000e-05
3.107040000000e+03  6.569260000000e-04
1.010880000000e+03  3.762390000000e-03
3.883340000000e+02  1.613020000000e-02
1.667900000000e+02  5.554510000000e-02
7.582390000000e+01  1.542340000000e-01
3.613880000000e+01  3.302180000000e-01
1.764340000000e+01  5.000000000000e-01
8.776530000000e+00  4.495580000000e-01
4.315450000000e+00  1.812320000000e-01
P 5   1
5.455890000000e+01 -9.169160000000e-03
2.031560000000e+01 -4.566350000000e-02
3.667960000000e+00  4.434580000000e-01
2.046620000000e+00  5.000000000000e-01
1.403250000000e+00  6.852810000000e-01
P 1   1
7.241290000000e-01  1.000000000000e+00
P 1   1
3.200940000000e-01  1.000000000000e+00
P 1   1
9.000000000000e-02  1.000000000000e+00
P 1   1
2.395800000000e-02  1.000000000000e+00
D 7   1
2.184770000000e+02  9.470920000000e-04
6.522630000000e+01  8.116240000000e-03
2.529010000000e+01  3.655820000000e-02
1.122810000000e+01  1.123330000000e-01
5.064070000000e+00  2.704800000000e-01
2.368880000000e+00  4.313850000000e-01
1.095990000000e+00  5.000000000000e-01
D 1   1
4.924730000000e-01  1.000000000000e+00
D 1   1
2.104590000000e-01  1.000000000000e+00
D 1   1
8.191460000000e-02  1.000000000000e+00
D 1   1
2.958000000000e-02  1.000000000000e+00
F 1   1
5.285000000000e+00  1.000000000000e+00
F 1   1
1.468000000000e+00  1.000000000000e+00
F 1   1
4.080000000000e-01  1.000000000000e+00
F 1   1
9.583100000000e-02  1.000000000000e+00
G 1   1
3.523000000000e+00  1.000000000000e+00
G 1   1
7.830000000000e-01  1.000000000000e+00
G 1   1
1.197900000000e-01  1.000000000000e+00
H 1   1
1.785000000000e+00  1.000000000000e+00
H 1   1
1.437500000000e-01  1.000000000000e+00
@END

@ATOMBASIS MN
S 12   1
4.487730000000e+06  1.081680000000e-05
6.718260000000e+05  8.435770000000e-05
1.523080000000e+05  4.460220000000e-04
4.301990000000e+04  1.886460000000e-03
1.401640000000e+04  6.844470000000e-03
5.058820000000e+03  2.201140000000e-02
1.974960000000e+03  6.297220000000e-02
8.180300000000e+02  1.592700000000e-01
3.544010000000e+02  3.322400000000e-01
1.603100000000e+02  5.000000000000e-01
7.457240000000e+01  4.381430000000e-01
3.459870000000e+01  1.361180000000e-01
S 7   1
1.444740000000e+03 -9.923360000000e-04
4.470530000000e+02 -1.000460000000e-02
1.731470000000e+02 -4.477350000000e-02
7.619840000000e+01 -9.484480000000e-02
1.721400000000e+01  3.493980000000e-01
8.515540000000e+00  5.000000000000e-01
4.186900000000e+00  1.995730000000e-01
S 4   1
1.407930000000e+01 -8.249440000000e-02
6.897280000000e+00 -2.080620000000e-01
2.146390000000e+00  4.190560000000e-01
1.018940000000e+00  5.000000000000e-01
S 2   1
1.252590000000e+00  3.104370000000e-01
4.993790000000e-01  5.000000000000e-01
S 1   1
2.306490000000e-01  1.000000000000e+00
S 1   1
8.867110000000e-02  1.000000000000e+00
S 1   1
3.434820000000e-02  1.000000000000e+00
S 1   1
1.234900000000e-02  1.000000000000e+00
P 10   1
1.447090000000e+04  7.313150000000e-05
3.431340000000e+03  6.484050000000e-04
1.116170000000e+03  3.715280000000e-03
4.287950000000e+02  1.596620000000e-02
1.840940000000e+02  5.517060000000e-02
8.379440000000e+01  1.533970000000e-01
4.002940000000e+01  3.292040000000e-01
1.962300000000e+01  5.000000000000e-01
9.797060000000e+00  4.536780000000e-01
4.829780000000e+00  1.843820000000e-01
P 5   1
5.955630000000e+01 -9.883640000000e-03
2.228950000000e+01 -4.817900000000e-02
4.116300000000e+00  4.580030000000e-01
2.303740000000e+00  5.000000000000e-01
1.592850000000e+00  7.122820000000e-01
P 1   1
8.162470000000e-01  1.000000000000e+00
P 1   1
3.585590000000e-01  1.000000000000e+00
P 1   1
1.000000000000e-01  1.000000000000e+00
P 1   1
2.641600000000e-02  1.000000000000e+00
D 7   1
2.518120000000e+02  8.981010000000e-04
7.534580000000e+01  7.746880000000e-03
2.928380000000e+01  3.555460000000e-02
1.296530000000e+01  1.120820000000e-01
5.857670000000e+00  2.705110000000e-01
2.749590000000e+00  4.328490000000e-01
1.277020000000e+00  5.000000000000e-01
D 1   1
5.763860000000e-01  1.000000000000e+00
D 1   1
2.468930000000e-01  1.000000000000e+00
D 1   1
9.614960000000e-02  1.000000000000e+00
D 1   1
3.473900000000e-02  1.000000000000e+00
F 1   1
5.813000000000e+00  1.000000000000e+00
F 1   1
1.615000000000e+00  1.000000000000e+00
F 1   1
4.490000000000e-01  1.000000000000e+00
F 1   1
1.056600000000e-01  1.000000000000e+00
G 1   1
3.876000000000e+00  1.000000000000e+00
G 1   1
8.610000000000e-01  1.000000000000e+00
G 1   1
1.320800000000e-01  1.000000000000e+00
H 1   1
1.964000000000e+00  1.000000000000e+00
H 1   1
1.585000000000e-01  1.000000000000e+00
@END

@ATOMBASIS FE
S 12   1
4.845580000000e+06  1.087880000000e-05
7.264710000000e+05  8.441380000000e-05
1.656090000000e+05  4.428990000000e-04
4.695370000000e+04  1.867430000000e-03
1.531710000000e+04  6.779370000000e-03
5.524450000000e+03  2.185250000000e-02
2.153900000000e+03  6.267690000000e-02
8.909700000000e+02  1.588370000000e-01
3.859520000000e+02  3.314720000000e-01
1.747490000000e+02  5.000000000000e-01
8.137630000000e+01  4.413640000000e-01
3.777070000000e+01  1.388280000000e-01
S 7   1
1.557680000000e+03 -1.007420000000e-03
4.826140000000e+02 -1.012880000000e-02
1.871480000000e+02 -4.522710000000e-02
8.256440000000e+01 -9.523420000000e-02
1.878220000000e+01  3.506810000000e-01
9.309480000000e+00  5.000000000000e-01
4.589580000000e+00  1.977030000000e-01
S 4   1
1.543550000000e+01 -8.421620000000e-02
7.663530000000e+00 -2.107600000000e-01
2.356760000000e+00  4.296320000000e-01
1.121330000000e+00  5.000000000000e-01
S 2   1
1.384030000000e+00  3.175140000000e-01
5.549230000000e-01  5.000000000000e-01
S 1   1
2.385810000000e-01  1.000000000000e+00
S 1   1
9.361780000000e-02  1.000000000000e+00
S 1   1
3.636810000000e-02  1.000000000000e+00
S 1   1
1.311000000000e-02  1.000000000000e+00
P 10   1
1.588220000000e+04  7.185400000000e-05
3.763650000000e+03  6.380400000000e-04
1.223080000000e+03  3.666700000000e-03
4.692380000000e+02  1.583470000000e-02
2.009930000000e+02  5.506470000000e-02
9.135320000000e+01  1.537060000000e-01
4.362660000000e+01  3.299490000000e-01
2.141740000000e+01  5.000000000000e-01
1.069980000000e+01  4.509020000000e-01
5.274770000000e+00  1.794850000000e-01
P 5   1
6.441680000000e+01 -9.018220000000e-03
2.429330000000e+01 -4.269420000000e-02
4.618910000000e+00  3.875320000000e-01
2.572670000000e+00  5.000000000000e-01
1.666390000000e+00  6.334050000000e-01
P 1   1
8.696210000000e-01  1.000000000000e+00
P 1   1
3.879960000000e-01  1.000000000000e+00
P 1   1
1.110000000000e-01  1.000000000000e+00
P 1   1
3.003700000000e-02  1.000000000000e+00
D 7   1
2.708560000000e+02  9.605260000000e-04
8.085210000000e+01  8.354620000000e-03
3.127060000000e+01  3.878920000000e-02
1.380280000000e+01  1.209740000000e-01
6.245180000000e+00  2.868290000000e-01
2.914220000000e+00  4.459440000000e-01
1.339170000000e+00  5.000000000000e-01
D 1   1
5.949860000000e-01  1.000000000000e+00
D 1   1
2.501510000000e-01  1.000000000000e+00
D 1   1
9.484780000000e-02  1.000000000000e+00
D 1   1
3.342800000000e-02  1.000000000000e+00
F 1   1
6.395000000000e+00  1.000000000000e+00
F 1   1
1.776000000000e+00  1.000000000000e+00
F 1   1
4.930000000000e-01  1.000000000000e+00
F 1   1
1.201500000000e-01  1.000000000000e+00
G 1   1
4.263000000000e+00  1.000000000000e+00
G 1   1
9.470000000000e-01  1.000000000000e+00
G 1   1
1.501800000000e-01  1.000000000000e+00
H 1   1
2.160000000000e+00  1.000000000000e+00
H 1   1
1.802200000000e-01  1.000000000000e+00
@END

@ATOMBASIS CO
S 12   1
5.269020000000e+06  1.076450000000e-05
7.899030000000e+05  8.356040000000e-05
1.799230000000e+05  4.389900000000e-04
5.096530000000e+04  1.853430000000e-03
1.661380000000e+04  6.731120000000e-03
5.994380000000e+03  2.166360000000e-02
2.339970000000e+03  6.204270000000e-02
9.687750000000e+02  1.574160000000e-01
4.195390000000e+02  3.297960000000e-01
1.897290000000e+02  5.000000000000e-01
8.825960000000e+01  4.429370000000e-01
4.096090000000e+01  1.397240000000e-01
S 7   1
1.688690000000e+03 -1.004490000000e-03
5.226400000000e+02 -1.013640000000e-02
2.024950000000e+02 -4.545610000000e-02
8.932580000000e+01 -9.569770000000e-02
2.041360000000e+01  3.517390000000e-01
1.012810000000e+01  5.000000000000e-01
5.000810000000e+00  1.948550000000e-01
S 4   1
1.680930000000e+01 -8.997280000000e-02
8.428490000000e+00 -2.214820000000e-01
2.611680000000e+00  4.383690000000e-01
1.258320000000e+00  5.000000000000e-01
S 2   1
1.527690000000e+00  3.268740000000e-01
6.310770000000e-01  5.000000000000e-01
S 1   1
2.363100000000e-01  1.000000000000e+00
S 1   1
9.600680000000e-02  1.000000000000e+00
S 1   1
3.761500000000e-02  1.000000000000e+00
S 1   1
1.366700000000e-02  1.000000000000e+00
P 10   1
1.701550000000e+04  7.311540000000e-05
4.030990000000e+03  6.493250000000e-04
1.310340000000e+03  3.728650000000e-03
5.029150000000e+02  1.608980000000e-02
2.157670000000e+02  5.567220000000e-02
9.834490000000e+01  1.548490000000e-01
4.707030000000e+01  3.313730000000e-01
2.315820000000e+01  5.000000000000e-01
1.156850000000e+01  4.466320000000e-01
5.692460000000e+00  1.723070000000e-01
P 5   1
6.901380000000e+01 -8.514910000000e-03
2.624200000000e+01 -3.872630000000e-02
5.201620000000e+00  3.241300000000e-01
2.898710000000e+00  5.000000000000e-01
1.717630000000e+00  6.201120000000e-01
P 1   1
8.922530000000e-01  1.000000000000e+00
P 1   1
4.063010000000e-01  1.000000000000e+00
P 1   1
1.230000000000e-01  1.000000000000e+00
P 1   1
3.511000000000e-02  1.000000000000e+00
D 7   1
3.055230000000e+02  9.241010000000e-04
9.147290000000e+01  8.052070000000e-03
3.551490000000e+01  3.774560000000e-02
1.566120000000e+01  1.205020000000e-01
7.090190000000e+00  2.859570000000e-01
3.317740000000e+00  4.456440000000e-01
1.528100000000e+00  5.000000000000e-01
D 1   1
6.789260000000e-01  1.000000000000e+00
D 1   1
2.852180000000e-01  1.000000000000e+00
D 1   1
1.081490000000e-01  1.000000000000e+00
D 1   1
3.811700000000e-02  1.000000000000e+00
F 1   1
7.034000000000e+00  1.000000000000e+00
F 1   1
1.954000000000e+00  1.000000000000e+00
F 1   1
5.430000000000e-01  1.000000000000e+00
F 1   1
1.404400000000e-01  1.000000000000e+00
G 1   1
4.689000000000e+00  1.000000000000e+00
G 1   1
1.042000000000e+00  1.000000000000e+00
G 1   1
1.755500000000e-01  1.000000000000e+00
H 1   1
2.376000000000e+00  1.000000000000e+00
H 1   1
2.106600000000e-01  1.000000000000e+00
@END

@ATOMBASIS NI
S 12   1
5.737240000000e+06  1.062520000000e-05
8.605360000000e+05  8.237580000000e-05
1.962170000000e+05  4.321490000000e-04
5.562570000000e+04  1.823530000000e-03
1.813170000000e+04  6.629450000000e-03
6.535930000000e+03  2.138550000000e-02
2.547220000000e+03  6.145660000000e-02
1.052620000000e+03  1.564330000000e-01
4.554280000000e+02  3.284360000000e-01
2.059520000000e+02  5.000000000000e-01
9.580700000000e+01  4.465620000000e-01
4.444810000000e+01  1.425000000000e-01
S 7   1
1.809420000000e+03 -1.019630000000e-03
5.607590000000e+02 -1.026180000000e-02
2.174500000000e+02 -4.593850000000e-02
9.613390000000e+01 -9.603470000000e-02
2.217240000000e+01  3.504150000000e-01
1.104110000000e+01  5.000000000000e-01
5.470590000000e+00  1.959770000000e-01
S 4   1
1.814690000000e+01 -9.882330000000e-02
9.153530000000e+00 -2.345040000000e-01
2.912770000000e+00  4.427520000000e-01
1.422090000000e+00  5.000000000000e-01
S 2   1
1.664660000000e+00  3.436820000000e-01
7.102710000000e-01  5.000000000000e-01
S 1   1
2.320750000000e-01  1.000000000000e+00
S 1   1
9.669150000000e-02  1.000000000000e+00
S 1   1
3.836980000000e-02  1.000000000000e+00
S 1   1
1.410700000000e-02  1.000000000000e+00
P 10   1
1.825670000000e+04  7.337900000000e-05
4.326280000000e+03  6.512670000000e-04
1.406380000000e+03  3.742420000000e-03
5.392860000000e+02  1.620240000000e-02
2.310540000000e+02  5.617840000000e-02
1.051920000000e+02  1.565900000000e-01
5.027080000000e+01  3.345750000000e-01
2.471440000000e+01  5.000000000000e-01
1.233010000000e+01  4.367900000000e-01
6.058790000000e+00  1.605560000000e-01
P 5   1
7.441080000000e+01 -7.407930000000e-03
2.841700000000e+01 -3.301240000000e-02
5.710860000000e+00  2.811000000000e-01
3.032020000000e+00  5.000000000000e-01
1.687260000000e+00  5.227500000000e-01
P 1   1
8.909950000000e-01  1.000000000000e+00
P 1   1
4.185790000000e-01  1.000000000000e+00
P 1   1
1.350000000000e-01  1.000000000000e+00
P 1   1
4.090200000000e-02  1.000000000000e+00
D 7   1
3.349460000000e+02  9.344190000000e-04
1.003690000000e+02  8.170920000000e-03
3.897760000000e+01  3.861040000000e-02
1.718950000000e+01  1.235630000000e-01
7.807510000000e+00  2.909320000000e-01
3.661230000000e+00  4.492610000000e-01
1.688900000000e+00  5.000000000000e-01
D 1   1
7.502590000000e-01  1.000000000000e+00
D 1   1
3.145520000000e-01  1.000000000000e+00
D 1   1
1.188760000000e-01  1.000000000000e+00
D 1   1
4.176900000000e-02  1.000000000000e+00
F 1   1
7.738000000000e+00  1.000000000000e+00
F 1   1
2.149000000000e+00  1.000000000000e+00
F 1   1
5.970000000000e-01  1.000000000000e+00
F 1   1
1.636100000000e-01  1.000000000000e+00
G 1   1
5.158000000000e+00  1.000000000000e+00
G 1   1
1.146000000000e+00  1.000000000000e+00
G 1   1
2.045100000000e-01  1.000000000000e+00
H 1   1
2.614000000000e+00  1.000000000000e+00
H 1   1
2.454100000000e-01  1.000000000000e+00
@END

@ATOMBASIS CU
S 12   1
6.157130000000e+06  1.062920000000e-05
9.229270000000e+05  8.252370000000e-05
2.101820000000e+05  4.335710000000e-04
5.959500000000e+04  1.825810000000e-03
1.946890000000e+04  6.609550000000e-03
7.038670000000e+03  2.123650000000e-02
2.750880000000e+03  6.086270000000e-02
1.138850000000e+03  1.549920000000e-01
4.929510000000e+02  3.265550000000e-01
2.227640000000e+02  5.000000000000e-01
1.035300000000e+02  4.492160000000e-01
4.800460000000e+01  1.442790000000e-01
S 7   1
1.955590000000e+03 -1.011040000000e-03
6.060010000000e+02 -1.020170000000e-02
2.347320000000e+02 -4.601590000000e-02
1.035970000000e+02 -9.671770000000e-02
2.393570000000e+01  3.518080000000e-01
1.193450000000e+01  5.000000000000e-01
5.925580000000e+00  1.941080000000e-01
S 4   1
1.953390000000e+01 -1.051560000000e-01
9.905480000000e+00 -2.407610000000e-01
3.215040000000e+00  4.442190000000e-01
1.578110000000e+00  5.000000000000e-01
S 2   1
1.795650000000e+00  3.588590000000e-01
7.783610000000e-01  5.000000000000e-01
S 1   1
2.363330000000e-01  1.000000000000e+00
S 1   1
9.857550000000e-02  1.000000000000e+00
S 1   1
3.935850000000e-02  1.000000000000e+00
S 1   1
1.455300000000e-02  1.000000000000e+00
P 10   1
1.910780000000e+04  7.708610000000e-05
4.535440000000e+03  6.823120000000e-04
1.475450000000e+03  3.916460000000e-03
5.656280000000e+02  1.696480000000e-02
2.424280000000e+02  5.850160000000e-02
1.105610000000e+02  1.619150000000e-01
5.297560000000e+01  3.413750000000e-01
2.617180000000e+01  5.000000000000e-01
1.312700000000e+01  4.270210000000e-01
6.483930000000e+00  1.523520000000e-01
P 5   1
8.012790000000e+01 -7.414510000000e-03
3.067810000000e+01 -3.251420000000e-02
6.276050000000e+00  2.720640000000e-01
3.307800000000e+00  5.000000000000e-01
1.800370000000e+00  5.209680000000e-01
P 1   1
9.405470000000e-01  1.000000000000e+00
P 1   1
4.444170000000e-01  1.000000000000e+00
P 1   1
1.460000000000e-01  1.000000000000e+00
P 1   1
4.500700000000e-02  1.000000000000e+00
D 7   1
3.655120000000e+02  9.424220000000e-04
1.095960000000e+02  8.271090000000e-03
4.256380000000e+01  3.936210000000e-02
1.877350000000e+01  1.261540000000e-01
8.553390000000e+00  2.949240000000e-01
4.017590000000e+00  4.520740000000e-01
1.853880000000e+00  5.000000000000e-01
D 1   1
8.222450000000e-01  1.000000000000e+00
D 1   1
3.433040000000e-01  1.000000000000e+00
D 1   1
1.288280000000e-01  1.000000000000e+00
D 1   1
4.496900000000e-02  1.000000000000e+00
F 1   1
8.511000000000e+00  1.000000000000e+00
F 1   1
2.364000000000e+00  1.000000000000e+00
F 1   1
6.570000000000e-01  1.000000000000e+00
F 1   1
1.800300000000e-01  1.000000000000e+00
G 1   1
5.674000000000e+00  1.000000000000e+00
G 1   1
1.261000000000e+00  1.000000000000e+00
G 1   1
2.250300000000e-01  1.000000000000e+00
H 1   1
2.875000000000e+00  1.000000000000e+00
H 1   1
2.700400000000e-01  1.000000000000e+00
@END

@ATOMBASIS ZN
S 12   1
6.731540000000e+06  1.035520000000e-05
1.009820000000e+06  8.035210000000e-05
2.300660000000e+05  4.220880000000e-04
6.521410000000e+04  1.779560000000e-03
2.127390000000e+04  6.463040000000e-03
7.670820000000e+03  2.086670000000e-02
2.988430000000e+03  6.010110000000e-02
1.233650000000e+03  1.537090000000e-01
5.329750000000e+02  3.249900000000e-01
2.406010000000e+02  5.000000000000e-01
1.117370000000e+02  4.524830000000e-01
5.177180000000e+01  1.466660000000e-01
S 7   1
2.095670000000e+03 -1.015860000000e-03
6.488310000000e+02 -1.026570000000e-02
2.513750000000e+02 -4.630390000000e-02
1.110680000000e+02 -9.703000000000e-02
2.581340000000e+01  3.512530000000e-01
1.289760000000e+01  5.000000000000e-01
6.414410000000e+00  1.937630000000e-01
S 4   1
2.092720000000e+01 -1.108770000000e-01
1.065070000000e+01 -2.427710000000e-01
3.524580000000e+00  4.452710000000e-01
1.728260000000e+00  5.000000000000e-01
S 2   1
1.921880000000e+00  3.754560000000e-01
8.403260000000e-01  5.000000000000e-01
S 1   1
2.438680000000e-01  1.000000000000e+00
S 1   1
1.011240000000e-01  1.000000000000e+00
S 1   1
4.038310000000e-02  1.000000000000e+00
S 1   1
1.493400000000e-02  1.000000000000e+00
P 10   1
1.994290000000e+04  8.062700000000e-05
4.725720000000e+03  7.153570000000e-04
1.535380000000e+03  4.112640000000e-03
5.876760000000e+02  1.784570000000e-02
2.518350000000e+02  6.112610000000e-02
1.150410000000e+02  1.676990000000e-01
5.520940000000e+01  3.490290000000e-01
2.731790000000e+01  5.000000000000e-01
1.371640000000e+01  4.111780000000e-01
6.786970000000e+00  1.374440000000e-01
P 5   1
8.655520000000e+01 -6.925610000000e-03
3.315840000000e+01 -3.025750000000e-02
6.801980000000e+00  2.596160000000e-01
3.477620000000e+00  5.000000000000e-01
1.811650000000e+00  4.892530000000e-01
P 1   1
9.323880000000e-01  1.000000000000e+00
P 1   1
4.478980000000e-01  1.000000000000e+00
P 1   1
1.580000000000e-01  1.000000000000e+00
P 1   1
5.206300000000e-02  1.000000000000e+00
D 7   1
3.974930000000e+02  9.498300000000e-04
1.192070000000e+02  8.371300000000e-03
4.627850000000e+01  4.014250000000e-02
2.040950000000e+01  1.287390000000e-01
9.323680000000e+00  2.992310000000e-01
4.384950000000e+00  4.553200000000e-01
2.025120000000e+00  5.000000000000e-01
D 1   1
8.985770000000e-01  1.000000000000e+00
D 1   1
3.750130000000e-01  1.000000000000e+00
D 1   1
1.406110000000e-01  1.000000000000e+00
D 1   1
4.904400000000e-02  1.000000000000e+00
F 1   1
9.363000000000e+00  1.000000000000e+00
F 1   1
2.601000000000e+00  1.000000000000e+00
F 1   1
7.220000000000e-01  1.000000000000e+00
F 1   1
2.082500000000e-01  1.000000000000e+00
G 1   1
6.242000000000e+00  1.000000000000e+00
G 1   1
1.387000000000e+00  1.000000000000e+00
G 1   1
2.603100000000e-01  1.000000000000e+00
H 1   1
3.162000000000e+00  1.000000000000e+00
H 1   1
3.123800000000e-01  1.000000000000e+00
@END

@ATOMBASIS GA
S 12   1
7.222770000000e+06  1.031910000000e-05
1.082840000000e+06  8.011010000000e-05
2.466970000000e+05  4.205310000000e-04
6.996370000000e+04  1.771390000000e-03
2.284770000000e+04  6.419710000000e-03
8.252510000000e+03  2.068130000000e-02
3.218230000000e+03  5.960390000000e-02
1.328220000000e+03  1.527640000000e-01
5.736160000000e+02  3.237350000000e-01
2.588900000000e+02  5.000000000000e-01
1.202180000000e+02  4.552690000000e-01
5.570460000000e+01  1.490240000000e-01
S 7   1
2.224980000000e+03 -1.035110000000e-03
6.897300000000e+02 -1.043170000000e-02
2.674210000000e+02 -4.692040000000e-02
1.184400000000e+02 -9.736260000000e-02
2.786520000000e+01  3.475180000000e-01
1.400720000000e+01  5.000000000000e-01
7.006190000000e+00  1.989340000000e-01
S 4   1
2.254530000000e+01 -1.151350000000e-01
1.157720000000e+01 -2.504240000000e-01
3.796600000000e+00  4.576080000000e-01
1.889250000000e+00  5.000000000000e-01
S 2   1
2.117570000000e+00  3.758800000000e-01
9.483090000000e-01  5.000000000000e-01
S 1   1
3.082200000000e-01  1.000000000000e+00
S 1   1
1.351770000000e-01  1.000000000000e+00
S 1   1
5.569390000000e-02  1.000000000000e+00
S 1   1
2.119900000000e-02  1.000000000000e+00
P 10   1
2.012500000000e+04  8.794430000000e-05
4.785780000000e+03  7.752950000000e-04
1.557950000000e+03  4.440670000000e-03
5.961590000000e+02  1.927280000000e-02
2.552730000000e+02  6.549110000000e-02
1.166300000000e+02  1.776190000000e-01
5.594730000000e+01  3.621860000000e-01
2.763730000000e+01  5.000000000000e-01
1.382290000000e+01  3.829660000000e-01
6.799060000000e+00  1.116020000000e-01
P 5   1
9.448080000000e+01 -5.971550000000e-03
3.609610000000e+01 -2.668960000000e-02
7.231200000000e+00  2.483010000000e-01
3.502560000000e+00  5.000000000000e-01
1.665560000000e+00  5.048100000000e-01
P 2   1
1.590150000000e+00 -1.791630000000e-01
7.730700000000e-01  5.000000000000e-01
P 1   1
2.580330000000e-01  1.000000000000e+00
P 1   1
9.331530000000e-02  1.000000000000e+00
P 1   1
3.224390000000e-02  1.000000000000e+00
P 1   1
1.042100000000e-02  1.000000000000e+00
D 8   1
5.031750000000e+02  6.890490000000e-04
1.520820000000e+02  6.114470000000e-03
5.940590000000e+01  3.067160000000e-02
2.593330000000e+01  1.083930000000e-01
1.178660000000e+01  2.651600000000e-01
5.590340000000e+00  4.333390000000e-01
2.621190000000e+00  5.000000000000e-01
1.191180000000e+00  4.321120000000e-01
D 1   1
5.145670000000e-01  1.000000000000e+00
D 1   1
2.031820000000e-01  1.000000000000e+00
D 1   1
8.100000000000e-02  1.000000000000e+00
D 1   1
2.990700000000e-02  1.000000000000e+00
F 1   1
1.160000000000e+00  1.000000000000e+00
F 1   1
2.900000000000e-01  1.000000000000e+00
F 1   1
4.168500000000e-02  1.000000000000e+00
G 1   1
4.400000000000e-01  1.000000000000e+00
G 1   1
5.210600000000e-02  1.000000000000e+00
@END

@ATOMBASIS GE
S 12   1
7.593540000000e+06  1.051360000000e-05
1.139810000000e+06  8.148710000000e-05
2.597860000000e+05  4.278070000000e-04
7.366840000000e+04  1.802260000000e-03
2.405830000000e+04  6.530120000000e-03
8.690600000000e+03  2.102590000000e-02
3.391510000000e+03  6.044550000000e-02
1.402230000000e+03  1.542680000000e-01
6.071840000000e+02  3.252490000000e-01
2.748750000000e+02  5.000000000000e-01
1.280180000000e+02  4.542780000000e-01
5.946880000000e+01  1.488590000000e-01
S 7   1
2.350340000000e+03 -1.056310000000e-03
7.298390000000e+02 -1.057860000000e-02
2.836810000000e+02 -4.722280000000e-02
1.261170000000e+02 -9.705580000000e-02
2.989460000000e+01  3.463530000000e-01
1.502520000000e+01  5.000000000000e-01
7.513450000000e+00  1.963530000000e-01
S 4   1
2.416030000000e+01 -1.161530000000e-01
1.250120000000e+01 -2.480050000000e-01
4.067070000000e+00  4.597150000000e-01
2.030050000000e+00  5.000000000000e-01
S 2   1
2.331300000000e+00  3.796620000000e-01
1.049770000000e+00  5.000000000000e-01
S 1   1
3.892280000000e-01  1.000000000000e+00
S 1   1
1.746260000000e-01  1.000000000000e+00
S 1   1
7.228630000000e-02  1.000000000000e+00
S 1   1
2.763500000000e-02  1.000000000000e+00
P 10   1
2.187140000000e+04  8.555270000000e-05
5.205610000000e+03  7.533010000000e-04
1.695460000000e+03  4.314510000000e-03
6.494090000000e+02  1.872250000000e-02
2.781980000000e+02  6.391630000000e-02
1.270980000000e+02  1.744600000000e-01
6.093150000000e+01  3.592780000000e-01
3.009770000000e+01  5.000000000000e-01
1.507520000000e+01  3.870620000000e-01
7.435230000000e+00  1.150810000000e-01
P 5   1
1.012630000000e+02 -6.054650000000e-03
3.873700000000e+01 -2.690230000000e-02
7.852220000000e+00  2.464060000000e-01
3.808660000000e+00  5.000000000000e-01
1.852840000000e+00  4.891070000000e-01
P 2   1
2.030760000000e+00 -1.613810000000e-01
8.616190000000e-01  5.000000000000e-01
P 1   1
3.208200000000e-01  1.000000000000e+00
P 1   1
1.230870000000e-01  1.000000000000e+00
P 1   1
4.452030000000e-02  1.000000000000e+00
P 1   1
1.501700000000e-02  1.000000000000e+00
D 8   1
5.895810000000e+02  5.891950000000e-04
1.787010000000e+02  5.272350000000e-03
6.977940000000e+01  2.727350000000e-02
3.032590000000e+01  1.001570000000e-01
1.383780000000e+01  2.493820000000e-01
6.620720000000e+00  4.221460000000e-01
3.144670000000e+00  5.000000000000e-01
1.457740000000e+00  4.319540000000e-01
D 1   1
6.465730000000e-01  1.000000000000e+00
D 1   1
2.642970000000e-01  1.000000000000e+00
D 1   1
1.040000000000e-01  1.000000000000e+00
D 1   1
3.793800000000e-02  1.000000000000e+00
F 1   1
1.280000000000e+00  1.000000000000e+00
F 1   1
3.200000000000e-01  1.000000000000e+00
F 1   1
6.006600000000e-02  1.000000000000e+00
G 1   1
4.800000000000e-01  1.000000000000e+00
G 1   1
7.508300000000e-02  1.000000000000e+00
@END

@ATOMBASIS AS
S 12   1
8.055930000000e+06  1.054600000000e-05
1.206840000000e+06  8.193070000000e-05
2.747180000000e+05  4.306930000000e-04
7.786880000000e+04  1.814310000000e-03
2.543280000000e+04  6.571110000000e-03
9.188780000000e+03  2.114830000000e-02
3.588210000000e+03  6.068070000000e-02
1.485420000000e+03  1.545750000000e-01
6.436400000000e+02  3.258180000000e-01
2.914110000000e+02  5.000000000000e-01
1.358320000000e+02  4.520610000000e-01
6.321620000000e+01  1.473610000000e-01
S 7   1
2.540510000000e+03 -1.026620000000e-03
7.878290000000e+02 -1.036660000000e-02
3.052600000000e+02 -4.700240000000e-02
1.350210000000e+02 -9.807460000000e-02
3.190480000000e+01  3.484020000000e-01
1.605350000000e+01  5.000000000000e-01
8.035900000000e+00  1.948320000000e-01
S 4   1
2.593650000000e+01 -9.892640000000e-02
1.358370000000e+01 -2.109070000000e-01
4.218760000000e+00  4.349550000000e-01
2.075460000000e+00  5.000000000000e-01
S 2   1
2.555950000000e+00  3.354780000000e-01
1.088400000000e+00  5.000000000000e-01
S 1   1
5.286970000000e-01  1.000000000000e+00
S 1   1
2.258510000000e-01  1.000000000000e+00
S 1   1
9.150110000000e-02  1.000000000000e+00
S 1   1
3.429200000000e-02  1.000000000000e+00
P 10   1
2.383140000000e+04  8.287600000000e-05
5.659670000000e+03  7.328180000000e-04
1.840730000000e+03  4.210250000000e-03
7.042110000000e+02  1.834300000000e-02
3.013380000000e+02  6.291740000000e-02
1.376820000000e+02  1.723020000000e-01
6.604160000000e+01  3.570820000000e-01
3.266900000000e+01  5.000000000000e-01
1.640850000000e+01  3.916550000000e-01
8.121400000000e+00  1.193580000000e-01
P 5   1
1.088400000000e+02 -5.913780000000e-03
4.160860000000e+01 -2.638970000000e-02
8.463150000000e+00  2.416930000000e-01
4.078070000000e+00  5.000000000000e-01
2.012170000000e+00  4.500450000000e-01
P 2   1
2.645650000000e+00 -1.543060000000e-01
9.415430000000e-01  5.000000000000e-01
P 1   1
3.893280000000e-01  1.000000000000e+00
P 1   1
1.547840000000e-01  1.000000000000e+00
P 1   1
5.745730000000e-02  1.000000000000e+00
P 1   1
1.985500000000e-02  1.000000000000e+00
D 8   1
7.217950000000e+02  4.641300000000e-04
2.190390000000e+02  4.234040000000e-03
8.511860000000e+01  2.299790000000e-02
3.674660000000e+01  8.847140000000e-02
1.693300000000e+01  2.246340000000e-01
8.227800000000e+00  4.020690000000e-01
3.998340000000e+00  5.000000000000e-01
1.913020000000e+00  4.515320000000e-01
D 1   1
8.803680000000e-01  1.000000000000e+00
D 1   1
3.744800000000e-01  1.000000000000e+00
D 1   1
1.100000000000e-01  1.000000000000e+00
D 1   1
3.051900000000e-02  1.000000000000e+00
F 1   1
1.410000000000e+00  1.000000000000e+00
F 1   1
3.500000000000e-01  1.000000000000e+00
F 1   1
7.941900000000e-02  1.000000000000e+00
G 1   1
5.300000000000e-01  1.000000000000e+00
G 1   1
9.927400000000e-02  1.000000000000e+00
@END

@ATOMBASIS SE
S 12   1
8.606000000000e+06  1.049130000000e-05
1.289730000000e+06  8.147310000000e-05
2.937730000000e+05  4.278400000000e-04
8.327900000000e+04  1.803800000000e-03
2.717730000000e+04  6.541150000000e-03
9.820990000000e+03  2.101390000000e-02
3.840520000000e+03  6.019300000000e-02
1.591120000000e+03  1.535510000000e-01
6.894690000000e+02  3.244870000000e-01
3.122060000000e+02  5.000000000000e-01
1.455680000000e+02  4.558110000000e-01
6.775200000000e+01  1.508770000000e-01
S 7   1
2.701490000000e+03 -1.029410000000e-03
8.376770000000e+02 -1.040240000000e-02
3.244650000000e+02 -4.725880000000e-02
1.435680000000e+02 -9.849050000000e-02
3.404860000000e+01  3.489110000000e-01
1.717120000000e+01  5.000000000000e-01
8.642860000000e+00  1.951150000000e-01
S 4   1
2.761460000000e+01 -1.199010000000e-01
1.447890000000e+01 -2.503630000000e-01
4.632210000000e+00  4.757770000000e-01
2.340880000000e+00  5.000000000000e-01
S 2   1
2.804280000000e+00  3.956620000000e-01
1.280230000000e+00  5.000000000000e-01
S 1   1
5.511240000000e-01  1.000000000000e+00
S 1   1
2.521320000000e-01  1.000000000000e+00
S 1   1
1.051460000000e-01  1.000000000000e+00
S 1   1
4.047300000000e-02  1.000000000000e+00
P 10   1
2.516290000000e+04  8.366260000000e-05
5.969040000000e+03  7.415630000000e-04
1.939990000000e+03  4.262610000000e-03
7.422200000000e+02  1.856550000000e-02
3.176320000000e+02  6.362120000000e-02
1.451950000000e+02  1.738170000000e-01
6.968210000000e+01  3.592530000000e-01
3.444060000000e+01  5.000000000000e-01
1.727500000000e+01  3.834960000000e-01
8.557290000000e+00  1.120590000000e-01
P 5   1
1.184180000000e+02 -5.460990000000e-03
4.505040000000e+01 -2.518100000000e-02
8.966610000000e+00  2.421250000000e-01
4.219120000000e+00  5.000000000000e-01
1.983550000000e+00  3.917020000000e-01
P 2   1
3.251300000000e+00 -7.950680000000e-02
8.708900000000e-01  5.000000000000e-01
P 1   1
4.037340000000e-01  1.000000000000e+00
P 1   1
1.644880000000e-01  1.000000000000e+00
P 1   1
6.224490000000e-02  1.000000000000e+00
P 1   1
2.189700000000e-02  1.000000000000e+00
D 8   1
7.619510000000e+02  4.759200000000e-04
2.316210000000e+02  4.327330000000e-03
9.019540000000e+01  2.339400000000e-02
3.904340000000e+01  8.968570000000e-02
1.796220000000e+01  2.291500000000e-01
8.683500000000e+00  4.074640000000e-01
4.187320000000e+00  5.000000000000e-01
1.988990000000e+00  4.261980000000e-01
D 1   1
9.106430000000e-01  1.000000000000e+00
D 1   1
3.853980000000e-01  1.000000000000e+00
D 1   1
1.520000000000e-01  1.000000000000e+00
D 1   1
5.556500000000e-02  1.000000000000e+00
F 1   1
1.550000000000e+00  1.000000000000e+00
F 1   1
3.900000000000e-01  1.000000000000e+00
F 1   1
8.758900000000e-02  1.000000000000e+00
G 1   1
5.800000000000e-01  1.000000000000e+00
G 1   1
1.094900000000e-01  1.000000000000e+00
@END

@ATOMBASIS BR
S 12   1
9.188180000000e+06  1.040080000000e-05
1.374910000000e+06  8.093920000000e-05
3.128210000000e+05  4.256540000000e-04
8.860930000000e+04  1.795540000000e-03
2.891100000000e+04  6.512620000000e-03
1.043970000000e+04  2.096350000000e-02
4.077450000000e+03  6.013380000000e-02
1.688870000000e+03  1.532540000000e-01
7.323270000000e+02  3.237750000000e-01
3.316660000000e+02  5.000000000000e-01
1.545830000000e+02  4.564340000000e-01
7.195860000000e+01  1.509880000000e-01
S 7   1
2.863220000000e+03 -1.034290000000e-03
8.885960000000e+02 -1.043270000000e-02
3.444890000000e+02 -4.741420000000e-02
1.524620000000e+02 -9.895510000000e-02
3.629350000000e+01  3.481810000000e-01
1.836600000000e+01  5.000000000000e-01
9.289480000000e+00  1.966280000000e-01
S 4   1
2.906320000000e+01 -1.431060000000e-01
1.512020000000e+01 -2.804020000000e-01
5.172780000000e+00  4.822720000000e-01
2.649550000000e+00  5.000000000000e-01
S 2   1
3.054120000000e+00  4.492270000000e-01
1.439830000000e+00  5.000000000000e-01
S 1   1
5.819950000000e-01  1.000000000000e+00
S 1   1
2.699710000000e-01  1.000000000000e+00
S 1   1
1.155090000000e-01  1.000000000000e+00
S 1   1
4.552600000000e-02  1.000000000000e+00
P 10   1
2.683060000000e+04  8.245620000000e-05
6.370940000000e+03  7.293710000000e-04
2.072020000000e+03  4.191500000000e-03
7.928320000000e+02  1.828150000000e-02
3.390130000000e+02  6.292120000000e-02
1.546960000000e+02  1.729190000000e-01
7.400620000000e+01  3.598060000000e-01
3.642730000000e+01  5.000000000000e-01
1.821110000000e+01  3.764330000000e-01
9.020350000000e+00  1.056100000000e-01
P 5   1
1.268320000000e+02 -5.412860000000e-03
4.821600000000e+01 -2.513510000000e-02
9.606940000000e+00  2.423110000000e-01
4.510460000000e+00  5.000000000000e-01
2.104360000000e+00  3.762610000000e-01
P 2   1
3.858810000000e+00 -5.825900000000e-02
8.975350000000e-01  5.000000000000e-01
P 1   1
4.283950000000e-01  1.000000000000e+00
P 1   1
1.800590000000e-01  1.000000000000e+00
P 1   1
7.040690000000e-02  1.000000000000e+00
P 1   1
2.553400000000e-02  1.000000000000e+00
D 8   1
8.265250000000e+02  4.688450000000e-04
2.511820000000e+02  4.283880000000e-03
9.781460000000e+01  2.326520000000e-02
4.242600000000e+01  8.932870000000e-02
1.959050000000e+01  2.287110000000e-01
9.510520000000e+00  4.072520000000e-01
4.614360000000e+00  5.000000000000e-01
2.210470000000e+00  4.172720000000e-01
D 1   1
1.020160000000e+00  1.000000000000e+00
D 1   1
4.301630000000e-01  1.000000000000e+00
D 1   1
1.670000000000e-01  1.000000000000e+00
D 1   1
6.016200000000e-02  1.000000000000e+00
F 1   1
1.700000000000e+00  1.000000000000e+00
F 1   1
4.300000000000e-01  1.000000000000e+00
F 1   1
1.021400000000e-01  1.000000000000e+00
G 1   1
6.400000000000e-01  1.000000000000e+00
G 1   1
1.276700000000e-01  1.000000000000e+00
@END

@ATOMBASIS KR
S 12   1
9.743360000000e+06  1.037160000000e-05
1.460000000000e+06  8.058130000000e-05
3.325010000000e+05  4.231720000000e-04
9.426370000000e+04  1.783470000000e-03
3.078310000000e+04  6.460320000000e-03
1.112270000000e+04  2.079640000000e-02
4.342500000000e+03  5.977980000000e-02
1.796250000000e+03  1.528020000000e-01
7.778440000000e+02  3.234770000000e-01
3.520810000000e+02  5.000000000000e-01
1.641530000000e+02  4.572670000000e-01
7.646570000000e+01  1.520730000000e-01
S 7   1
3.042730000000e+03 -1.032690000000e-03
9.430170000000e+02 -1.046160000000e-02
3.650920000000e+02 -4.773560000000e-02
1.614980000000e+02 -9.957530000000e-02
3.866870000000e+01  3.463850000000e-01
1.967180000000e+01  5.000000000000e-01
1.001590000000e+01  2.009070000000e-01
S 4   1
3.076020000000e+01 -1.626250000000e-01
1.596350000000e+01 -3.098070000000e-01
5.645680000000e+00  5.041100000000e-01
2.919970000000e+00  5.000000000000e-01
S 2   1
3.320090000000e+00  4.881620000000e-01
1.596590000000e+00  5.000000000000e-01
S 1   1
6.341500000000e-01  1.000000000000e+00
S 1   1
2.917440000000e-01  1.000000000000e+00
S 1   1
1.257480000000e-01  1.000000000000e+00
S 1   1
4.989800000000e-02  1.000000000000e+00
P 10   1
2.858060000000e+04  8.245240000000e-05
6.756660000000e+03  7.353380000000e-04
2.190940000000e+03  4.243560000000e-03
8.373630000000e+02  1.852070000000e-02
3.583540000000e+02  6.349970000000e-02
1.640320000000e+02  1.734630000000e-01
7.876660000000e+01  3.599510000000e-01
3.891520000000e+01  5.000000000000e-01
1.952600000000e+01  3.783900000000e-01
9.699460000000e+00  1.074000000000e-01
P 5   1
1.349480000000e+02 -5.461490000000e-03
5.133550000000e+01 -2.532880000000e-02
1.031470000000e+01  2.414040000000e-01
4.860350000000e+00  5.000000000000e-01
2.274960000000e+00  3.692300000000e-01
P 2   1
4.426130000000e+00 -5.073360000000e-02
9.657050000000e-01  5.000000000000e-01
P 1   1
4.618270000000e-01  1.000000000000e+00
P 1   1
1.982840000000e-01  1.000000000000e+00
P 1   1
7.961120000000e-02  1.000000000000e+00
P 1   1
2.958800000000e-02  1.000000000000e+00
D 8   1
1.002830000000e+03  3.751440000000e-04
3.064660000000e+02  3.460530000000e-03
1.191290000000e+02  1.950560000000e-02
5.170360000000e+01  7.699490000000e-02
2.432110000000e+01  2.002550000000e-01
1.204300000000e+01  3.809010000000e-01
6.006750000000e+00  5.000000000000e-01
2.981390000000e+00  4.607630000000e-01
D 1   1
1.431500000000e+00  1.000000000000e+00
D 1   1
6.397660000000e-01  1.000000000000e+00
D 1   1
2.570000000000e-01  1.000000000000e+00
D 1   1
9.556200000000e-02  1.000000000000e+00
F 1   1
1.870000000000e+00  1.000000000000e+00
F 1   1
4.700000000000e-01  1.000000000000e+00
F 1   1
1.183500000000e-01  1.000000000000e+00
G 1   1
7.000000000000e-01  1.000000000000e+00
G 1   1
1.479400000000e-01  1.000000000000e+00
@END
b1926e4331f49b0e987fb1089b09a0d4