@BASIS_SET DAUG-CC-PCVTZ

@ATOMBASIS H
S 3   1
3.387000000000e+01  6.068000000000e-03
5.095000000000e+00  4.530800000000e-02
1.159000000000e+00  2.028220000000e-01
S 1   1
3.258000000000e-01  1.000000000000e+00
S 1   1
1.027000000000e-01  1.000000000000e+00
S 1   1
2.526000000000e-02  1.000000000000e+00
S 1   1
6.212927000000e-03  1.000000000000e+00
P 1   1
1.407000000000e+00  1.000000000000e+00
P 1   1
3.880000000000e-01  1.000000000000e+00
P 1   1
1.020000000000e-01  1.000000000000e+00
P 1   1
2.681443000000e-02  1.000000000000e+00
D 1   1
1.057000000000e+00  1.000000000000e+00
D 1   1
2.470000000000e-01  1.000000000000e+00
D 1   1
5.771902000000e-02  1.000000000000e+00
@END

@ATOMBASIS HE
S 4   1
2.340000000000e+02  2.587000000000e-03
3.516000000000e+01  1.953300000000e-02
7.989000000000e+00  9.099800000000e-02
2.212000000000e+00  2.720500000000e-01
S 1   1
6.669000000000e-01  1.000000000000e+00
S 1   1
2.089000000000e-01  1.000000000000e+00
S 1   1
5.138000000000e-02  1.000000000000e+00
S 1   1
1.263717000000e-02  1.000000000000e+00
P 1   1
3.044000000000e+00  1.000000000000e+00
P 1   1
7.580000000000e-01  1.000000000000e+00
P 1   1
1.993000000000e-01  1.000000000000e+00
P 1   1
5.240170000000e-02  1.000000000000e+00
D 1   1
1.965000000000e+00  1.000000000000e+00
D 1   1
4.592000000000e-01  1.000000000000e+00
D 1   1
1.073102000000e-01  1.000000000000e+00
@END

@ATOMBASIS LI
S 9   1
5.988000000000e+03  1.330000000000e-04
8.989000000000e+02  1.025000000000e-03
2.059000000000e+02  5.272000000000e-03
5.924000000000e+01  2.092900000000e-02
1.987000000000e+01  6.634000000000e-02
7.406000000000e+00  1.657750000000e-01
2.930000000000e+00  3.150380000000e-01
1.189000000000e+00  3.935230000000e-01
4.798000000000e-01  1.908700000000e-01
S 9   1
5.988000000000e+03 -2.100000000000e-05
8.989000000000e+02 -1.610000000000e-04
2.059000000000e+02 -8.200000000000e-04
5.924000000000e+01 -3.326000000000e-03
1.987000000000e+01 -1.051900000000e-02
7.406000000000e+00 -2.809700000000e-02
2.930000000000e+00 -5.593600000000e-02
1.189000000000e+00 -9.923700000000e-02
4.798000000000e-01 -1.121890000000e-01
S 1   1
7.509000000000e-02  1.000000000000e+00
S 1   1
2.832000000000e-02  1.000000000000e+00
S 1   1
7.600000000000e-03  1.000000000000e+00
S 1   1
1.974000000000e+00  1.000000000000e+00
S 1   1
6.830000000000e-01  1.000000000000e+00
S 1   1
2.039548000000e-03  1.000000000000e+00
P 3   1
3.266000000000e+00  8.630000000000e-03
6.511000000000e-01  4.753800000000e-02
1.696000000000e-01  2.097720000000e-01
P 1   1
5.578000000000e-02  1.000000000000e+00
P 1   1
2.050000000000e-02  1.000000000000e+00
P 1   1
9.100000000000e-03  1.000000000000e+00
P 1   1
7.320000000000e+00  1.000000000000e+00
P 1   1
1.875000000000e+00  1.000000000000e+00
P 1   1
4.039512000000e-03  1.000000000000e+00
D 1   1
1.874000000000e-01  1.000000000000e+00
D 1   1
8.010000000000e-02  1.000000000000e+00
D 1   1
3.710000000000e-02  1.000000000000e+00
D 1   1
4.912000000000e+00  1.000000000000e+00
D 1   1
1.718365000000e-02  1.000000000000e+00
F 1   1
1.829000000000e-01  1.000000000000e+00
F 1   1
8.160000000000e-02  1.000000000000e+00
F 1   1
3.640547000000e-02  1.000000000000e+00
@END

@ATOMBASIS BE
S 9   1
6.863000000000e+03  2.360000000000e-04
1.030000000000e+03  1.826000000000e-03
2.347000000000e+02  9.452000000000e-03
6.656000000000e+01  3.795700000000e-02
2.169000000000e+01  1.199650000000e-01
7.734000000000e+00  2.821620000000e-01
2.916000000000e+00  4.274040000000e-01
1.130000000000e+00  2.662780000000e-01
1.101000000000e-01 -7.275000000000e-03
S 9   1
6.863000000000e+03 -4.300000000000e-05
1.030000000000e+03 -3.330000000000e-04
2.347000000000e+02 -1.736000000000e-03
6.656000000000e+01 -7.012000000000e-03
2.169000000000e+01 -2.312600000000e-02
7.734000000000e+00 -5.813800000000e-02
2.916000000000e+00 -1.145560000000e-01
1.130000000000e+00 -1.359080000000e-01
1.101000000000e-01  5.774410000000e-01
S 1   1
2.577000000000e-01  1.000000000000e+00
S 1   1
4.409000000000e-02  1.000000000000e+00
S 1   1
1.503000000000e-02  1.000000000000e+00
S 1   1
4.604000000000e+00  1.000000000000e+00
S 1   1
1.617000000000e+00  1.000000000000e+00
S 1   1
5.123631000000e-03  1.000000000000e+00
P 3   1
7.436000000000e+00  1.073600000000e-02
1.577000000000e+00  6.285400000000e-02
4.352000000000e-01  2.481800000000e-01
P 1   1
1.438000000000e-01  1.000000000000e+00
P 1   1
4.994000000000e-02  1.000000000000e+00
P 1   1
7.060000000000e-03  1.000000000000e+00
P 1   1
1.449700000000e+01  1.000000000000e+00
P 1   1
3.787000000000e+00  1.000000000000e+00
P 1   1
9.980697000000e-04  1.000000000000e+00
D 1   1
3.480000000000e-01  1.000000000000e+00
D 1   1
1.803000000000e-01  1.000000000000e+00
D 1   1
6.540000000000e-02  1.000000000000e+00
D 1   1
9.183000000000e+00  1.000000000000e+00
D 1   1
2.372246000000e-02  1.000000000000e+00
F 1   1
3.250000000000e-01  1.000000000000e+00
F 1   1
1.533000000000e-01  1.000000000000e+00
F 1   1
7.231043000000e-02  1.000000000000e+00
@END

@ATOMBASIS B
S 8   1
5.473000000000e+03  5.550000000000e-04
8.209000000000e+02  4.291000000000e-03
1.868000000000e+02  2.194900000000e-02
5.283000000000e+01  8.444100000000e-02
1.708000000000e+01  2.385570000000e-01
5.999000000000e+00  4.350720000000e-01
2.208000000000e+00  3.419550000000e-01
2.415000000000e-01 -9.545000000000e-03
S 8   1
5.473000000000e+03 -1.120000000000e-04
8.209000000000e+02 -8.680000000000e-04
1.868000000000e+02 -4.484000000000e-03
5.283000000000e+01 -1.768300000000e-02
1.708000000000e+01 -5.363900000000e-02
5.999000000000e+00 -1.190050000000e-01
2.208000000000e+00 -1.658240000000e-01
2.415000000000e-01  5.959810000000e-01
S 1   1
5.879000000000e-01  1.000000000000e+00
S 1   1
8.610000000000e-02  1.000000000000e+00
S 1   1
2.914000000000e-02  1.000000000000e+00
S 1   1
2.940000000000e+00  1.000000000000e+00
S 1   1
8.311000000000e+00  1.000000000000e+00
S 1   1
9.862249000000e-03  1.000000000000e+00
P 3   1
1.205000000000e+01  1.311800000000e-02
2.613000000000e+00  7.989600000000e-02
7.475000000000e-01  2.772750000000e-01
P 1   1
2.385000000000e-01  1.000000000000e+00
P 1   1
7.698000000000e-02  1.000000000000e+00
P 1   1
2.096000000000e-02  1.000000000000e+00
P 1   1
6.016000000000e+00  1.000000000000e+00
P 1   1
2.289100000000e+01  1.000000000000e+00
P 1   1
5.706958000000e-03  1.000000000000e+00
D 1   1
6.610000000000e-01  1.000000000000e+00
D 1   1
1.990000000000e-01  1.000000000000e+00
D 1   1
6.040000000000e-02  1.000000000000e+00
D 1   1
1.301500000000e+01  1.000000000000e+00
D 1   1
1.833246000000e-02  1.000000000000e+00
F 1   1
4.900000000000e-01  1.000000000000e+00
F 1   1
1.630000000000e-01  1.000000000000e+00
F 1   1
5.422245000000e-02  1.000000000000e+00
@END

@ATOMBASIS C
S 8   1
8.236000000000e+03  5.310000000000e-04
1.235000000000e+03  4.108000000000e-03
2.808000000000e+02  2.108700000000e-02
7.927000000000e+01  8.185300000000e-02
2.559000000000e+01  2.348170000000e-01
8.997000000000e+00  4.344010000000e-01
3.319000000000e+00  3.461290000000e-01
3.643000000000e-01 -8.983000000000e-03
S 8   1
8.236000000000e+03 -1.130000000000e-04
1.235000000000e+03 -8.780000000000e-04
2.808000000000e+02 -4.540000000000e-03
7.927000000000e+01 -1.813300000000e-02
2.559000000000e+01 -5.576000000000e-02
8.997000000000e+00 -1.268950000000e-01
3.319000000000e+00 -1.703520000000e-01
3.643000000000e-01  5.986840000000e-01
S 1   1
9.059000000000e-01  1.000000000000e+00
S 1   1
1.285000000000e-01  1.000000000000e+00
S 1   1
4.402000000000e-02  1.000000000000e+00
S 1   1
4.292000000000e+00  1.000000000000e+00
S 1   1
1.187600000000e+01  1.000000000000e+00
S 1   1
1.507985000000e-02  1.000000000000e+00
P 3   1
1.871000000000e+01  1.403100000000e-02
4.133000000000e+00  8.686600000000e-02
1.200000000000e+00  2.902160000000e-01
P 1   1
3.827000000000e-01  1.000000000000e+00
P 1   1
1.209000000000e-01  1.000000000000e+00
P 1   1
3.569000000000e-02  1.000000000000e+00
P 1   1
8.778000000000e+00  1.000000000000e+00
P 1   1
3.319000000000e+01  1.000000000000e+00
P 1   1
1.053578000000e-02  1.000000000000e+00
D 1   1
1.097000000000e+00  1.000000000000e+00
D 1   1
3.180000000000e-01  1.000000000000e+00
D 1   1
1.000000000000e-01  1.000000000000e+00
D 1   1
1.483900000000e+01  1.000000000000e+00
D 1   1
3.144654000000e-02  1.000000000000e+00
F 1   1
7.610000000000e-01  1.000000000000e+00
F 1   1
2.680000000000e-01  1.000000000000e+00
F 1   1
9.438108000000e-02  1.000000000000e+00
@END

@ATOMBASIS N
S 8   1
1.142000000000e+04  5.230000000000e-04
1.712000000000e+03  4.045000000000e-03
3.893000000000e+02  2.077500000000e-02
1.100000000000e+02  8.072700000000e-02
3.557000000000e+01  2.330740000000e-01
1.254000000000e+01  4.335010000000e-01
4.644000000000e+00  3.474720000000e-01
5.118000000000e-01 -8.508000000000e-03
S 8   1
1.142000000000e+04 -1.150000000000e-04
1.712000000000e+03 -8.950000000000e-04
3.893000000000e+02 -4.624000000000e-03
1.100000000000e+02 -1.852800000000e-02
3.557000000000e+01 -5.733900000000e-02
1.254000000000e+01 -1.320760000000e-01
4.644000000000e+00 -1.725100000000e-01
5.118000000000e-01  5.999440000000e-01
S 1   1
1.293000000000e+00  1.000000000000e+00
S 1   1
1.787000000000e-01  1.000000000000e+00
S 1   1
5.760000000000e-02  1.000000000000e+00
S 1   1
5.952000000000e+00  1.000000000000e+00
S 1   1
1.620100000000e+01  1.000000000000e+00
S 1   1
1.856609000000e-02  1.000000000000e+00
P 3   1
2.663000000000e+01  1.467000000000e-02
5.948000000000e+00  9.176400000000e-02
1.742000000000e+00  2.986830000000e-01
P 1   1
5.550000000000e-01  1.000000000000e+00
P 1   1
1.725000000000e-01  1.000000000000e+00
P 1   1
4.910000000000e-02  1.000000000000e+00
P 1   1
1.187100000000e+01  1.000000000000e+00
P 1   1
4.484900000000e+01  1.000000000000e+00
P 1   1
1.397571000000e-02  1.000000000000e+00
D 1   1
1.654000000000e+00  1.000000000000e+00
D 1   1
4.690000000000e-01  1.000000000000e+00
D 1   1
1.510000000000e-01  1.000000000000e+00
D 1   1
1.420000000000e+01  1.000000000000e+00
D 1   1
4.861620000000e-02  1.000000000000e+00
F 1   1
1.093000000000e+00  1.000000000000e+00
F 1   1
3.640000000000e-01  1.000000000000e+00
F 1   1
1.212223000000e-01  1.000000000000e+00
@END

@ATOMBASIS O
S 8   1
1.533000000000e+04  5.080000000000e-04
2.299000000000e+03  3.929000000000e-03
5.224000000000e+02  2.024300000000e-02
1.473000000000e+02  7.918100000000e-02
4.755000000000e+01  2.306870000000e-01
1.676000000000e+01  4.331180000000e-01
6.207000000000e+00  3.502600000000e-01
6.882000000000e-01 -8.154000000000e-03
S 8   1
1.533000000000e+04 -1.150000000000e-04
2.299000000000e+03 -8.950000000000e-04
5.224000000000e+02 -4.636000000000e-03
1.473000000000e+02 -1.872400000000e-02
4.755000000000e+01 -5.846300000000e-02
1.676000000000e+01 -1.364630000000e-01
6.207000000000e+00 -1.757400000000e-01
6.882000000000e-01  6.034180000000e-01
S 1   1
1.752000000000e+00  1.000000000000e+00
S 1   1
2.384000000000e-01  1.000000000000e+00
S 1   1
7.376000000000e-02  1.000000000000e+00
S 1   1
7.845000000000e+00  1.000000000000e+00
S 1   1
2.103200000000e+01  1.000000000000e+00
S 1   1
2.282105000000e-02  1.000000000000e+00
P 3   1
3.446000000000e+01  1.592800000000e-02
7.749000000000e+00  9.974000000000e-02
2.280000000000e+00  3.104920000000e-01
P 1   1
7.156000000000e-01  1.000000000000e+00
P 1   1
2.140000000000e-01  1.000000000000e+00
P 1   1
5.974000000000e-02  1.000000000000e+00
P 1   1
1.515900000000e+01  1.000000000000e+00
P 1   1
5.743700000000e+01  1.000000000000e+00
P 1   1
1.667695000000e-02  1.000000000000e+00
D 1   1
2.314000000000e+00  1.000000000000e+00
D 1   1
6.450000000000e-01  1.000000000000e+00
D 1   1
2.140000000000e-01  1.000000000000e+00
D 1   1
1.585800000000e+01  1.000000000000e+00
D 1   1
7.100155000000e-02  1.000000000000e+00
F 1   1
1.428000000000e+00  1.000000000000e+00
F 1   1
5.000000000000e-01  1.000000000000e+00
F 1   1
1.750700000000e-01  1.000000000000e+00
@END

@ATOMBASIS F
S 8   1
1.950000000000e+04  5.070000000000e-04
2.923000000000e+03  3.923000000000e-03
6.645000000000e+02  2.020000000000e-02
1.875000000000e+02  7.901000000000e-02
6.062000000000e+01  2.304390000000e-01
2.142000000000e+01  4.328720000000e-01
7.950000000000e+00  3.499640000000e-01
8.815000000000e-01 -7.892000000000e-03
S 8   1
1.950000000000e+04 -1.170000000000e-04
2.923000000000e+03 -9.120000000000e-04
6.645000000000e+02 -4.717000000000e-03
1.875000000000e+02 -1.908600000000e-02
6.062000000000e+01 -5.965500000000e-02
2.142000000000e+01 -1.400100000000e-01
7.950000000000e+00 -1.767820000000e-01
8.815000000000e-01  6.050430000000e-01
S 1   1
2.257000000000e+00  1.000000000000e+00
S 1   1
3.041000000000e-01  1.000000000000e+00
S 1   1
9.158000000000e-02  1.000000000000e+00
S 1   1
9.812000000000e+00  1.000000000000e+00
S 1   1
2.594300000000e+01  1.000000000000e+00
S 1   1
2.757940000000e-02  1.000000000000e+00
P 3   1
4.388000000000e+01  1.666500000000e-02
9.926000000000e+00  1.044720000000e-01
2.930000000000e+00  3.172600000000e-01
P 1   1
9.132000000000e-01  1.000000000000e+00
P 1   1
2.672000000000e-01  1.000000000000e+00
P 1   1
7.361000000000e-02  1.000000000000e+00
P 1   1
1.875600000000e+01  1.000000000000e+00
P 1   1
7.134800000000e+01  1.000000000000e+00
P 1   1
2.027856000000e-02  1.000000000000e+00
D 1   1
3.107000000000e+00  1.000000000000e+00
D 1   1
8.550000000000e-01  1.000000000000e+00
D 1   1
2.920000000000e-01  1.000000000000e+00
D 1   1
1.910800000000e+01  1.000000000000e+00
D 1   1
9.972398000000e-02  1.000000000000e+00
F 1   1
1.917000000000e+00  1.000000000000e+00
F 1   1
7.240000000000e-01  1.000000000000e+00
F 1   1
2.734356000000e-01  1.000000000000e+00
@END

@ATOMBASIS NE
S 8   1
2.435000000000e+04  5.020000000000e-04
3.650000000000e+03  3.881000000000e-03
8.296000000000e+02  1.999700000000e-02
2.340000000000e+02  7.841800000000e-02
7.561000000000e+01  2.296760000000e-01
2.673000000000e+01  4.327220000000e-01
9.927000000000e+00  3.506420000000e-01
1.102000000000e+00 -7.645000000000e-03
S 8   1
2.435000000000e+04 -1.180000000000e-04
3.650000000000e+03 -9.150000000000e-04
8.296000000000e+02 -4.737000000000e-03
2.340000000000e+02 -1.923300000000e-02
7.561000000000e+01 -6.036900000000e-02
2.673000000000e+01 -1.425080000000e-01
9.927000000000e+00 -1.777100000000e-01
1.102000000000e+00  6.058360000000e-01
S 1   1
2.836000000000e+00  1.000000000000e+00
S 1   1
3.782000000000e-01  1.000000000000e+00
S 1   1
1.133000000000e-01  1.000000000000e+00
S 1   1
1.208300000000e+01  1.000000000000e+00
S 1   1
3.194700000000e+01  1.000000000000e+00
S 1   1
3.394207000000e-02  1.000000000000e+00
P 3   1
5.470000000000e+01  1.715100000000e-02
1.243000000000e+01  1.076560000000e-01
3.679000000000e+00  3.216810000000e-01
P 1   1
1.143000000000e+00  1.000000000000e+00
P 1   1
3.300000000000e-01  1.000000000000e+00
P 1   1
9.175000000000e-02  1.000000000000e+00
P 1   1
2.282700000000e+01  1.000000000000e+00
P 1   1
8.701700000000e+01  1.000000000000e+00
P 1   1
2.550928000000e-02  1.000000000000e+00
D 1   1
4.014000000000e+00  1.000000000000e+00
D 1   1
1.096000000000e+00  1.000000000000e+00
D 1   1
3.860000000000e-01  1.000000000000e+00
D 1   1
2.316800000000e+01  1.000000000000e+00
D 1   1
1.359453000000e-01  1.000000000000e+00
F 1   1
2.544000000000e+00  1.000000000000e+00
F 1   1
1.084000000000e+00  1.000000000000e+00
F 1   1
4.618931000000e-01  1.000000000000e+00
@END

@ATOMBASIS NA
S 14   1
4.230000000000e+05  1.806180000000e-05
6.334000000000e+04  1.404300000000e-04
1.441000000000e+04  7.384380000000e-04
4.077000000000e+03  3.111820000000e-03
1.328000000000e+03  1.120810000000e-02
4.786000000000e+02  3.528280000000e-02
1.862000000000e+02  9.598970000000e-02
7.692000000000e+01  2.137350000000e-01
3.332000000000e+01  3.486880000000e-01
1.500000000000e+01  3.245660000000e-01
6.869000000000e+00  1.126330000000e-01
2.683000000000e+00  7.067970000000e-03
1.109000000000e+00  5.980100000000e-04
6.015000000000e-02 -5.308700000000e-06
S 14   1
4.230000000000e+05 -4.406530000000e-06
6.334000000000e+04 -3.434430000000e-05
1.441000000000e+04 -1.801140000000e-04
4.077000000000e+03 -7.639000000000e-04
1.328000000000e+03 -2.752480000000e-03
4.786000000000e+02 -8.860160000000e-03
1.862000000000e+02 -2.479390000000e-02
7.692000000000e+01 -6.059950000000e-02
3.332000000000e+01 -1.164460000000e-01
1.500000000000e+01 -1.624370000000e-01
6.869000000000e+00 -4.388910000000e-02
2.683000000000e+00  3.379170000000e-01
1.109000000000e+00  5.613470000000e-01
6.015000000000e-02  4.067540000000e-03
S 14   1
4.230000000000e+05  6.630190000000e-07
6.334000000000e+04  5.157690000000e-06
1.441000000000e+04  2.712500000000e-05
4.077000000000e+03  1.146350000000e-04
1.328000000000e+03  4.151180000000e-04
4.786000000000e+02  1.329780000000e-03
1.862000000000e+02  3.755950000000e-03
7.692000000000e+01  9.140250000000e-03
3.332000000000e+01  1.798590000000e-02
1.500000000000e+01  2.514770000000e-02
6.869000000000e+00  7.635220000000e-03
2.683000000000e+00 -6.145890000000e-02
1.109000000000e+00 -1.157210000000e-01
6.015000000000e-02  6.264060000000e-01
S 1   1
4.540000000000e-01  1.000000000000e+00
S 1   1
2.382000000000e-02  1.000000000000e+00
S 1   1
6.650000000000e-03  1.000000000000e+00
S 1   1
4.189000000000e+00  1.000000000000e+00
S 1   1
6.260000000000e-01  1.000000000000e+00
S 1   1
1.856528000000e-03  1.000000000000e+00
P 8   1
2.433000000000e+02  2.243920000000e-03
5.739000000000e+01  1.739970000000e-02
1.810000000000e+01  7.741250000000e-02
6.575000000000e+00  2.191020000000e-01
2.521000000000e+00  3.785220000000e-01
9.607000000000e-01  3.949020000000e-01
3.512000000000e-01  1.604240000000e-01
9.827000000000e-02  2.333110000000e-03
P 8   1
2.433000000000e+02 -2.224010000000e-04
5.739000000000e+01 -1.742770000000e-03
1.810000000000e+01 -7.754560000000e-03
6.575000000000e+00 -2.251870000000e-02
2.521000000000e+00 -3.843300000000e-02
9.607000000000e-01 -4.501770000000e-02
3.512000000000e-01 -1.921320000000e-02
9.827000000000e-02  1.826970000000e-01
P 1   1
3.734000000000e-02  1.000000000000e+00
P 1   1
1.500000000000e-02  1.000000000000e+00
P 1   1
7.000000000000e-03  1.000000000000e+00
P 1   1
1.569000000000e+00  1.000000000000e+00
P 1   1
5.120000000000e-01  1.000000000000e+00
P 1   1
3.266667000000e-03  1.000000000000e+00
D 1   1
1.367000000000e-01  1.000000000000e+00
D 1   1
6.360000000000e-02  1.000000000000e+00
D 1   1
2.230000000000e-02  1.000000000000e+00
D 1   1
5.404000000000e+00  1.000000000000e+00
D 1   1
1.530000000000e+00  1.000000000000e+00
D 1   1
7.819025000000e-03  1.000000000000e+00
F 1   1
1.397000000000e-01  1.000000000000e+00
F 1   1
7.140000000000e-02  1.000000000000e+00
F 1   1
3.465000000000e+00  1.000000000000e+00
F 1   1
3.649220000000e-02  1.000000000000e+00
@END

@ATOMBASIS MG
S 13   1
1.649000000000e+05  7.299290000000e-05
2.471000000000e+04  5.666520000000e-04
5.628000000000e+03  2.962690000000e-03
1.596000000000e+03  1.229620000000e-02
5.210000000000e+02  4.273240000000e-02
1.880000000000e+02  1.230130000000e-01
7.301000000000e+01  2.748320000000e-01
2.990000000000e+01  4.018180000000e-01
1.254000000000e+01  2.646970000000e-01
4.306000000000e+00  3.326120000000e-02
1.826000000000e+00 -4.413350000000e-03
7.417000000000e-01  2.060240000000e-03
7.612000000000e-02  7.081950000000e-04
S 13   1
1.649000000000e+05 -1.842480000000e-05
2.471000000000e+04 -1.435000000000e-04
5.628000000000e+03 -7.487100000000e-04
1.596000000000e+03 -3.144070000000e-03
5.210000000000e+02 -1.104810000000e-02
1.880000000000e+02 -3.360580000000e-02
7.301000000000e+01 -8.259460000000e-02
2.990000000000e+01 -1.593140000000e-01
1.254000000000e+01 -1.528880000000e-01
4.306000000000e+00  1.908490000000e-01
1.826000000000e+00  5.799640000000e-01
7.417000000000e-01  3.720290000000e-01
7.612000000000e-02 -1.193440000000e-02
S 13   1
1.649000000000e+05  3.551760000000e-06
2.471000000000e+04  2.764200000000e-05
5.628000000000e+03  1.444040000000e-04
1.596000000000e+03  6.057440000000e-04
5.210000000000e+02  2.135270000000e-03
1.880000000000e+02  6.499340000000e-03
7.301000000000e+01  1.614460000000e-02
2.990000000000e+01  3.157660000000e-02
1.254000000000e+01  3.163740000000e-02
4.306000000000e+00 -4.391400000000e-02
1.826000000000e+00 -1.510930000000e-01
7.417000000000e-01 -2.176680000000e-01
7.612000000000e-02  5.472450000000e-01
S 1   1
1.457000000000e-01  1.000000000000e+00
S 1   1
3.310000000000e-02  1.000000000000e+00
S 1   1
1.290000000000e-02  1.000000000000e+00
S 1   1
1.751600000000e+01  1.000000000000e+00
S 1   1
3.870000000000e+00  1.000000000000e+00
S 1   1
5.027492000000e-03  1.000000000000e+00
P 8   1
3.169000000000e+02  2.075320000000e-03
7.486000000000e+01  1.628690000000e-02
2.372000000000e+01  7.386970000000e-02
8.669000000000e+00  2.142970000000e-01
3.363000000000e+00  3.821540000000e-01
1.310000000000e+00  3.981780000000e-01
4.911000000000e-01  1.528780000000e-01
2.364000000000e-01 -4.375400000000e-03
P 8   1
3.169000000000e+02 -3.297270000000e-04
7.486000000000e+01 -2.587540000000e-03
2.372000000000e+01 -1.191200000000e-02
8.669000000000e+00 -3.502270000000e-02
3.363000000000e+00 -6.399680000000e-02
1.310000000000e+00 -7.044360000000e-02
4.911000000000e-01 -3.758360000000e-02
2.364000000000e-01  1.770430000000e-01
P 1   1
8.733000000000e-02  1.000000000000e+00
P 1   1
3.237000000000e-02  1.000000000000e+00
P 1   1
7.450000000000e-03  1.000000000000e+00
P 1   1
2.029700000000e+01  1.000000000000e+00
P 1   1
5.105000000000e+00  1.000000000000e+00
P 1   1
1.714628000000e-03  1.000000000000e+00
D 1   1
1.260000000000e-01  1.000000000000e+00
D 1   1
2.940000000000e-01  1.000000000000e+00
D 1   1
4.680000000000e-02  1.000000000000e+00
D 1   1
7.029000000000e+00  1.000000000000e+00
D 1   1
2.121000000000e+00  1.000000000000e+00
D 1   1
1.738286000000e-02  1.000000000000e+00
F 1   1
2.520000000000e-01  1.000000000000e+00
F 1   1
9.400000000000e-02  1.000000000000e+00
F 1   1
4.530000000000e+00  1.000000000000e+00
F 1   1
3.506349000000e-02  1.000000000000e+00
@END

@ATOMBASIS AL
S 13   1
2.055000000000e+05  6.788360000000e-05
3.078000000000e+04  5.271490000000e-04
7.006000000000e+03  2.762030000000e-03
1.985000000000e+03  1.147280000000e-02
6.491000000000e+02  3.981880000000e-02
2.350000000000e+02  1.150400000000e-01
9.162000000000e+01  2.608870000000e-01
3.767000000000e+01  3.963860000000e-01
1.591000000000e+01  2.845970000000e-01
5.850000000000e+00  4.445830000000e-02
2.542000000000e+00 -4.898380000000e-03
1.057000000000e+00  2.612530000000e-03
1.455000000000e-01  7.220680000000e-04
S 13   1
2.055000000000e+05 -1.763770000000e-05
3.078000000000e+04 -1.371950000000e-04
7.006000000000e+03 -7.189100000000e-04
1.985000000000e+03 -3.011460000000e-03
6.491000000000e+02 -1.060140000000e-02
2.350000000000e+02 -3.213450000000e-02
9.162000000000e+01 -8.031560000000e-02
3.767000000000e+01 -1.567940000000e-01
1.591000000000e+01 -1.683760000000e-01
5.850000000000e+00  1.268790000000e-01
2.542000000000e+00  5.614940000000e-01
1.057000000000e+00  4.366130000000e-01
1.455000000000e-01 -1.145630000000e-02
S 13   1
2.055000000000e+05  4.073150000000e-06
3.078000000000e+04  3.165660000000e-05
7.006000000000e+03  1.661160000000e-04
1.985000000000e+03  6.949920000000e-04
6.491000000000e+02  2.455110000000e-03
2.350000000000e+02  7.445980000000e-03
9.162000000000e+01  1.882530000000e-02
3.767000000000e+01  3.727720000000e-02
1.591000000000e+01  4.194960000000e-02
5.850000000000e+00 -3.543750000000e-02
2.542000000000e+00 -1.751320000000e-01
1.057000000000e+00 -2.762030000000e-01
1.455000000000e-01  6.528090000000e-01
S 1   1
2.931000000000e-01  1.000000000000e+00
S 1   1
5.650000000000e-02  1.000000000000e+00
S 1   1
2.210000000000e-02  1.000000000000e+00
S 1   1
7.488000000000e+00  1.000000000000e+00
S 1   1
1.272000000000e+00  1.000000000000e+00
S 1   1
8.644425000000e-03  1.000000000000e+00
P 7   1
4.444000000000e+02  1.627860000000e-03
1.051000000000e+02  1.306870000000e-02
3.347000000000e+01  6.123410000000e-02
1.233000000000e+01  1.878700000000e-01
4.869000000000e+00  3.604520000000e-01
1.961000000000e+00  4.084540000000e-01
1.888000000000e-01  9.765140000000e-03
P 7   1
4.444000000000e+02 -2.863410000000e-04
1.051000000000e+02 -2.423080000000e-03
3.347000000000e+01 -1.086580000000e-02
1.233000000000e+01 -3.643070000000e-02
4.869000000000e+00 -6.410740000000e-02
1.961000000000e+00 -9.722390000000e-02
1.888000000000e-01  5.034480000000e-01
P 1   1
7.834000000000e-01  1.000000000000e+00
P 1   1
5.557000000000e-02  1.000000000000e+00
P 1   1
1.460000000000e-02  1.000000000000e+00
P 1   1
2.202000000000e+00  1.000000000000e+00
P 1   1
5.548000000000e+00  1.000000000000e+00
P 1   1
3.835883000000e-03  1.000000000000e+00
D 1   1
1.090000000000e-01  1.000000000000e+00
D 1   1
3.330000000000e-01  1.000000000000e+00
D 1   1
3.560000000000e-02  1.000000000000e+00
D 1   1
2.634000000000e+00  1.000000000000e+00
D 1   1
8.646000000000e+00  1.000000000000e+00
D 1   1
1.162716000000e-02  1.000000000000e+00
F 1   1
2.440000000000e-01  1.000000000000e+00
F 1   1
8.580000000000e-02  1.000000000000e+00
F 1   1
5.686000000000e+00  1.000000000000e+00
F 1   1
3.017066000000e-02  1.000000000000e+00
@END

@ATOMBASIS SI
S 13   1
2.549000000000e+05  6.251010000000e-05
3.819000000000e+04  4.855530000000e-04
8.690000000000e+03  2.545160000000e-03
2.462000000000e+03  1.058660000000e-02
8.048000000000e+02  3.687870000000e-02
2.913000000000e+02  1.074790000000e-01
1.136000000000e+02  2.479360000000e-01
4.675000000000e+01  3.909270000000e-01
1.982000000000e+01  3.020260000000e-01
7.708000000000e+00  5.592360000000e-02
3.340000000000e+00 -4.024060000000e-03
1.402000000000e+00  2.580300000000e-03
2.070000000000e-01  6.079300000000e-04
S 13   1
2.549000000000e+05 -1.663700000000e-05
3.819000000000e+04 -1.293100000000e-04
8.690000000000e+03 -6.788280000000e-04
2.462000000000e+03 -2.841170000000e-03
8.048000000000e+02 -1.005510000000e-02
2.913000000000e+02 -3.057740000000e-02
1.136000000000e+02 -7.772560000000e-02
4.675000000000e+01 -1.542360000000e-01
1.982000000000e+01 -1.803680000000e-01
7.708000000000e+00  7.982180000000e-02
3.340000000000e+00  5.474410000000e-01
1.402000000000e+00  4.801190000000e-01
2.070000000000e-01 -1.069960000000e-02
S 13   1
2.549000000000e+05  4.262570000000e-06
3.819000000000e+04  3.310620000000e-05
8.690000000000e+03  1.740150000000e-04
2.462000000000e+03  7.275740000000e-04
8.048000000000e+02  2.583330000000e-03
2.913000000000e+02  7.863540000000e-03
1.136000000000e+02  2.021550000000e-02
4.675000000000e+01  4.073200000000e-02
1.982000000000e+01  4.993580000000e-02
7.708000000000e+00 -2.493960000000e-02
3.340000000000e+00 -1.903500000000e-01
1.402000000000e+00 -3.183500000000e-01
2.070000000000e-01  6.811800000000e-01
S 1   1
4.387000000000e-01  1.000000000000e+00
S 1   1
7.944000000000e-02  1.000000000000e+00
S 1   1
3.300000000000e-02  1.000000000000e+00
S 1   1
9.164000000000e+00  1.000000000000e+00
S 1   1
1.621000000000e+00  1.000000000000e+00
S 1   1
1.370846000000e-02  1.000000000000e+00
P 7   1
4.815000000000e+02  1.920450000000e-03
1.139000000000e+02  1.535520000000e-02
3.623000000000e+01  7.139910000000e-02
1.334000000000e+01  2.130520000000e-01
5.252000000000e+00  3.903540000000e-01
2.120000000000e+00  3.937210000000e-01
2.528000000000e-01  3.956300000000e-03
P 7   1
4.815000000000e+02 -4.052200000000e-04
1.139000000000e+02 -3.358960000000e-03
3.623000000000e+01 -1.528600000000e-02
1.334000000000e+01 -4.892180000000e-02
5.252000000000e+00 -8.550080000000e-02
2.120000000000e+00 -1.121370000000e-01
2.528000000000e-01  5.519190000000e-01
P 1   1
8.561000000000e-01  1.000000000000e+00
P 1   1
7.889000000000e-02  1.000000000000e+00
P 1   1
2.370000000000e-02  1.000000000000e+00
P 1   1
6.458000000000e+00  1.000000000000e+00
P 1   1
2.517000000000e+00  1.000000000000e+00
P 1   1
7.119914000000e-03  1.000000000000e+00
D 1   1
1.590000000000e-01  1.000000000000e+00
D 1   1
4.810000000000e-01  1.000000000000e+00
D 1   1
5.560000000000e-02  1.000000000000e+00
D 1   1
1.067100000000e+01  1.000000000000e+00
D 1   1
3.308000000000e+00  1.000000000000e+00
D 1   1
1.944252000000e-02  1.000000000000e+00
F 1   1
3.360000000000e-01  1.000000000000e+00
F 1   1
1.250000000000e-01  1.000000000000e+00
F 1   1
7.001000000000e+00  1.000000000000e+00
F 1   1
4.650298000000e-02  1.000000000000e+00
@END

@ATOMBASIS P
S 13   1
3.124000000000e+05  5.769600000000e-05
4.680000000000e+04  4.482960000000e-04
1.065000000000e+04  2.349390000000e-03
3.018000000000e+03  9.782650000000e-03
9.868000000000e+02  3.414670000000e-02
3.574000000000e+02  1.002040000000e-01
1.396000000000e+02  2.343720000000e-01
5.763000000000e+01  3.824340000000e-01
2.460000000000e+01  3.180880000000e-01
1.012000000000e+01  7.077880000000e-02
4.283000000000e+00 -1.817990000000e-03
1.805000000000e+00  2.161800000000e-03
2.782000000000e-01  4.322970000000e-04
S 13   1
3.124000000000e+05 -1.567090000000e-05
4.680000000000e+04 -1.217240000000e-04
1.065000000000e+04 -6.396720000000e-04
3.018000000000e+03 -2.674260000000e-03
9.868000000000e+02 -9.498310000000e-03
3.574000000000e+02 -2.893490000000e-02
1.396000000000e+02 -7.451210000000e-02
5.763000000000e+01 -1.499380000000e-01
2.460000000000e+01 -1.894670000000e-01
1.012000000000e+01  3.632700000000e-02
4.283000000000e+00  5.288160000000e-01
1.805000000000e+00  5.191150000000e-01
2.782000000000e-01 -9.256950000000e-03
S 13   1
3.124000000000e+05  4.306310000000e-06
4.680000000000e+04  3.341940000000e-05
1.065000000000e+04  1.758850000000e-04
3.018000000000e+03  7.343400000000e-04
9.868000000000e+02  2.617750000000e-03
3.574000000000e+02  7.978520000000e-03
1.396000000000e+02  2.079400000000e-02
5.763000000000e+01  4.244460000000e-02
2.460000000000e+01  5.634360000000e-02
1.012000000000e+01 -1.273580000000e-02
4.283000000000e+00 -1.964950000000e-01
1.805000000000e+00 -3.535550000000e-01
2.782000000000e-01  7.009120000000e-01
S 1   1
6.158000000000e-01  1.000000000000e+00
S 1   1
1.055000000000e-01  1.000000000000e+00
S 1   1
4.090000000000e-02  1.000000000000e+00
S 1   1
1.097800000000e+01  1.000000000000e+00
S 1   1
2.006000000000e+00  1.000000000000e+00
S 1   1
1.585602000000e-02  1.000000000000e+00
P 7   1
5.049000000000e+02  2.337280000000e-03
1.194000000000e+02  1.854100000000e-02
3.796000000000e+01  8.496930000000e-02
1.395000000000e+01  2.446150000000e-01
5.457000000000e+00  4.227660000000e-01
2.177000000000e+00  3.684390000000e-01
2.877000000000e-01 -3.790050000000e-03
P 7   1
5.049000000000e+02 -5.552360000000e-04
1.194000000000e+02 -4.459130000000e-03
3.796000000000e+01 -2.063500000000e-02
1.395000000000e+01 -6.176940000000e-02
5.457000000000e+00 -1.089240000000e-01
2.177000000000e+00 -1.055990000000e-01
2.877000000000e-01  5.769810000000e-01
P 1   1
8.010000000000e-01  1.000000000000e+00
P 1   1
9.714000000000e-02  1.000000000000e+00
P 1   1
3.070000000000e-02  1.000000000000e+00
P 1   1
7.084000000000e+00  1.000000000000e+00
P 1   1
2.701000000000e+00  1.000000000000e+00
P 1   1
9.702388000000e-03  1.000000000000e+00
D 1   1
2.160000000000e-01  1.000000000000e+00
D 1   1
6.520000000000e-01  1.000000000000e+00
D 1   1
7.750000000000e-02  1.000000000000e+00
D 1   1
1.289100000000e+01  1.000000000000e+00
D 1   1
4.056000000000e+00  1.000000000000e+00
D 1   1
2.780671000000e-02  1.000000000000e+00
F 1   1
4.520000000000e-01  1.000000000000e+00
F 1   1
1.650000000000e-01  1.000000000000e+00
F 1   1
8.462000000000e+00  1.000000000000e+00
F 1   1
6.023230000000e-02  1.000000000000e+00
@END

@ATOMBASIS S
S 13   1
3.741000000000e+05  5.421400000000e-05
5.605000000000e+04  4.208550000000e-04
1.276000000000e+04  2.206980000000e-03
3.615000000000e+03  9.192580000000e-03
1.183000000000e+03  3.211230000000e-02
4.288000000000e+02  9.466830000000e-02
1.678000000000e+02  2.236300000000e-01
6.947000000000e+01  3.743930000000e-01
2.984000000000e+01  3.291080000000e-01
1.272000000000e+01  8.470380000000e-02
5.244000000000e+00  4.408510000000e-04
2.219000000000e+00  1.648270000000e-03
3.490000000000e-01  3.013060000000e-04
S 13   1
3.741000000000e+05 -1.498370000000e-05
5.605000000000e+04 -1.161980000000e-04
1.276000000000e+04 -6.115830000000e-04
3.615000000000e+03 -2.553700000000e-03
1.183000000000e+03 -9.087080000000e-03
4.288000000000e+02 -2.770450000000e-02
1.678000000000e+02 -7.200200000000e-02
6.947000000000e+01 -1.464390000000e-01
2.984000000000e+01 -1.951500000000e-01
1.272000000000e+01  8.191930000000e-03
5.244000000000e+00  5.166010000000e-01
2.219000000000e+00  5.421780000000e-01
3.490000000000e-01 -9.180720000000e-03
S 13   1
3.741000000000e+05  4.350660000000e-06
5.605000000000e+04  3.371400000000e-05
1.276000000000e+04  1.776740000000e-04
3.615000000000e+03  7.411160000000e-04
1.183000000000e+03  2.645910000000e-03
4.288000000000e+02  8.074870000000e-03
1.678000000000e+02  2.122760000000e-02
6.947000000000e+01  4.383230000000e-02
2.984000000000e+01  6.127160000000e-02
1.272000000000e+01 -3.615100000000e-03
5.244000000000e+00 -2.045100000000e-01
2.219000000000e+00 -3.818710000000e-01
3.490000000000e-01  7.141470000000e-01
S 1   1
7.767000000000e-01  1.000000000000e+00
S 1   1
1.322000000000e-01  1.000000000000e+00
S 1   1
4.970000000000e-02  1.000000000000e+00
S 1   1
1.292800000000e+01  1.000000000000e+00
S 1   1
2.413000000000e+00  1.000000000000e+00
S 1   1
1.868449000000e-02  1.000000000000e+00
P 7   1
5.744000000000e+02  2.422640000000e-03
1.358000000000e+02  1.927960000000e-02
4.319000000000e+01  8.854010000000e-02
1.587000000000e+01  2.546540000000e-01
6.208000000000e+00  4.339840000000e-01
2.483000000000e+00  3.549530000000e-01
3.229000000000e-01 -5.029770000000e-03
P 7   1
5.744000000000e+02 -6.201020000000e-04
1.358000000000e+02 -4.938820000000e-03
4.319000000000e+01 -2.326470000000e-02
1.587000000000e+01 -6.851950000000e-02
6.208000000000e+00 -1.238960000000e-01
2.483000000000e+00 -9.694990000000e-02
3.229000000000e-01  5.693940000000e-01
P 1   1
8.688000000000e-01  1.000000000000e+00
P 1   1
1.098000000000e-01  1.000000000000e+00
P 1   1
3.510000000000e-02  1.000000000000e+00
P 1   1
8.114000000000e+00  1.000000000000e+00
P 1   1
3.106000000000e+00  1.000000000000e+00
P 1   1
1.122049000000e-02  1.000000000000e+00
D 1   1
2.690000000000e-01  1.000000000000e+00
D 1   1
8.190000000000e-01  1.000000000000e+00
D 1   1
1.010000000000e-01  1.000000000000e+00
D 1   1
1.525400000000e+01  1.000000000000e+00
D 1   1
4.845000000000e+00  1.000000000000e+00
D 1   1
3.792193000000e-02  1.000000000000e+00
F 1   1
5.570000000000e-01  1.000000000000e+00
F 1   1
2.180000000000e-01  1.000000000000e+00
F 1   1
1.005200000000e+01  1.000000000000e+00
F 1   1
8.532136000000e-02  1.000000000000e+00
@END

@ATOMBASIS CL
S 13   1
4.561000000000e+05  4.929700000000e-05
6.833000000000e+04  3.830290000000e-04
1.555000000000e+04  2.008540000000e-03
4.405000000000e+03  8.385580000000e-03
1.439000000000e+03  2.947030000000e-02
5.204000000000e+02  8.783250000000e-02
2.031000000000e+02  2.114730000000e-01
8.396000000000e+01  3.653640000000e-01
3.620000000000e+01  3.408840000000e-01
1.583000000000e+01  1.021330000000e-01
6.334000000000e+00  3.116750000000e-03
2.694000000000e+00  1.057510000000e-03
4.313000000000e-01  1.561360000000e-04
S 13   1
4.561000000000e+05 -1.383040000000e-05
6.833000000000e+04 -1.072790000000e-04
1.555000000000e+04 -5.650830000000e-04
4.405000000000e+03 -2.361350000000e-03
1.439000000000e+03 -8.458860000000e-03
5.204000000000e+02 -2.596380000000e-02
2.031000000000e+02 -6.863620000000e-02
8.396000000000e+01 -1.418740000000e-01
3.620000000000e+01 -1.993190000000e-01
1.583000000000e+01 -1.956620000000e-02
6.334000000000e+00  4.997410000000e-01
2.694000000000e+00  5.637360000000e-01
4.313000000000e-01 -8.350910000000e-03
S 13   1
4.561000000000e+05  4.185460000000e-06
6.833000000000e+04  3.243950000000e-05
1.555000000000e+04  1.711050000000e-04
4.405000000000e+03  7.141760000000e-04
1.439000000000e+03  2.567050000000e-03
5.204000000000e+02  7.885520000000e-03
2.031000000000e+02  2.108670000000e-02
8.396000000000e+01  4.422640000000e-02
3.620000000000e+01  6.516700000000e-02
1.583000000000e+01  6.030120000000e-03
6.334000000000e+00 -2.064950000000e-01
2.694000000000e+00 -4.058710000000e-01
4.313000000000e-01  7.256610000000e-01
S 1   1
9.768000000000e-01  1.000000000000e+00
S 1   1
1.625000000000e-01  1.000000000000e+00
S 1   1
5.910000000000e-02  1.000000000000e+00
S 1   1
1.506400000000e+01  1.000000000000e+00
S 1   1
2.874000000000e+00  1.000000000000e+00
S 1   1
2.149422000000e-02  1.000000000000e+00
P 7   1
6.633000000000e+02  2.404480000000e-03
1.568000000000e+02  1.921480000000e-02
4.998000000000e+01  8.850970000000e-02
1.842000000000e+01  2.560200000000e-01
7.240000000000e+00  4.369270000000e-01
2.922000000000e+00  3.503340000000e-01
3.818000000000e-01 -4.584230000000e-03
P 7   1
6.633000000000e+02 -6.521450000000e-04
1.568000000000e+02 -5.194450000000e-03
4.998000000000e+01 -2.469380000000e-02
1.842000000000e+01 -7.281670000000e-02
7.240000000000e+00 -1.340300000000e-01
2.922000000000e+00 -9.477420000000e-02
3.818000000000e-01  5.646670000000e-01
P 1   1
1.022000000000e+00  1.000000000000e+00
P 1   1
1.301000000000e-01  1.000000000000e+00
P 1   1
4.190000000000e-02  1.000000000000e+00
P 1   1
9.480000000000e+00  1.000000000000e+00
P 1   1
3.668000000000e+00  1.000000000000e+00
P 1   1
1.349431000000e-02  1.000000000000e+00
D 1   1
1.046000000000e+00  1.000000000000e+00
D 1   1
3.440000000000e-01  1.000000000000e+00
D 1   1
1.350000000000e-01  1.000000000000e+00
D 1   1
1.795700000000e+01  1.000000000000e+00
D 1   1
5.760000000000e+00  1.000000000000e+00
D 1   1
5.297965000000e-02  1.000000000000e+00
F 1   1
7.060000000000e-01  1.000000000000e+00
F 1   1
3.120000000000e-01  1.000000000000e+00
F 1   1
1.177900000000e+01  1.000000000000e+00
F 1   1
1.378810000000e-01  1.000000000000e+00
@END

@ATOMBASIS AR
S 13   1
5.450000000000e+05  4.558280000000e-05
8.164000000000e+04  3.541080000000e-04
1.858000000000e+04  1.857970000000e-03
5.261000000000e+03  7.768510000000e-03
1.717000000000e+03  2.742320000000e-02
6.199000000000e+02  8.238360000000e-02
2.416000000000e+02  2.012300000000e-01
9.979000000000e+01  3.567810000000e-01
4.315000000000e+01  3.495630000000e-01
1.914000000000e+01  1.182660000000e-01
7.488000000000e+00  5.601900000000e-03
3.205000000000e+00  4.834730000000e-04
5.204000000000e-01  2.920250000000e-05
S 13   1
5.450000000000e+05 -1.295510000000e-05
8.164000000000e+04 -1.004280000000e-04
1.858000000000e+04 -5.295830000000e-04
5.261000000000e+03 -2.213960000000e-03
1.717000000000e+03 -7.968450000000e-03
6.199000000000e+02 -2.458030000000e-02
2.416000000000e+02 -6.577980000000e-02
9.979000000000e+01 -1.379420000000e-01
4.315000000000e+01 -2.016300000000e-01
1.914000000000e+01 -4.128340000000e-02
7.488000000000e+00  4.846800000000e-01
3.205000000000e+00  5.792240000000e-01
5.204000000000e-01 -7.275530000000e-03
S 13   1
5.450000000000e+05  4.049900000000e-06
8.164000000000e+04  3.136910000000e-05
1.858000000000e+04  1.656460000000e-04
5.261000000000e+03  6.916620000000e-04
1.717000000000e+03  2.497900000000e-03
6.199000000000e+02  7.710740000000e-03
2.416000000000e+02  2.087140000000e-02
9.979000000000e+01  4.439650000000e-02
4.315000000000e+01  6.802240000000e-02
1.914000000000e+01  1.413500000000e-02
7.488000000000e+00 -2.074890000000e-01
3.205000000000e+00 -4.250450000000e-01
5.204000000000e-01  7.336270000000e-01
S 1   1
1.196000000000e+00  1.000000000000e+00
S 1   1
1.954000000000e-01  1.000000000000e+00
S 1   1
6.850000000000e-02  1.000000000000e+00
S 1   1
1.736200000000e+01  1.000000000000e+00
S 1   1
3.378000000000e+00  1.000000000000e+00
S 1   1
2.401356000000e-02  1.000000000000e+00
P 7   1
7.618000000000e+02  2.369760000000e-03
1.802000000000e+02  1.901990000000e-02
5.750000000000e+01  8.808070000000e-02
2.124000000000e+01  2.563770000000e-01
8.388000000000e+00  4.387110000000e-01
3.416000000000e+00  3.475690000000e-01
4.523000000000e-01 -5.238820000000e-03
P 7   1
7.618000000000e+02 -6.672110000000e-04
1.802000000000e+02 -5.327170000000e-03
5.750000000000e+01 -2.554940000000e-02
2.124000000000e+01 -7.571970000000e-02
8.388000000000e+00 -1.411330000000e-01
3.416000000000e+00 -9.327680000000e-02
4.523000000000e-01  5.624500000000e-01
P 1   1
1.206000000000e+00  1.000000000000e+00
P 1   1
1.545000000000e-01  1.000000000000e+00
P 1   1
4.870000000000e-02  1.000000000000e+00
P 1   1
1.101900000000e+01  1.000000000000e+00
P 1   1
4.307000000000e+00  1.000000000000e+00
P 1   1
1.535074000000e-02  1.000000000000e+00
D 1   1
4.100000000000e-01  1.000000000000e+00
D 1   1
1.254000000000e+00  1.000000000000e+00
D 1   1
1.690000000000e-01  1.000000000000e+00
D 1   1
2.070600000000e+01  1.000000000000e+00
D 1   1
6.681000000000e+00  1.000000000000e+00
D 1   1
6.966098000000e-02  1.000000000000e+00
F 1   1
8.900000000000e-01  1.000000000000e+00
F 1   1
4.060000000000e-01  1.000000000000e+00
F 1   1
1.367400000000e+01  1.000000000000e+00
F 1   1
1.852090000000e-01  1.000000000000e+00
@END
eece6ade4fb0016ef8e051d3b0320de8