@BASIS_SET DAUG-CC-PV6Z

@ATOMBASIS H
S 5   1
1.776776000000e+03  4.400000000000e-05
2.540177000000e+02  3.720000000000e-04
5.469804000000e+01  2.094000000000e-03
1.501834000000e+01  8.863000000000e-03
4.915078000000e+00  3.054000000000e-02
S 1   1
1.794924000000e+00  1.000000000000e+00
S 1   1
7.107160000000e-01  1.000000000000e+00
S 1   1
3.048020000000e-01  1.000000000000e+00
S 1   1
1.380460000000e-01  1.000000000000e+00
S 1   1
6.215700000000e-02  1.000000000000e+00
S 1   1
1.890000000000e-02  1.000000000000e+00
S 1   1
5.746899000000e-03  1.000000000000e+00
P 1   1
8.649000000000e+00  1.000000000000e+00
P 1   1
3.430000000000e+00  1.000000000000e+00
P 1   1
1.360000000000e+00  1.000000000000e+00
P 1   1
5.390000000000e-01  1.000000000000e+00
P 1   1
2.140000000000e-01  1.000000000000e+00
P 1   1
6.700000000000e-02  1.000000000000e+00
P 1   1
2.097664000000e-02  1.000000000000e+00
D 1   1
4.453000000000e+00  1.000000000000e+00
D 1   1
1.958000000000e+00  1.000000000000e+00
D 1   1
8.610000000000e-01  1.000000000000e+00
D 1   1
3.780000000000e-01  1.000000000000e+00
D 1   1
1.260000000000e-01  1.000000000000e+00
D 1   1
4.200000000000e-02  1.000000000000e+00
F 1   1
4.100000000000e+00  1.000000000000e+00
F 1   1
1.780000000000e+00  1.000000000000e+00
F 1   1
7.730000000000e-01  1.000000000000e+00
F 1   1
2.450000000000e-01  1.000000000000e+00
F 1   1
7.765201000000e-02  1.000000000000e+00
G 1   1
3.199000000000e+00  1.000000000000e+00
G 1   1
1.326000000000e+00  1.000000000000e+00
G 1   1
4.070000000000e-01  1.000000000000e+00
G 1   1
1.249238000000e-01  1.000000000000e+00
H 1   1
2.653000000000e+00  1.000000000000e+00
H 1   1
6.820000000000e-01  1.000000000000e+00
H 1   1
1.753200000000e-01  1.000000000000e+00
@END

@ATOMBASIS HE
S 5   1
4.785000000000e+03  6.000000000000e-07
7.170000000000e+02  4.700000000000e-06
1.632000000000e+02  2.440000000000e-05
4.626000000000e+01  1.012000000000e-04
1.510000000000e+01  3.486000000000e-04
S 1   1
5.437000000000e+00  1.000000000000e+00
S 1   1
2.088000000000e+00  1.000000000000e+00
S 1   1
8.297000000000e-01  1.000000000000e+00
S 1   1
3.366000000000e-01  1.000000000000e+00
S 1   1
1.369000000000e-01  1.000000000000e+00
S 1   1
4.473000000000e-02  1.000000000000e+00
S 1   1
1.461485000000e-02  1.000000000000e+00
P 1   1
3.870000000000e-01  1.000000000000e+00
P 1   1
9.840000000000e-01  1.000000000000e+00
P 1   1
2.498000000000e+00  1.000000000000e+00
P 1   1
6.342000000000e+00  1.000000000000e+00
P 1   1
1.610400000000e+01  1.000000000000e+00
P 1   1
1.280000000000e-01  1.000000000000e+00
P 1   1
4.233592000000e-02  1.000000000000e+00
D 1   1
7.470000000000e-01  1.000000000000e+00
D 1   1
1.910000000000e+00  1.000000000000e+00
D 1   1
4.886000000000e+00  1.000000000000e+00
D 1   1
1.249800000000e+01  1.000000000000e+00
D 1   1
2.410000000000e-01  1.000000000000e+00
D 1   1
7.775234000000e-02  1.000000000000e+00
F 1   1
1.292000000000e+00  1.000000000000e+00
F 1   1
3.462000000000e+00  1.000000000000e+00
F 1   1
9.276000000000e+00  1.000000000000e+00
F 1   1
4.070000000000e-01  1.000000000000e+00
F 1   1
1.282113000000e-01  1.000000000000e+00
G 1   1
2.236000000000e+00  1.000000000000e+00
G 1   1
6.586000000000e+00  1.000000000000e+00
G 1   1
6.860000000000e-01  1.000000000000e+00
G 1   1
2.104633000000e-01  1.000000000000e+00
H 1   1
4.159000000000e+00  1.000000000000e+00
H 1   1
1.016000000000e+00  1.000000000000e+00
H 1   1
2.481981000000e-01  1.000000000000e+00
@END

@ATOMBASIS B
S 11   1
2.104000000000e+05  5.830000000000e-06
3.150000000000e+04  4.532000000000e-05
7.169000000000e+03  2.383800000000e-04
2.030000000000e+03  1.005700000000e-03
6.625000000000e+02  3.644960000000e-03
2.392000000000e+02  1.173628000000e-02
9.326000000000e+01  3.380702000000e-02
3.864000000000e+01  8.556593000000e-02
1.678000000000e+01  1.826032000000e-01
7.541000000000e+00  3.058376000000e-01
3.482000000000e+00  3.408035000000e-01
S 11   1
2.104000000000e+05 -1.180000000000e-06
3.150000000000e+04 -9.150000000000e-06
7.169000000000e+03 -4.819000000000e-05
2.030000000000e+03 -2.030600000000e-04
6.625000000000e+02 -7.391700000000e-04
2.392000000000e+02 -2.386030000000e-03
9.326000000000e+01 -6.986540000000e-03
3.864000000000e+01 -1.811594000000e-02
1.678000000000e+01 -4.123129000000e-02
7.541000000000e+00 -7.781353000000e-02
3.482000000000e+00 -1.212318000000e-01
S 1   1
1.618000000000e+00  1.000000000000e+00
S 1   1
6.270000000000e-01  1.000000000000e+00
S 1   1
2.934000000000e-01  1.000000000000e+00
S 1   1
1.310000000000e-01  1.000000000000e+00
S 1   1
5.815000000000e-02  1.000000000000e+00
S 1   1
2.300000000000e-02  1.000000000000e+00
S 1   1
9.097163000000e-03  1.000000000000e+00
P 5   1
1.925000000000e+02  1.349000000000e-04
4.564000000000e+01  1.147410000000e-03
1.475000000000e+01  5.847930000000e-03
5.503000000000e+00  2.117091000000e-02
2.222000000000e+00  6.266872000000e-02
P 1   1
9.590000000000e-01  1.000000000000e+00
P 1   1
4.314000000000e-01  1.000000000000e+00
P 1   1
1.969000000000e-01  1.000000000000e+00
P 1   1
9.033000000000e-02  1.000000000000e+00
P 1   1
4.066000000000e-02  1.000000000000e+00
P 1   1
1.365000000000e-02  1.000000000000e+00
P 1   1
4.582452000000e-03  1.000000000000e+00
D 1   1
2.886000000000e+00  1.000000000000e+00
D 1   1
1.267000000000e+00  1.000000000000e+00
D 1   1
5.560000000000e-01  1.000000000000e+00
D 1   1
2.440000000000e-01  1.000000000000e+00
D 1   1
1.070000000000e-01  1.000000000000e+00
D 1   1
3.920000000000e-02  1.000000000000e+00
D 1   1
1.436112000000e-02  1.000000000000e+00
F 1   1
1.651000000000e+00  1.000000000000e+00
F 1   1
8.002000000000e-01  1.000000000000e+00
F 1   1
3.878000000000e-01  1.000000000000e+00
F 1   1
1.880000000000e-01  1.000000000000e+00
F 1   1
7.330000000000e-02  1.000000000000e+00
F 1   1
2.857920000000e-02  1.000000000000e+00
G 1   1
1.646900000000e+00  1.000000000000e+00
G 1   1
7.889000000000e-01  1.000000000000e+00
G 1   1
3.779000000000e-01  1.000000000000e+00
G 1   1
1.620000000000e-01  1.000000000000e+00
G 1   1
6.944694000000e-02  1.000000000000e+00
H 1   1
1.312000000000e+00  1.000000000000e+00
H 1   1
5.806000000000e-01  1.000000000000e+00
H 1   1
2.880000000000e-01  1.000000000000e+00
H 1   1
1.428591000000e-01  1.000000000000e+00
I 1   1
9.847000000000e-01  1.000000000000e+00
I 1   1
5.000000000000e-01  1.000000000000e+00
I 1   1
2.538844000000e-01  1.000000000000e+00
@END

@ATOMBASIS C
S 11   1
3.121000000000e+05  5.670000000000e-06
4.674000000000e+04  4.410000000000e-05
1.064000000000e+04  2.319000000000e-04
3.013000000000e+03  9.789700000000e-04
9.828000000000e+02  3.551630000000e-03
3.548000000000e+02  1.144061000000e-02
1.384000000000e+02  3.299855000000e-02
5.735000000000e+01  8.405347000000e-02
2.492000000000e+01  1.806761000000e-01
1.123000000000e+01  3.049114000000e-01
5.201000000000e+00  3.414157000000e-01
S 11   1
3.121000000000e+05 -1.210000000000e-06
4.674000000000e+04 -9.390000000000e-06
1.064000000000e+04 -4.947000000000e-05
3.013000000000e+03 -2.085700000000e-04
9.828000000000e+02 -7.601500000000e-04
3.548000000000e+02 -2.454690000000e-03
1.384000000000e+02 -7.201530000000e-03
5.735000000000e+01 -1.880742000000e-02
2.492000000000e+01 -4.325001000000e-02
1.123000000000e+01 -8.259733000000e-02
5.201000000000e+00 -1.285759000000e-01
S 1   1
2.426000000000e+00  1.000000000000e+00
S 1   1
9.673000000000e-01  1.000000000000e+00
S 1   1
4.456000000000e-01  1.000000000000e+00
S 1   1
1.971000000000e-01  1.000000000000e+00
S 1   1
8.635000000000e-02  1.000000000000e+00
S 1   1
3.540000000000e-02  1.000000000000e+00
S 1   1
1.451257000000e-02  1.000000000000e+00
P 5   1
2.952000000000e+02  1.424900000000e-04
6.998000000000e+01  1.220100000000e-03
2.264000000000e+01  6.336960000000e-03
8.485000000000e+00  2.351875000000e-02
3.459000000000e+00  6.990447000000e-02
P 1   1
1.504000000000e+00  1.000000000000e+00
P 1   1
6.783000000000e-01  1.000000000000e+00
P 1   1
3.087000000000e-01  1.000000000000e+00
P 1   1
1.400000000000e-01  1.000000000000e+00
P 1   1
6.178000000000e-02  1.000000000000e+00
P 1   1
2.376000000000e-02  1.000000000000e+00
P 1   1
9.137870000000e-03  1.000000000000e+00
D 1   1
4.542000000000e+00  1.000000000000e+00
D 1   1
1.979000000000e+00  1.000000000000e+00
D 1   1
8.621000000000e-01  1.000000000000e+00
D 1   1
3.756000000000e-01  1.000000000000e+00
D 1   1
1.636000000000e-01  1.000000000000e+00
D 1   1
6.360000000000e-02  1.000000000000e+00
D 1   1
2.472469000000e-02  1.000000000000e+00
F 1   1
2.631000000000e+00  1.000000000000e+00
F 1   1
1.255000000000e+00  1.000000000000e+00
F 1   1
5.988000000000e-01  1.000000000000e+00
F 1   1
2.857000000000e-01  1.000000000000e+00
F 1   1
1.180000000000e-01  1.000000000000e+00
F 1   1
4.873644000000e-02  1.000000000000e+00
G 1   1
2.652000000000e+00  1.000000000000e+00
G 1   1
1.204000000000e+00  1.000000000000e+00
G 1   1
5.470000000000e-01  1.000000000000e+00
G 1   1
2.540000000000e-01  1.000000000000e+00
G 1   1
1.179452000000e-01  1.000000000000e+00
H 1   1
2.030000000000e+00  1.000000000000e+00
H 1   1
8.511000000000e-01  1.000000000000e+00
H 1   1
4.510000000000e-01  1.000000000000e+00
H 1   1
2.389860000000e-01  1.000000000000e+00
I 1   1
1.491000000000e+00  1.000000000000e+00
I 1   1
7.760000000000e-01  1.000000000000e+00
I 1   1
4.038739000000e-01  1.000000000000e+00
@END

@ATOMBASIS N
S 11   1
4.323000000000e+05  5.590000000000e-06
6.470000000000e+04  4.351000000000e-05
1.472000000000e+04  2.289300000000e-04
4.170000000000e+03  9.650200000000e-04
1.361000000000e+03  3.502190000000e-03
4.912000000000e+02  1.129212000000e-02
1.916000000000e+02  3.261283000000e-02
7.941000000000e+01  8.329727000000e-02
3.453000000000e+01  1.799857000000e-01
1.558000000000e+01  3.050035000000e-01
7.232000000000e+00  3.411593000000e-01
S 11   1
4.323000000000e+05 -1.230000000000e-06
6.470000000000e+04 -9.580000000000e-06
1.472000000000e+04 -5.051000000000e-05
4.170000000000e+03 -2.126400000000e-04
1.361000000000e+03 -7.753400000000e-04
4.912000000000e+02 -2.506240000000e-03
1.916000000000e+02 -7.365290000000e-03
7.941000000000e+01 -1.930167000000e-02
3.453000000000e+01 -4.471738000000e-02
1.558000000000e+01 -8.606647000000e-02
7.232000000000e+00 -1.332963000000e-01
S 1   1
3.382000000000e+00  1.000000000000e+00
S 1   1
1.369000000000e+00  1.000000000000e+00
S 1   1
6.248000000000e-01  1.000000000000e+00
S 1   1
2.747000000000e-01  1.000000000000e+00
S 1   1
1.192000000000e-01  1.000000000000e+00
S 1   1
4.714000000000e-02  1.000000000000e+00
S 1   1
1.864245000000e-02  1.000000000000e+00
P 5   1
4.159000000000e+02  1.484100000000e-04
9.861000000000e+01  1.276340000000e-03
3.192000000000e+01  6.702420000000e-03
1.200000000000e+01  2.526170000000e-02
4.919000000000e+00  7.518943000000e-02
P 1   1
2.148000000000e+00  1.000000000000e+00
P 1   1
9.696000000000e-01  1.000000000000e+00
P 1   1
4.399000000000e-01  1.000000000000e+00
P 1   1
1.978000000000e-01  1.000000000000e+00
P 1   1
8.603000000000e-02  1.000000000000e+00
P 1   1
3.150000000000e-02  1.000000000000e+00
P 1   1
1.153377000000e-02  1.000000000000e+00
D 1   1
6.717000000000e+00  1.000000000000e+00
D 1   1
2.896000000000e+00  1.000000000000e+00
D 1   1
1.249000000000e+00  1.000000000000e+00
D 1   1
5.380000000000e-01  1.000000000000e+00
D 1   1
2.320000000000e-01  1.000000000000e+00
D 1   1
8.740000000000e-02  1.000000000000e+00
D 1   1
3.292569000000e-02  1.000000000000e+00
F 1   1
3.829000000000e+00  1.000000000000e+00
F 1   1
1.795000000000e+00  1.000000000000e+00
F 1   1
8.410000000000e-01  1.000000000000e+00
F 1   1
3.940000000000e-01  1.000000000000e+00
F 1   1
1.510000000000e-01  1.000000000000e+00
F 1   1
5.787056000000e-02  1.000000000000e+00
G 1   1
3.856000000000e+00  1.000000000000e+00
G 1   1
1.702000000000e+00  1.000000000000e+00
G 1   1
7.510000000000e-01  1.000000000000e+00
G 1   1
3.260000000000e-01  1.000000000000e+00
G 1   1
1.415126000000e-01  1.000000000000e+00
H 1   1
2.875000000000e+00  1.000000000000e+00
H 1   1
1.170000000000e+00  1.000000000000e+00
H 1   1
5.870000000000e-01  1.000000000000e+00
H 1   1
2.945034000000e-01  1.000000000000e+00
I 1   1
2.099000000000e+00  1.000000000000e+00
I 1   1
1.041000000000e+00  1.000000000000e+00
I 1   1
5.162844000000e-01  1.000000000000e+00
@END

@ATOMBASIS O
S 11   1
5.708000000000e+05  5.550000000000e-06
8.548000000000e+04  4.311000000000e-05
1.946000000000e+04  2.266700000000e-04
5.512000000000e+03  9.563700000000e-04
1.798000000000e+03  3.473200000000e-03
6.489000000000e+02  1.119778000000e-02
2.531000000000e+02  3.238766000000e-02
1.049000000000e+02  8.285977000000e-02
4.565000000000e+01  1.795838000000e-01
2.062000000000e+01  3.052211000000e-01
9.587000000000e+00  3.408935000000e-01
S 11   1
5.708000000000e+05 -1.260000000000e-06
8.548000000000e+04 -9.770000000000e-06
1.946000000000e+04 -5.148000000000e-05
5.512000000000e+03 -2.169600000000e-04
1.798000000000e+03 -7.916200000000e-04
6.489000000000e+02 -2.559000000000e-03
2.531000000000e+02 -7.533130000000e-03
1.049000000000e+02 -1.978897000000e-02
4.565000000000e+01 -4.606288000000e-02
2.062000000000e+01 -8.919560000000e-02
9.587000000000e+00 -1.375422000000e-01
S 1   1
4.493000000000e+00  1.000000000000e+00
S 1   1
1.837000000000e+00  1.000000000000e+00
S 1   1
8.349000000000e-01  1.000000000000e+00
S 1   1
3.658000000000e-01  1.000000000000e+00
S 1   1
1.570000000000e-01  1.000000000000e+00
S 1   1
5.935000000000e-02  1.000000000000e+00
S 1   1
2.243581000000e-02  1.000000000000e+00
P 5   1
5.256000000000e+02  1.666400000000e-04
1.246000000000e+02  1.433360000000e-03
4.034000000000e+01  7.547620000000e-03
1.518000000000e+01  2.859456000000e-02
6.245000000000e+00  8.438858000000e-02
P 1   1
2.732000000000e+00  1.000000000000e+00
P 1   1
1.227000000000e+00  1.000000000000e+00
P 1   1
5.492000000000e-01  1.000000000000e+00
P 1   1
2.418000000000e-01  1.000000000000e+00
P 1   1
1.025000000000e-01  1.000000000000e+00
P 1   1
3.380000000000e-02  1.000000000000e+00
P 1   1
1.114576000000e-02  1.000000000000e+00
D 1   1
8.253000000000e+00  1.000000000000e+00
D 1   1
3.597000000000e+00  1.000000000000e+00
D 1   1
1.568000000000e+00  1.000000000000e+00
D 1   1
6.840000000000e-01  1.000000000000e+00
D 1   1
2.980000000000e-01  1.000000000000e+00
D 1   1
1.150000000000e-01  1.000000000000e+00
D 1   1
4.437919000000e-02  1.000000000000e+00
F 1   1
5.430000000000e+00  1.000000000000e+00
F 1   1
2.416000000000e+00  1.000000000000e+00
F 1   1
1.075000000000e+00  1.000000000000e+00
F 1   1
4.780000000000e-01  1.000000000000e+00
F 1   1
1.950000000000e-01  1.000000000000e+00
F 1   1
7.955021000000e-02  1.000000000000e+00
G 1   1
5.211000000000e+00  1.000000000000e+00
G 1   1
2.190000000000e+00  1.000000000000e+00
G 1   1
9.200000000000e-01  1.000000000000e+00
G 1   1
4.060000000000e-01  1.000000000000e+00
G 1   1
1.791696000000e-01  1.000000000000e+00
H 1   1
3.872000000000e+00  1.000000000000e+00
H 1   1
1.505000000000e+00  1.000000000000e+00
H 1   1
7.480000000000e-01  1.000000000000e+00
H 1   1
3.717635000000e-01  1.000000000000e+00
I 1   1
2.773000000000e+00  1.000000000000e+00
I 1   1
1.345000000000e+00  1.000000000000e+00
I 1   1
6.523711000000e-01  1.000000000000e+00
@END

@ATOMBASIS F
S 11   1
7.235000000000e+05  5.560000000000e-06
1.084000000000e+05  4.318000000000e-05
2.468000000000e+04  2.270000000000e-04
6.990000000000e+03  9.580300000000e-04
2.282000000000e+03  3.470150000000e-03
8.246000000000e+02  1.118526000000e-02
3.218000000000e+02  3.232880000000e-02
1.335000000000e+02  8.279545000000e-02
5.811000000000e+01  1.798802000000e-01
2.628000000000e+01  3.055783000000e-01
1.224000000000e+01  3.402684000000e-01
S 11   1
7.235000000000e+05 -1.290000000000e-06
1.084000000000e+05 -9.990000000000e-06
2.468000000000e+04 -5.260000000000e-05
6.990000000000e+03 -2.217200000000e-04
2.282000000000e+03 -8.069200000000e-04
8.246000000000e+02 -2.608170000000e-03
3.218000000000e+02 -7.674020000000e-03
1.335000000000e+02 -2.019353000000e-02
5.811000000000e+01 -4.718752000000e-02
2.628000000000e+01 -9.158009000000e-02
1.224000000000e+01 -1.404856000000e-01
S 1   1
5.747000000000e+00  1.000000000000e+00
S 1   1
2.365000000000e+00  1.000000000000e+00
S 1   1
1.071000000000e+00  1.000000000000e+00
S 1   1
4.681000000000e-01  1.000000000000e+00
S 1   1
1.994000000000e-01  1.000000000000e+00
S 1   1
7.315000000000e-02  1.000000000000e+00
S 1   1
2.683512000000e-02  1.000000000000e+00
P 5   1
6.600000000000e+02  1.772100000000e-04
1.564000000000e+02  1.526910000000e-03
5.064000000000e+01  8.072070000000e-03
1.908000000000e+01  3.074021000000e-02
7.872000000000e+00  9.011914000000e-02
P 1   1
3.449000000000e+00  1.000000000000e+00
P 1   1
1.545000000000e+00  1.000000000000e+00
P 1   1
6.864000000000e-01  1.000000000000e+00
P 1   1
2.986000000000e-01  1.000000000000e+00
P 1   1
1.245000000000e-01  1.000000000000e+00
P 1   1
4.760000000000e-02  1.000000000000e+00
P 1   1
1.819888000000e-02  1.000000000000e+00
D 1   1
1.057300000000e+01  1.000000000000e+00
D 1   1
4.613000000000e+00  1.000000000000e+00
D 1   1
2.013000000000e+00  1.000000000000e+00
D 1   1
8.780000000000e-01  1.000000000000e+00
D 1   1
3.830000000000e-01  1.000000000000e+00
D 1   1
1.510000000000e-01  1.000000000000e+00
D 1   1
5.953264000000e-02  1.000000000000e+00
F 1   1
7.563000000000e+00  1.000000000000e+00
F 1   1
3.330000000000e+00  1.000000000000e+00
F 1   1
1.466000000000e+00  1.000000000000e+00
F 1   1
6.450000000000e-01  1.000000000000e+00
F 1   1
2.720000000000e-01  1.000000000000e+00
F 1   1
1.147039000000e-01  1.000000000000e+00
G 1   1
6.735000000000e+00  1.000000000000e+00
G 1   1
2.783000000000e+00  1.000000000000e+00
G 1   1
1.150000000000e+00  1.000000000000e+00
G 1   1
5.200000000000e-01  1.000000000000e+00
G 1   1
2.351304000000e-01  1.000000000000e+00
H 1   1
5.088000000000e+00  1.000000000000e+00
H 1   1
1.937000000000e+00  1.000000000000e+00
H 1   1
9.850000000000e-01  1.000000000000e+00
H 1   1
5.008906000000e-01  1.000000000000e+00
I 1   1
3.581000000000e+00  1.000000000000e+00
I 1   1
1.739000000000e+00  1.000000000000e+00
I 1   1
8.444906000000e-01  1.000000000000e+00
@END

@ATOMBASIS NE
S 11   1
9.024000000000e+05  5.510000000000e-06
1.351000000000e+05  4.282000000000e-05
3.075000000000e+04  2.251400000000e-04
8.710000000000e+03  9.501600000000e-04
2.842000000000e+03  3.447190000000e-03
1.026000000000e+03  1.112545000000e-02
4.001000000000e+02  3.220568000000e-02
1.659000000000e+02  8.259891000000e-02
7.221000000000e+01  1.799056000000e-01
3.266000000000e+01  3.060521000000e-01
1.522000000000e+01  3.401256000000e-01
S 11   1
9.024000000000e+05 -1.290000000000e-06
1.351000000000e+05 -1.005000000000e-05
3.075000000000e+04 -5.293000000000e-05
8.710000000000e+03 -2.231200000000e-04
2.842000000000e+03 -8.133800000000e-04
1.026000000000e+03 -2.632300000000e-03
4.001000000000e+02 -7.759100000000e-03
1.659000000000e+02 -2.045277000000e-02
7.221000000000e+01 -4.797505000000e-02
3.266000000000e+01 -9.340086000000e-02
1.522000000000e+01 -1.427721000000e-01
S 1   1
7.149000000000e+00  1.000000000000e+00
S 1   1
2.957000000000e+00  1.000000000000e+00
S 1   1
1.335000000000e+00  1.000000000000e+00
S 1   1
5.816000000000e-01  1.000000000000e+00
S 1   1
2.463000000000e-01  1.000000000000e+00
S 1   1
8.690000000000e-02  1.000000000000e+00
S 1   1
3.066021000000e-02  1.000000000000e+00
P 5   1
8.156000000000e+02  1.837600000000e-04
1.933000000000e+02  1.585090000000e-03
6.260000000000e+01  8.414640000000e-03
2.361000000000e+01  3.220033000000e-02
9.762000000000e+00  9.396390000000e-02
P 1   1
4.281000000000e+00  1.000000000000e+00
P 1   1
1.915000000000e+00  1.000000000000e+00
P 1   1
8.476000000000e-01  1.000000000000e+00
P 1   1
3.660000000000e-01  1.000000000000e+00
P 1   1
1.510000000000e-01  1.000000000000e+00
P 1   1
5.660000000000e-02  1.000000000000e+00
P 1   1
2.121563000000e-02  1.000000000000e+00
D 1   1
1.331700000000e+01  1.000000000000e+00
D 1   1
5.803000000000e+00  1.000000000000e+00
D 1   1
2.529000000000e+00  1.000000000000e+00
D 1   1
1.102000000000e+00  1.000000000000e+00
D 1   1
4.800000000000e-01  1.000000000000e+00
D 1   1
1.870000000000e-01  1.000000000000e+00
D 1   1
7.285208000000e-02  1.000000000000e+00
F 1   1
1.035600000000e+01  1.000000000000e+00
F 1   1
4.538000000000e+00  1.000000000000e+00
F 1   1
1.989000000000e+00  1.000000000000e+00
F 1   1
8.710000000000e-01  1.000000000000e+00
F 1   1
3.492000000000e-01  1.000000000000e+00
F 1   1
1.400007000000e-01  1.000000000000e+00
G 1   1
8.345000000000e+00  1.000000000000e+00
G 1   1
3.417000000000e+00  1.000000000000e+00
G 1   1
1.399000000000e+00  1.000000000000e+00
G 1   1
6.345000000000e-01  1.000000000000e+00
G 1   1
2.877700000000e-01  1.000000000000e+00
H 1   1
6.519000000000e+00  1.000000000000e+00
H 1   1
2.447000000000e+00  1.000000000000e+00
H 1   1
1.209300000000e+00  1.000000000000e+00
H 1   1
5.976324000000e-01  1.000000000000e+00
I 1   1
4.489000000000e+00  1.000000000000e+00
I 1   1
2.121500000000e+00  1.000000000000e+00
I 1   1
1.002620000000e+00  1.000000000000e+00
@END

@ATOMBASIS AL
S 16   1
3.652000000000e+06  1.900000000000e-06
5.468000000000e+05  1.450000000000e-05
1.245000000000e+05  7.620000000000e-05
3.544000000000e+04  3.158000000000e-04
1.184000000000e+04  1.097400000000e-03
4.434000000000e+03  3.369700000000e-03
1.812000000000e+03  9.322200000000e-03
7.915000000000e+02  2.379920000000e-02
3.610000000000e+02  5.681910000000e-02
1.695000000000e+02  1.224680000000e-01
8.168000000000e+01  2.238970000000e-01
4.028000000000e+01  3.134460000000e-01
2.025000000000e+01  2.749750000000e-01
1.023000000000e+01  1.105640000000e-01
4.802000000000e+00  1.192150000000e-02
2.339000000000e+00  6.528000000000e-04
S 16   1
3.652000000000e+06 -5.000000000000e-07
5.468000000000e+05 -3.800000000000e-06
1.245000000000e+05 -1.980000000000e-05
3.544000000000e+04 -8.210000000000e-05
1.184000000000e+04 -2.858000000000e-04
4.434000000000e+03 -8.785000000000e-04
1.812000000000e+03 -2.448200000000e-03
7.915000000000e+02 -6.310000000000e-03
3.610000000000e+02 -1.548540000000e-02
1.695000000000e+02 -3.495890000000e-02
8.168000000000e+01 -7.077290000000e-02
4.028000000000e+01 -1.194230000000e-01
2.025000000000e+01 -1.488420000000e-01
1.023000000000e+01 -5.904650000000e-02
4.802000000000e+00  2.166930000000e-01
2.339000000000e+00  4.765570000000e-01
S 16   1
3.652000000000e+06  1.000000000000e-07
5.468000000000e+05  9.000000000000e-07
1.245000000000e+05  4.600000000000e-06
3.544000000000e+04  1.900000000000e-05
1.184000000000e+04  6.590000000000e-05
4.434000000000e+03  2.031000000000e-04
1.812000000000e+03  5.647000000000e-04
7.915000000000e+02  1.462000000000e-03
3.610000000000e+02  3.579400000000e-03
1.695000000000e+02  8.151600000000e-03
8.168000000000e+01  1.652760000000e-02
4.028000000000e+01  2.854670000000e-02
2.025000000000e+01  3.614840000000e-02
1.023000000000e+01  1.538040000000e-02
4.802000000000e+00 -6.121410000000e-02
2.339000000000e+00 -1.512630000000e-01
S 1   1
1.163000000000e+00  1.000000000000e+00
S 1   1
5.882000000000e-01  1.000000000000e+00
S 1   1
2.311000000000e-01  1.000000000000e+00
S 1   1
1.027000000000e-01  1.000000000000e+00
S 1   1
4.521000000000e-02  1.000000000000e+00
S 1   1
1.737000000000e-02  1.000000000000e+00
S 1   1
6.673676000000e-03  1.000000000000e+00
P 9   1
2.884000000000e+03  6.380000000000e-05
6.832000000000e+02  5.631000000000e-04
2.220000000000e+02  3.169100000000e-03
8.482000000000e+01  1.324010000000e-02
3.581000000000e+01  4.334030000000e-02
1.622000000000e+01  1.119500000000e-01
7.702000000000e+00  2.177960000000e-01
3.741000000000e+00  3.116750000000e-01
1.831000000000e+00  3.167220000000e-01
P 9   1
2.884000000000e+03 -8.000000000000e-06
6.832000000000e+02 -6.510000000000e-05
2.220000000000e+02 -3.999000000000e-04
8.482000000000e+01 -1.536900000000e-03
3.581000000000e+01 -5.564400000000e-03
1.622000000000e+01 -1.311060000000e-02
7.702000000000e+00 -2.972000000000e-02
3.741000000000e+00 -3.471950000000e-02
1.831000000000e+00 -5.516210000000e-02
P 1   1
8.878000000000e-01  1.000000000000e+00
P 1   1
3.989000000000e-01  1.000000000000e+00
P 1   1
1.718000000000e-01  1.000000000000e+00
P 1   1
7.298000000000e-02  1.000000000000e+00
P 1   1
3.069000000000e-02  1.000000000000e+00
P 1   1
1.021000000000e-02  1.000000000000e+00
P 1   1
3.396680000000e-03  1.000000000000e+00
D 1   1
2.214300000000e+00  1.000000000000e+00
D 1   1
9.449000000000e-01  1.000000000000e+00
D 1   1
4.032000000000e-01  1.000000000000e+00
D 1   1
1.721000000000e-01  1.000000000000e+00
D 1   1
7.343000000000e-02  1.000000000000e+00
D 1   1
2.666000000000e-02  1.000000000000e+00
D 1   1
9.679363000000e-03  1.000000000000e+00
F 1   1
8.756000000000e-01  1.000000000000e+00
F 1   1
4.472000000000e-01  1.000000000000e+00
F 1   1
2.284000000000e-01  1.000000000000e+00
F 1   1
1.167000000000e-01  1.000000000000e+00
F 1   1
4.625000000000e-02  1.000000000000e+00
F 1   1
1.832958000000e-02  1.000000000000e+00
G 1   1
6.952000000000e-01  1.000000000000e+00
G 1   1
3.771000000000e-01  1.000000000000e+00
G 1   1
2.046000000000e-01  1.000000000000e+00
G 1   1
8.545000000000e-02  1.000000000000e+00
G 1   1
3.568770000000e-02  1.000000000000e+00
H 1   1
6.560000000000e-01  1.000000000000e+00
H 1   1
3.300000000000e-01  1.000000000000e+00
H 1   1
1.655000000000e-01  1.000000000000e+00
H 1   1
8.300076000000e-02  1.000000000000e+00
I 1   1
5.302000000000e-01  1.000000000000e+00
I 1   1
2.990000000000e-01  1.000000000000e+00
I 1   1
1.686175000000e-01  1.000000000000e+00
@END

@ATOMBASIS SI
S 16   1
4.465000000000e+06  1.700000000000e-06
6.685000000000e+05  1.360000000000e-05
1.522000000000e+05  7.140000000000e-05
4.330000000000e+04  2.973000000000e-04
1.441000000000e+04  1.038300000000e-03
5.394000000000e+03  3.174700000000e-03
2.212000000000e+03  8.732400000000e-03
9.681000000000e+02  2.238300000000e-02
4.412000000000e+02  5.372730000000e-02
2.071000000000e+02  1.166490000000e-01
9.980000000000e+01  2.159780000000e-01
4.924000000000e+01  3.095660000000e-01
2.474000000000e+01  2.839450000000e-01
1.247000000000e+01  1.222320000000e-01
5.795000000000e+00  1.419520000000e-02
2.830000000000e+00  3.121000000000e-04
S 16   1
4.465000000000e+06 -5.000000000000e-07
6.685000000000e+05 -3.600000000000e-06
1.522000000000e+05 -1.900000000000e-05
4.330000000000e+04 -7.910000000000e-05
1.441000000000e+04 -2.769000000000e-04
5.394000000000e+03 -8.472000000000e-04
2.212000000000e+03 -2.347800000000e-03
9.681000000000e+02 -6.070500000000e-03
4.412000000000e+02 -1.497110000000e-02
2.071000000000e+02 -3.397290000000e-02
9.980000000000e+01 -6.945840000000e-02
4.924000000000e+01 -1.190010000000e-01
2.474000000000e+01 -1.536450000000e-01
1.247000000000e+01 -7.046840000000e-02
5.795000000000e+00  2.131490000000e-01
2.830000000000e+00  4.915960000000e-01
S 16   1
4.465000000000e+06  1.000000000000e-07
6.685000000000e+05  9.000000000000e-07
1.522000000000e+05  4.900000000000e-06
4.330000000000e+04  2.030000000000e-05
1.441000000000e+04  7.090000000000e-05
5.394000000000e+03  2.172000000000e-04
2.212000000000e+03  6.013000000000e-04
9.681000000000e+02  1.559100000000e-03
4.412000000000e+02  3.844300000000e-03
2.071000000000e+02  8.779700000000e-03
9.980000000000e+01  1.803880000000e-02
4.924000000000e+01  3.152240000000e-02
2.474000000000e+01  4.169050000000e-02
1.247000000000e+01  2.009730000000e-02
5.795000000000e+00 -6.674840000000e-02
2.830000000000e+00 -1.819060000000e-01
S 1   1
1.407000000000e+00  1.000000000000e+00
S 1   1
6.995000000000e-01  1.000000000000e+00
S 1   1
3.083000000000e-01  1.000000000000e+00
S 1   1
1.385000000000e-01  1.000000000000e+00
S 1   1
6.145000000000e-02  1.000000000000e+00
S 1   1
2.539000000000e-02  1.000000000000e+00
S 1   1
1.049068000000e-02  1.000000000000e+00
P 9   1
3.572000000000e+03  5.990000000000e-05
8.460000000000e+02  5.296000000000e-04
2.748000000000e+02  2.995800000000e-03
1.050000000000e+02  1.263350000000e-02
4.435000000000e+01  4.190440000000e-02
2.008000000000e+01  1.102590000000e-01
9.530000000000e+00  2.188310000000e-01
4.634000000000e+00  3.178280000000e-01
2.280000000000e+00  3.194250000000e-01
P 9   1
3.572000000000e+03 -1.280000000000e-05
8.460000000000e+02 -1.126000000000e-04
2.748000000000e+02 -6.402000000000e-04
1.050000000000e+02 -2.702900000000e-03
4.435000000000e+01 -9.078900000000e-03
2.008000000000e+01 -2.423480000000e-02
9.530000000000e+00 -4.934600000000e-02
4.634000000000e+00 -7.258590000000e-02
2.280000000000e+00 -8.042580000000e-02
P 1   1
1.116000000000e+00  1.000000000000e+00
P 1   1
4.991000000000e-01  1.000000000000e+00
P 1   1
2.254000000000e-01  1.000000000000e+00
P 1   1
1.001000000000e-01  1.000000000000e+00
P 1   1
4.332000000000e-02  1.000000000000e+00
P 1   1
1.694000000000e-02  1.000000000000e+00
P 1   1
6.624275000000e-03  1.000000000000e+00
D 1   1
3.238600000000e+00  1.000000000000e+00
D 1   1
1.376700000000e+00  1.000000000000e+00
D 1   1
5.853000000000e-01  1.000000000000e+00
D 1   1
2.488000000000e-01  1.000000000000e+00
D 1   1
1.058000000000e-01  1.000000000000e+00
D 1   1
4.139000000000e-02  1.000000000000e+00
D 1   1
1.619217000000e-02  1.000000000000e+00
F 1   1
1.351000000000e+00  1.000000000000e+00
F 1   1
6.600000000000e-01  1.000000000000e+00
F 1   1
3.225000000000e-01  1.000000000000e+00
F 1   1
1.575000000000e-01  1.000000000000e+00
F 1   1
6.884000000000e-02  1.000000000000e+00
F 1   1
3.008854000000e-02  1.000000000000e+00
G 1   1
8.528000000000e-01  1.000000000000e+00
G 1   1
4.631000000000e-01  1.000000000000e+00
G 1   1
2.515000000000e-01  1.000000000000e+00
G 1   1
1.164000000000e-01  1.000000000000e+00
G 1   1
5.387260000000e-02  1.000000000000e+00
H 1   1
8.557000000000e-01  1.000000000000e+00
H 1   1
4.231000000000e-01  1.000000000000e+00
H 1   1
2.351000000000e-01  1.000000000000e+00
H 1   1
1.306358000000e-01  1.000000000000e+00
I 1   1
6.946000000000e-01  1.000000000000e+00
I 1   1
4.271000000000e-01  1.000000000000e+00
I 1   1
2.626179000000e-01  1.000000000000e+00
@END

@ATOMBASIS P
S 16   1
5.384000000000e+06  1.600000000000e-06
8.062000000000e+05  1.280000000000e-05
1.836000000000e+05  6.720000000000e-05
5.225000000000e+04  2.797000000000e-04
1.739000000000e+04  9.767000000000e-04
6.523000000000e+03  2.968400000000e-03
2.687000000000e+03  8.124000000000e-03
1.178000000000e+03  2.092000000000e-02
5.362000000000e+02  5.055900000000e-02
2.515000000000e+02  1.104790000000e-01
1.213000000000e+02  2.069570000000e-01
5.988000000000e+01  3.047370000000e-01
3.005000000000e+01  2.929520000000e-01
1.512000000000e+01  1.355610000000e-01
7.010000000000e+00  1.732080000000e-02
3.441000000000e+00 -3.520000000000e-05
S 16   1
5.384000000000e+06 -4.000000000000e-07
8.062000000000e+05 -3.500000000000e-06
1.836000000000e+05 -1.830000000000e-05
5.225000000000e+04 -7.590000000000e-05
1.739000000000e+04 -2.657000000000e-04
6.523000000000e+03 -8.080000000000e-04
2.687000000000e+03 -2.227300000000e-03
1.178000000000e+03 -5.783300000000e-03
5.362000000000e+02 -1.434380000000e-02
2.515000000000e+02 -3.270610000000e-02
1.213000000000e+02 -6.737160000000e-02
5.988000000000e+01 -1.176470000000e-01
3.005000000000e+01 -1.572800000000e-01
1.512000000000e+01 -8.385440000000e-02
7.010000000000e+00  1.997180000000e-01
3.441000000000e+00  4.986050000000e-01
S 16   1
5.384000000000e+06  1.000000000000e-07
8.062000000000e+05  1.000000000000e-06
1.836000000000e+05  5.000000000000e-06
5.225000000000e+04  2.090000000000e-05
1.739000000000e+04  7.300000000000e-05
6.523000000000e+03  2.221000000000e-04
2.687000000000e+03  6.122000000000e-04
1.178000000000e+03  1.591800000000e-03
5.362000000000e+02  3.953400000000e-03
2.515000000000e+02  9.057200000000e-03
1.213000000000e+02  1.879090000000e-02
5.988000000000e+01  3.338310000000e-02
3.005000000000e+01  4.594840000000e-02
1.512000000000e+01  2.552400000000e-02
7.010000000000e+00 -6.694960000000e-02
3.441000000000e+00 -2.036450000000e-01
S 1   1
1.712000000000e+00  1.000000000000e+00
S 1   1
8.337000000000e-01  1.000000000000e+00
S 1   1
3.912000000000e-01  1.000000000000e+00
S 1   1
1.777000000000e-01  1.000000000000e+00
S 1   1
7.939000000000e-02  1.000000000000e+00
S 1   1
3.228000000000e-02  1.000000000000e+00
S 1   1
1.312506000000e-02  1.000000000000e+00
P 9   1
4.552000000000e+03  5.200000000000e-05
1.078000000000e+03  4.604000000000e-04
3.501000000000e+02  2.620800000000e-03
1.338000000000e+02  1.118730000000e-02
5.652000000000e+01  3.782290000000e-02
2.558000000000e+01  1.021160000000e-01
1.214000000000e+01  2.103140000000e-01
5.902000000000e+00  3.173830000000e-01
2.910000000000e+00  3.271650000000e-01
P 9   1
4.552000000000e+03 -1.240000000000e-05
1.078000000000e+03 -1.094000000000e-04
3.501000000000e+02 -6.256000000000e-04
1.338000000000e+02 -2.673400000000e-03
5.652000000000e+01 -9.155200000000e-03
2.558000000000e+01 -2.509930000000e-02
1.214000000000e+01 -5.318100000000e-02
5.902000000000e+00 -8.158880000000e-02
2.910000000000e+00 -9.197250000000e-02
P 1   1
1.435000000000e+00  1.000000000000e+00
P 1   1
6.570000000000e-01  1.000000000000e+00
P 1   1
3.005000000000e-01  1.000000000000e+00
P 1   1
1.340000000000e-01  1.000000000000e+00
P 1   1
5.783000000000e-02  1.000000000000e+00
P 1   1
2.197000000000e-02  1.000000000000e+00
P 1   1
8.346549000000e-03  1.000000000000e+00
D 1   1
4.300800000000e+00  1.000000000000e+00
D 1   1
1.834600000000e+00  1.000000000000e+00
D 1   1
7.826000000000e-01  1.000000000000e+00
D 1   1
3.339000000000e-01  1.000000000000e+00
D 1   1
1.424000000000e-01  1.000000000000e+00
D 1   1
5.492000000000e-02  1.000000000000e+00
D 1   1
2.118122000000e-02  1.000000000000e+00
F 1   1
1.816000000000e+00  1.000000000000e+00
F 1   1
8.806000000000e-01  1.000000000000e+00
F 1   1
4.270000000000e-01  1.000000000000e+00
F 1   1
2.070000000000e-01  1.000000000000e+00
F 1   1
8.710000000000e-02  1.000000000000e+00
F 1   1
3.664932000000e-02  1.000000000000e+00
G 1   1
1.061600000000e+00  1.000000000000e+00
G 1   1
5.791000000000e-01  1.000000000000e+00
G 1   1
3.159000000000e-01  1.000000000000e+00
G 1   1
1.470000000000e-01  1.000000000000e+00
G 1   1
6.840456000000e-02  1.000000000000e+00
H 1   1
1.085000000000e+00  1.000000000000e+00
H 1   1
5.277000000000e-01  1.000000000000e+00
H 1   1
2.874000000000e-01  1.000000000000e+00
H 1   1
1.565260000000e-01  1.000000000000e+00
I 1   1
8.890000000000e-01  1.000000000000e+00
I 1   1
5.151000000000e-01  1.000000000000e+00
I 1   1
2.984567000000e-01  1.000000000000e+00
@END

@ATOMBASIS S
S 16   1
6.297000000000e+06  1.600000000000e-06
9.431000000000e+05  1.240000000000e-05
2.149000000000e+05  6.490000000000e-05
6.125000000000e+04  2.693000000000e-04
2.045000000000e+04  9.347000000000e-04
7.719000000000e+03  2.808300000000e-03
3.198000000000e+03  7.674000000000e-03
1.402000000000e+03  1.988980000000e-02
6.372000000000e+02  4.825890000000e-02
2.989000000000e+02  1.057570000000e-01
1.443000000000e+02  2.002230000000e-01
7.121000000000e+01  3.007280000000e-01
3.573000000000e+01  2.986880000000e-01
1.797000000000e+01  1.463470000000e-01
8.341000000000e+00  2.011590000000e-02
4.112000000000e+00 -2.488000000000e-04
S 16   1
6.297000000000e+06 -4.000000000000e-07
9.431000000000e+05 -3.400000000000e-06
2.149000000000e+05 -1.790000000000e-05
6.125000000000e+04 -7.440000000000e-05
2.045000000000e+04 -2.587000000000e-04
7.719000000000e+03 -7.777000000000e-04
3.198000000000e+03 -2.139600000000e-03
1.402000000000e+03 -5.590600000000e-03
6.372000000000e+02 -1.390760000000e-02
2.989000000000e+02 -3.176890000000e-02
1.443000000000e+02 -6.593020000000e-02
7.121000000000e+01 -1.168320000000e-01
3.573000000000e+01 -1.597870000000e-01
1.797000000000e+01 -9.453220000000e-02
8.341000000000e+00  1.878280000000e-01
4.112000000000e+00  5.046830000000e-01
S 16   1
6.297000000000e+06  1.000000000000e-07
9.431000000000e+05  1.000000000000e-06
2.149000000000e+05  5.200000000000e-06
6.125000000000e+04  2.160000000000e-05
2.045000000000e+04  7.510000000000e-05
7.719000000000e+03  2.258000000000e-04
3.198000000000e+03  6.217000000000e-04
1.402000000000e+03  1.625100000000e-03
6.372000000000e+02  4.053500000000e-03
2.989000000000e+02  9.290200000000e-03
1.443000000000e+02  1.945610000000e-02
7.121000000000e+01  3.500400000000e-02
3.573000000000e+01  4.948970000000e-02
1.797000000000e+01  3.034430000000e-02
8.341000000000e+00 -6.636610000000e-02
4.112000000000e+00 -2.231540000000e-01
S 1   1
2.045000000000e+00  1.000000000000e+00
S 1   1
9.770000000000e-01  1.000000000000e+00
S 1   1
4.766000000000e-01  1.000000000000e+00
S 1   1
2.185000000000e-01  1.000000000000e+00
S 1   1
9.759000000000e-02  1.000000000000e+00
S 1   1
3.893000000000e-02  1.000000000000e+00
S 1   1
1.552972000000e-02  1.000000000000e+00
P 9   1
5.266000000000e+03  5.230000000000e-05
1.247000000000e+03  4.635000000000e-04
4.050000000000e+02  2.641000000000e-03
1.548000000000e+02  1.131690000000e-02
6.538000000000e+01  3.847040000000e-02
2.959000000000e+01  1.043390000000e-01
1.404000000000e+01  2.156840000000e-01
6.824000000000e+00  3.252600000000e-01
3.369000000000e+00  3.261780000000e-01
P 9   1
5.266000000000e+03 -1.330000000000e-05
1.247000000000e+03 -1.179000000000e-04
4.050000000000e+02 -6.759000000000e-04
1.548000000000e+02 -2.897300000000e-03
6.538000000000e+01 -9.998000000000e-03
2.959000000000e+01 -2.754160000000e-02
1.404000000000e+01 -5.879430000000e-02
6.824000000000e+00 -9.037610000000e-02
3.369000000000e+00 -9.998910000000e-02
P 1   1
1.666000000000e+00  1.000000000000e+00
P 1   1
7.681000000000e-01  1.000000000000e+00
P 1   1
3.504000000000e-01  1.000000000000e+00
P 1   1
1.556000000000e-01  1.000000000000e+00
P 1   1
6.681000000000e-02  1.000000000000e+00
P 1   1
2.648000000000e-02  1.000000000000e+00
P 1   1
1.049529000000e-02  1.000000000000e+00
D 1   1
5.075500000000e+00  1.000000000000e+00
D 1   1
2.183300000000e+00  1.000000000000e+00
D 1   1
9.392000000000e-01  1.000000000000e+00
D 1   1
4.040000000000e-01  1.000000000000e+00
D 1   1
1.738000000000e-01  1.000000000000e+00
D 1   1
6.986000000000e-02  1.000000000000e+00
D 1   1
2.808067000000e-02  1.000000000000e+00
F 1   1
2.212000000000e+00  1.000000000000e+00
F 1   1
1.063000000000e+00  1.000000000000e+00
F 1   1
5.100000000000e-01  1.000000000000e+00
F 1   1
2.450000000000e-01  1.000000000000e+00
F 1   1
1.100000000000e-01  1.000000000000e+00
F 1   1
4.938776000000e-02  1.000000000000e+00
G 1   1
1.347300000000e+00  1.000000000000e+00
G 1   1
7.009000000000e-01  1.000000000000e+00
G 1   1
3.647000000000e-01  1.000000000000e+00
G 1   1
1.799000000000e-01  1.000000000000e+00
G 1   1
8.874146000000e-02  1.000000000000e+00
H 1   1
1.286100000000e+00  1.000000000000e+00
H 1   1
6.115000000000e-01  1.000000000000e+00
H 1   1
3.465000000000e-01  1.000000000000e+00
H 1   1
1.963406000000e-01  1.000000000000e+00
I 1   1
1.040900000000e+00  1.000000000000e+00
I 1   1
6.222000000000e-01  1.000000000000e+00
I 1   1
3.719213000000e-01  1.000000000000e+00
@END

@ATOMBASIS CL
S 16   1
7.733000000000e+06  1.434740000000e-06
1.158000000000e+06  1.114860000000e-05
2.637000000000e+05  5.858650000000e-05
7.501000000000e+04  2.445180000000e-04
2.489000000000e+04  8.582870000000e-04
9.318000000000e+03  2.610190000000e-03
3.840000000000e+03  7.137840000000e-03
1.684000000000e+03  1.845640000000e-02
7.663000000000e+02  4.489440000000e-02
3.595000000000e+02  9.938220000000e-02
1.734000000000e+02  1.907820000000e-01
8.561000000000e+01  2.935650000000e-01
4.293000000000e+01  3.064770000000e-01
2.155000000000e+01  1.622090000000e-01
1.005000000000e+01  2.493830000000e-02
4.978000000000e+00 -5.131420000000e-04
S 16   1
7.733000000000e+06 -4.022270000000e-07
1.158000000000e+06 -3.124480000000e-06
2.637000000000e+05 -1.642900000000e-05
7.501000000000e+04 -6.854210000000e-05
2.489000000000e+04 -2.410010000000e-04
9.318000000000e+03 -7.335380000000e-04
3.840000000000e+03 -2.018300000000e-03
1.684000000000e+03 -5.261070000000e-03
7.663000000000e+02 -1.309860000000e-02
3.595000000000e+02 -3.017940000000e-02
1.734000000000e+02 -6.318880000000e-02
8.561000000000e+01 -1.138590000000e-01
4.293000000000e+01 -1.612510000000e-01
2.155000000000e+01 -1.092340000000e-01
1.005000000000e+01  1.629990000000e-01
4.978000000000e+00  5.014130000000e-01
S 16   1
7.733000000000e+06  1.216960000000e-07
1.158000000000e+06  9.451410000000e-07
2.637000000000e+05  4.971190000000e-06
7.501000000000e+04  2.073230000000e-05
2.489000000000e+04  7.294020000000e-05
9.318000000000e+03  2.218990000000e-04
3.840000000000e+03  6.113550000000e-04
1.684000000000e+03  1.593370000000e-03
7.663000000000e+02  3.980010000000e-03
3.595000000000e+02  9.193750000000e-03
1.734000000000e+02  1.943990000000e-02
8.561000000000e+01  3.551870000000e-02
4.293000000000e+01  5.206740000000e-02
2.155000000000e+01  3.656440000000e-02
1.005000000000e+01 -5.975000000000e-02
4.978000000000e+00 -2.316410000000e-01
S 1   1
2.478000000000e+00  1.000000000000e+00
S 1   1
1.180000000000e+00  1.000000000000e+00
S 1   1
5.828000000000e-01  1.000000000000e+00
S 1   1
2.668000000000e-01  1.000000000000e+00
S 1   1
1.183000000000e-01  1.000000000000e+00
S 1   1
4.625000000000e-02  1.000000000000e+00
S 1   1
1.808168000000e-02  1.000000000000e+00
P 9   1
6.091000000000e+03  5.161940000000e-05
1.442000000000e+03  4.584680000000e-04
4.683000000000e+02  2.615090000000e-03
1.790000000000e+02  1.125540000000e-02
7.561000000000e+01  3.845770000000e-02
3.422000000000e+01  1.050810000000e-01
1.623000000000e+01  2.186030000000e-01
7.890000000000e+00  3.308740000000e-01
3.898000000000e+00  3.258790000000e-01
P 9   1
6.091000000000e+03 -1.392590000000e-05
1.442000000000e+03 -1.233240000000e-04
4.683000000000e+02 -7.075510000000e-04
1.790000000000e+02 -3.049390000000e-03
7.561000000000e+01 -1.057520000000e-02
3.422000000000e+01 -2.940940000000e-02
1.623000000000e+01 -6.322960000000e-02
7.890000000000e+00 -9.818700000000e-02
3.898000000000e+00 -1.058700000000e-01
P 1   1
1.933000000000e+00  1.000000000000e+00
P 1   1
9.057000000000e-01  1.000000000000e+00
P 1   1
4.140000000000e-01  1.000000000000e+00
P 1   1
1.836000000000e-01  1.000000000000e+00
P 1   1
7.859000000000e-02  1.000000000000e+00
P 1   1
3.163000000000e-02  1.000000000000e+00
P 1   1
1.273008000000e-02  1.000000000000e+00
D 1   1
6.242800000000e+00  1.000000000000e+00
D 1   1
2.690600000000e+00  1.000000000000e+00
D 1   1
1.159600000000e+00  1.000000000000e+00
D 1   1
4.998000000000e-01  1.000000000000e+00
D 1   1
2.154000000000e-01  1.000000000000e+00
D 1   1
8.885000000000e-02  1.000000000000e+00
D 1   1
3.664959000000e-02  1.000000000000e+00
F 1   1
2.532700000000e+00  1.000000000000e+00
F 1   1
1.240600000000e+00  1.000000000000e+00
F 1   1
6.077000000000e-01  1.000000000000e+00
F 1   1
2.977000000000e-01  1.000000000000e+00
F 1   1
1.465000000000e-01  1.000000000000e+00
F 1   1
7.209355000000e-02  1.000000000000e+00
G 1   1
1.538800000000e+00  1.000000000000e+00
G 1   1
8.050000000000e-01  1.000000000000e+00
G 1   1
4.212000000000e-01  1.000000000000e+00
G 1   1
2.177000000000e-01  1.000000000000e+00
G 1   1
1.125197000000e-01  1.000000000000e+00
H 1   1
1.561300000000e+00  1.000000000000e+00
H 1   1
7.397000000000e-01  1.000000000000e+00
H 1   1
4.365000000000e-01  1.000000000000e+00
H 1   1
2.575804000000e-01  1.000000000000e+00
I 1   1
1.257200000000e+00  1.000000000000e+00
I 1   1
8.074000000000e-01  1.000000000000e+00
I 1   1
5.185291000000e-01  1.000000000000e+00
@END

@ATOMBASIS AR
S 16   1
9.149000000000e+06  1.300000000000e-06
1.370000000000e+06  1.040000000000e-05
3.119000000000e+05  5.490000000000e-05
8.865000000000e+04  2.296000000000e-04
2.933000000000e+04  8.103000000000e-04
1.093000000000e+04  2.485300000000e-03
4.480000000000e+03  6.836900000000e-03
1.962000000000e+03  1.761990000000e-02
8.941000000000e+02  4.287520000000e-02
4.196000000000e+02  9.548530000000e-02
2.023000000000e+02  1.850640000000e-01
9.984000000000e+01  2.890420000000e-01
5.007000000000e+01  3.101660000000e-01
2.514000000000e+01  1.721830000000e-01
1.181000000000e+01  2.852270000000e-02
5.882000000000e+00 -5.757000000000e-04
S 16   1
9.149000000000e+06 -4.000000000000e-07
1.370000000000e+06 -3.000000000000e-06
3.119000000000e+05 -1.560000000000e-05
8.865000000000e+04 -6.520000000000e-05
2.933000000000e+04 -2.304000000000e-04
1.093000000000e+04 -7.075000000000e-04
4.480000000000e+03 -1.957300000000e-03
1.962000000000e+03 -5.085600000000e-03
8.941000000000e+02 -1.265280000000e-02
4.196000000000e+02 -2.930650000000e-02
2.023000000000e+02 -6.177120000000e-02
9.984000000000e+01 -1.125410000000e-01
5.007000000000e+01 -1.622930000000e-01
2.514000000000e+01 -1.184120000000e-01
1.181000000000e+01  1.461480000000e-01
5.882000000000e+00  4.977520000000e-01
S 16   1
9.149000000000e+06  1.000000000000e-07
1.370000000000e+06  9.000000000000e-07
3.119000000000e+05  4.900000000000e-06
8.865000000000e+04  2.040000000000e-05
2.933000000000e+04  7.200000000000e-05
1.093000000000e+04  2.210000000000e-04
4.480000000000e+03  6.125000000000e-04
1.962000000000e+03  1.590800000000e-03
8.941000000000e+02  3.972200000000e-03
4.196000000000e+02  9.220400000000e-03
2.023000000000e+02  1.963670000000e-02
9.984000000000e+01  3.625700000000e-02
5.007000000000e+01  5.417250000000e-02
2.514000000000e+01  4.099960000000e-02
1.181000000000e+01 -5.517440000000e-02
5.882000000000e+00 -2.387540000000e-01
S 1   1
2.939000000000e+00  1.000000000000e+00
S 1   1
1.405000000000e+00  1.000000000000e+00
S 1   1
6.963000000000e-01  1.000000000000e+00
S 1   1
3.188000000000e-01  1.000000000000e+00
S 1   1
1.410000000000e-01  1.000000000000e+00
S 1   1
5.357000000000e-02  1.000000000000e+00
S 1   1
2.035280000000e-02  1.000000000000e+00
P 9   1
7.050000000000e+03  5.020000000000e-05
1.669000000000e+03  4.454000000000e-04
5.421000000000e+02  2.548000000000e-03
2.071000000000e+02  1.101550000000e-02
8.752000000000e+01  3.784900000000e-02
3.961000000000e+01  1.043550000000e-01
1.878000000000e+01  2.193350000000e-01
9.130000000000e+00  3.346150000000e-01
4.516000000000e+00  3.267710000000e-01
P 9   1
7.050000000000e+03 -1.400000000000e-05
1.669000000000e+03 -1.243000000000e-04
5.421000000000e+02 -7.147000000000e-04
2.071000000000e+02 -3.096800000000e-03
8.752000000000e+01 -1.079610000000e-02
3.961000000000e+01 -3.035360000000e-02
1.878000000000e+01 -6.597850000000e-02
9.130000000000e+00 -1.038770000000e-01
4.516000000000e+00 -1.099560000000e-01
P 1   1
2.245000000000e+00  1.000000000000e+00
P 1   1
1.065000000000e+00  1.000000000000e+00
P 1   1
4.885000000000e-01  1.000000000000e+00
P 1   1
2.166000000000e-01  1.000000000000e+00
P 1   1
9.255000000000e-02  1.000000000000e+00
P 1   1
3.678000000000e-02  1.000000000000e+00
P 1   1
1.461662000000e-02  1.000000000000e+00
D 1   1
7.632700000000e+00  1.000000000000e+00
D 1   1
3.287600000000e+00  1.000000000000e+00
D 1   1
1.416000000000e+00  1.000000000000e+00
D 1   1
6.099000000000e-01  1.000000000000e+00
D 1   1
2.627000000000e-01  1.000000000000e+00
D 1   1
1.078000000000e-01  1.000000000000e+00
D 1   1
4.423616000000e-02  1.000000000000e+00
F 1   1
3.058200000000e+00  1.000000000000e+00
F 1   1
1.529200000000e+00  1.000000000000e+00
F 1   1
7.647000000000e-01  1.000000000000e+00
F 1   1
3.824000000000e-01  1.000000000000e+00
F 1   1
1.830000000000e-01  1.000000000000e+00
F 1   1
8.757584000000e-02  1.000000000000e+00
G 1   1
1.845000000000e+00  1.000000000000e+00
G 1   1
9.657000000000e-01  1.000000000000e+00
G 1   1
5.055000000000e-01  1.000000000000e+00
G 1   1
2.555000000000e-01  1.000000000000e+00
G 1   1
1.291400000000e-01  1.000000000000e+00
H 1   1
1.874300000000e+00  1.000000000000e+00
H 1   1
8.871000000000e-01  1.000000000000e+00
H 1   1
5.265000000000e-01  1.000000000000e+00
H 1   1
3.124814000000e-01  1.000000000000e+00
I 1   1
1.506600000000e+00  1.000000000000e+00
I 1   1
9.926000000000e-01  1.000000000000e+00
I 1   1
6.539591000000e-01  1.000000000000e+00
@END
7d04db39cf62755318db70e48e5be02c