@BASIS_SET PCSEG-0

@ATOMBASIS H
S 2   1
4.344730000000e+00  9.346430000000e-02
6.604870000000e-01  5.000000000000e-01
S 1   1
1.366870000000e-01  1.000000000000e+00
@END

@ATOMBASIS HE
S 2   1
1.321010000000e+01  1.027740000000e-01
1.943460000000e+00  5.000000000000e-01
S 1   1
3.544370000000e-01  1.000000000000e+00
@END

@ATOMBASIS LI
S 4   1
1.054340000000e+02  2.298120000000e-02
1.594070000000e+01  1.547270000000e-01
3.498620000000e+00  5.000000000000e-01
8.653800000000e-01  6.117960000000e-01
S 1   1
8.600000000000e-02  1.000000000000e+00
S 1   1
3.963370000000e-02  1.000000000000e+00
P 2   1
3.484190000000e-01  2.111030000000e-01
6.249840000000e-02  5.000000000000e-01
@END

@ATOMBASIS BE
S 4   1
1.961270000000e+02  2.194040000000e-02
2.963330000000e+01  1.496740000000e-01
6.553310000000e+00  5.000000000000e-01
1.667990000000e+00  6.162990000000e-01
S 1   1
1.562520000000e-01  1.000000000000e+00
S 1   1
5.602420000000e-02  1.000000000000e+00
P 2   1
5.776310000000e-01  2.146210000000e-01
1.024590000000e-01  5.000000000000e-01
@END

@ATOMBASIS B
S 4   1
3.192340000000e+02  2.126570000000e-02
4.821240000000e+01  1.464550000000e-01
1.072150000000e+01  5.000000000000e-01
2.780430000000e+00  6.242210000000e-01
S 1   1
2.823750000000e-01  1.000000000000e+00
S 1   1
9.500290000000e-02  1.000000000000e+00
P 2   1
2.828000000000e+00  1.160290000000e-01
5.507790000000e-01  5.000000000000e-01
P 1   1
1.220200000000e-01  1.000000000000e+00
@END

@ATOMBASIS C
S 4   1
4.715250000000e+02  2.085060000000e-02
7.119000000000e+01  1.444620000000e-01
1.588600000000e+01  5.000000000000e-01
4.164690000000e+00  6.281380000000e-01
S 1   1
4.425810000000e-01  1.000000000000e+00
S 1   1
1.428360000000e-01  1.000000000000e+00
P 2   1
4.412110000000e+00  1.214530000000e-01
8.798600000000e-01  5.000000000000e-01
P 1   1
1.929920000000e-01  1.000000000000e+00
@END

@ATOMBASIS N
S 4   1
6.532830000000e+02  2.056640000000e-02
9.861000000000e+01  1.430880000000e-01
2.205740000000e+01  5.000000000000e-01
5.823240000000e+00  6.307310000000e-01
S 1   1
6.370840000000e-01  1.000000000000e+00
S 1   1
1.996370000000e-01  1.000000000000e+00
P 2   1
6.322270000000e+00  1.251450000000e-01
1.280760000000e+00  5.000000000000e-01
P 1   1
2.789500000000e-01  1.000000000000e+00
@END

@ATOMBASIS O
S 4   1
8.649000000000e+02  2.036170000000e-02
1.305310000000e+02  1.421090000000e-01
2.925510000000e+01  5.000000000000e-01
7.769650000000e+00  6.333340000000e-01
S 1   1
8.697880000000e-01  1.000000000000e+00
S 1   1
2.697830000000e-01  1.000000000000e+00
P 2   1
8.305530000000e+00  1.311990000000e-01
1.695160000000e+00  5.000000000000e-01
P 1   1
3.579510000000e-01  1.000000000000e+00
@END

@ATOMBASIS F
S 4   1
1.106040000000e+03  2.020320000000e-02
1.669030000000e+02  1.413430000000e-01
3.746030000000e+01  5.000000000000e-01
9.989920000000e+00  6.351470000000e-01
S 1   1
1.137920000000e+00  1.000000000000e+00
S 1   1
3.490830000000e-01  1.000000000000e+00
P 2   1
1.071040000000e+01  1.344270000000e-01
2.198520000000e+00  5.000000000000e-01
P 1   1
4.576870000000e-01  1.000000000000e+00
@END

@ATOMBASIS NE
S 4   1
1.376680000000e+03  2.007830000000e-02
2.077210000000e+02  1.407360000000e-01
4.667290000000e+01  5.000000000000e-01
1.248450000000e+01  6.364570000000e-01
S 1   1
1.440430000000e+00  1.000000000000e+00
S 1   1
4.368130000000e-01  1.000000000000e+00
P 2   1
1.347770000000e+01  1.363980000000e-01
2.780270000000e+00  5.000000000000e-01
P 1   1
5.747980000000e-01  1.000000000000e+00
@END

@ATOMBASIS NA
S 5   1
4.094400000000e+03  5.956380000000e-03
6.161610000000e+02  4.445310000000e-02
1.399680000000e+02  1.976780000000e-01
3.890110000000e+01  5.000000000000e-01
1.200970000000e+01  4.366640000000e-01
S 2   1
1.720630000000e+00  5.000000000000e-01
5.461820000000e-01  3.406410000000e-01
S 1   1
6.182180000000e-02  1.000000000000e+00
S 1   1
2.647780000000e-02  1.000000000000e+00
P 4   1
3.793920000000e+01  5.276660000000e-02
8.452400000000e+00  2.772650000000e-01
2.332290000000e+00  5.876980000000e-01
6.100840000000e-01  5.000000000000e-01
P 1   1
9.500000000000e-02  1.000000000000e+00
@END

@ATOMBASIS MG
S 5   1
4.937880000000e+03  5.882500000000e-03
7.430480000000e+02  4.394090000000e-02
1.688170000000e+02  1.961250000000e-01
4.698280000000e+01  5.000000000000e-01
1.456270000000e+01  4.426420000000e-01
S 2   1
2.107370000000e+00  5.000000000000e-01
7.090720000000e-01  3.223040000000e-01
S 1   1
1.017380000000e-01  1.000000000000e+00
S 1   1
3.778400000000e-02  1.000000000000e+00
P 4   1
4.960390000000e+01  4.975410000000e-02
1.115460000000e+01  2.691270000000e-01
3.137800000000e+00  5.947730000000e-01
8.626060000000e-01  5.000000000000e-01
P 1   1
1.600000000000e-01  1.000000000000e+00
@END

@ATOMBASIS AL
S 5   1
5.874370000000e+03  5.813170000000e-03
8.839120000000e+02  4.345980000000e-02
2.008490000000e+02  1.946370000000e-01
5.597070000000e+01  5.000000000000e-01
1.740770000000e+01  4.494170000000e-01
S 2   1
2.533720000000e+00  5.000000000000e-01
8.867030000000e-01  2.977360000000e-01
S 1   1
1.613660000000e-01  1.000000000000e+00
S 1   1
6.002940000000e-02  1.000000000000e+00
P 4   1
7.925030000000e+01  2.871460000000e-02
1.820890000000e+01  1.698090000000e-01
5.363380000000e+00  4.467940000000e-01
1.631640000000e+00  5.000000000000e-01
P 1   1
4.015000000000e-01  1.000000000000e+00
P 1   1
8.876260000000e-02  1.000000000000e+00
@END

@ATOMBASIS SI
S 5   1
6.890540000000e+03  5.755350000000e-03
1.036760000000e+03  4.305780000000e-02
2.356050000000e+02  1.934010000000e-01
6.572220000000e+01  5.000000000000e-01
2.050330000000e+01  4.548810000000e-01
S 2   1
2.999230000000e+00  5.000000000000e-01
1.072850000000e+00  2.745570000000e-01
S 1   1
2.268980000000e-01  1.000000000000e+00
S 1   1
8.359680000000e-02  1.000000000000e+00
P 4   1
9.519960000000e+01  2.865100000000e-02
2.193390000000e+01  1.714500000000e-01
6.496560000000e+00  4.559190000000e-01
2.007370000000e+00  5.000000000000e-01
P 1   1
4.809000000000e-01  1.000000000000e+00
P 1   1
1.201880000000e-01  1.000000000000e+00
@END

@ATOMBASIS P
S 5   1
7.988590000000e+03  5.705610000000e-03
1.201920000000e+03  4.271170000000e-02
2.731600000000e+02  1.923330000000e-01
7.626510000000e+01  5.000000000000e-01
2.385680000000e+01  4.596710000000e-01
S 2   1
3.506120000000e+00  5.000000000000e-01
1.268620000000e+00  2.539980000000e-01
S 1   1
3.002480000000e-01  1.000000000000e+00
S 1   1
1.090460000000e-01  1.000000000000e+00
P 4   1
1.130700000000e+02  2.842020000000e-02
2.611640000000e+01  1.720250000000e-01
7.775960000000e+00  4.627400000000e-01
2.437580000000e+00  5.000000000000e-01
P 1   1
5.761730000000e-01  1.000000000000e+00
P 1   1
1.526870000000e-01  1.000000000000e+00
@END

@ATOMBASIS S
S 5   1
9.170840000000e+03  5.661360000000e-03
1.379760000000e+03  4.240180000000e-02
3.136020000000e+02  1.913730000000e-01
8.762300000000e+01  5.000000000000e-01
2.747630000000e+01  4.640860000000e-01
S 2   1
4.056030000000e+00  5.000000000000e-01
1.474870000000e+00  2.366840000000e-01
S 1   1
3.839870000000e-01  1.000000000000e+00
S 1   1
1.386170000000e-01  1.000000000000e+00
P 4   1
1.328300000000e+02  2.809800000000e-02
3.074880000000e+01  1.719070000000e-01
9.199350000000e+00  4.678090000000e-01
2.921270000000e+00  5.000000000000e-01
P 1   1
6.900660000000e-01  1.000000000000e+00
P 1   1
1.806630000000e-01  1.000000000000e+00
@END

@ATOMBASIS CL
S 5   1
1.043620000000e+04  5.622060000000e-03
1.570060000000e+03  4.212950000000e-02
3.568710000000e+02  1.905260000000e-01
9.978010000000e+01  5.000000000000e-01
3.135600000000e+01  4.680420000000e-01
S 2   1
4.648740000000e+00  5.000000000000e-01
1.690600000000e+00  2.221910000000e-01
S 1   1
4.765870000000e-01  1.000000000000e+00
S 1   1
1.709750000000e-01  1.000000000000e+00
P 4   1
1.552550000000e+02  2.742150000000e-02
3.601780000000e+01  1.696760000000e-01
1.082770000000e+01  4.683490000000e-01
3.481740000000e+00  5.000000000000e-01
P 1   1
8.395620000000e-01  1.000000000000e+00
P 1   1
2.188920000000e-01  1.000000000000e+00
@END

@ATOMBASIS AR
S 5   1
1.178330000000e+04  5.587740000000e-03
1.772670000000e+03  4.189000000000e-02
4.029460000000e+02  1.897790000000e-01
1.127300000000e+02  5.000000000000e-01
3.549430000000e+01  4.715690000000e-01
S 2   1
5.284260000000e+00  5.000000000000e-01
1.915210000000e+00  2.100550000000e-01
S 1   1
5.779400000000e-01  1.000000000000e+00
S 1   1
2.056150000000e-01  1.000000000000e+00
P 4   1
1.795570000000e+02  2.679870000000e-02
4.173220000000e+01  1.675280000000e-01
1.259830000000e+01  4.684930000000e-01
4.095450000000e+00  5.000000000000e-01
P 1   1
1.009600000000e+00  1.000000000000e+00
P 1   1
2.635570000000e-01  1.000000000000e+00
@END

@ATOMBASIS K
S 5   1
1.307940000000e+04  5.591260000000e-03
1.967650000000e+03  4.191720000000e-02
4.472750000000e+02  1.899410000000e-01
1.251820000000e+02  5.000000000000e-01
3.949830000000e+01  4.676180000000e-01
S 2   1
5.977210000000e+00  5.000000000000e-01
2.180900000000e+00  1.979430000000e-01
S 2   1
6.684450000000e-01  5.000000000000e-01
2.406280000000e-01  2.488370000000e-01
S 1   1
3.480750000000e-02  1.000000000000e+00
S 1   1
1.880000000000e-02  1.000000000000e+00
P 4   1
1.841140000000e+02  3.093620000000e-02
4.268130000000e+01  1.893650000000e-01
1.281890000000e+01  5.000000000000e-01
4.158260000000e+00  4.486070000000e-01
P 1   1
6.437090000000e-01  1.000000000000e+00
P 1   1
6.670000000000e-02  1.000000000000e+00
D 2   1
7.211000000000e-01  1.996300000000e-01
9.303550000000e-02  5.000000000000e-01
@END

@ATOMBASIS CA
S 5   1
1.458850000000e+04  5.558060000000e-03
2.194620000000e+03  4.168510000000e-02
4.988890000000e+02  1.892060000000e-01
1.397000000000e+02  5.000000000000e-01
4.416370000000e+01  4.711770000000e-01
S 2   1
6.702050000000e+00  5.000000000000e-01
2.448800000000e+00  1.892120000000e-01
S 2   1
7.903050000000e-01  5.000000000000e-01
3.048330000000e-01  2.330680000000e-01
S 1   1
5.488660000000e-02  1.000000000000e+00
S 1   1
2.251130000000e-02  1.000000000000e+00
P 4   1
2.098840000000e+02  3.026380000000e-02
4.874140000000e+01  1.869860000000e-01
1.469890000000e+01  5.000000000000e-01
4.815600000000e+00  4.497330000000e-01
P 1   1
8.067670000000e-01  1.000000000000e+00
P 1   1
8.710000000000e-02  1.000000000000e+00
D 2   1
1.093800000000e+00  2.140140000000e-01
1.575930000000e-01  5.000000000000e-01
@END

@ATOMBASIS SC
S 5   1
1.617120000000e+04  5.531310000000e-03
2.432640000000e+03  4.149820000000e-02
5.530170000000e+02  1.886180000000e-01
1.549260000000e+02  5.000000000000e-01
4.905750000000e+01  4.738570000000e-01
S 2   1
7.478940000000e+00  5.000000000000e-01
2.723500000000e+00  1.817620000000e-01
S 2   1
9.215730000000e-01  5.000000000000e-01
3.585360000000e-01  2.323110000000e-01
S 1   1
6.674420000000e-02  1.000000000000e+00
S 1   1
2.702230000000e-02  1.000000000000e+00
P 4   1
2.367050000000e+02  2.976990000000e-02
5.505060000000e+01  1.853280000000e-01
1.665970000000e+01  5.000000000000e-01
5.500460000000e+00  4.488980000000e-01
P 1   1
9.568330000000e-01  1.000000000000e+00
P 1   1
1.030000000000e-01  1.000000000000e+00
D 3   1
9.695900000000e+00  7.756700000000e-02
2.424410000000e+00  3.021660000000e-01
6.687790000000e-01  5.000000000000e-01
D 1   1
1.571190000000e-01  1.000000000000e+00
@END

@ATOMBASIS TI
S 5   1
1.783100000000e+04  5.508240000000e-03
2.682280000000e+03  4.133700000000e-02
6.097860000000e+02  1.881120000000e-01
1.708970000000e+02  5.000000000000e-01
5.419560000000e+01  4.760680000000e-01
S 2   1
8.304060000000e+00  5.000000000000e-01
3.011480000000e+00  1.756860000000e-01
S 2   1
1.060690000000e+00  5.000000000000e-01
4.138740000000e-01  2.390220000000e-01
S 1   1
7.674420000000e-02  1.000000000000e+00
S 1   1
3.095830000000e-02  1.000000000000e+00
P 4   1
2.647890000000e+02  2.937530000000e-02
6.165900000000e+01  1.840490000000e-01
1.871630000000e+01  5.000000000000e-01
6.218620000000e+00  4.473810000000e-01
P 1   1
1.107200000000e+00  1.000000000000e+00
P 1   1
1.189000000000e-01  1.000000000000e+00
D 3   1
1.224090000000e+01  7.430520000000e-02
3.127570000000e+00  2.980000000000e-01
8.928620000000e-01  5.000000000000e-01
D 1   1
2.180650000000e-01  1.000000000000e+00
@END

@ATOMBASIS V
S 5   1
1.957380000000e+04  5.486660000000e-03
2.944330000000e+03  4.118740000000e-02
6.693610000000e+02  1.876450000000e-01
1.876540000000e+02  5.000000000000e-01
5.958950000000e+01  4.780540000000e-01
S 2   1
9.176810000000e+00  5.000000000000e-01
3.315890000000e+00  1.708380000000e-01
S 2   1
1.210000000000e+00  5.000000000000e-01
4.738460000000e-01  2.495510000000e-01
S 1   1
8.701510000000e-02  1.000000000000e+00
S 1   1
3.498110000000e-02  1.000000000000e+00
P 4   1
2.942710000000e+02  2.904030000000e-02
6.859770000000e+01  1.829900000000e-01
2.087800000000e+01  5.000000000000e-01
6.973930000000e+00  4.456780000000e-01
P 1   1
1.263540000000e+00  1.000000000000e+00
P 1   1
1.350000000000e-01  1.000000000000e+00
D 3   1
1.454680000000e+01  7.340380000000e-02
3.764310000000e+00  2.980670000000e-01
1.090100000000e+00  5.000000000000e-01
D 1   1
2.703640000000e-01  1.000000000000e+00
@END

@ATOMBASIS CR
S 5   1
2.138960000000e+04  5.469210000000e-03
3.217450000000e+03  4.106470000000e-02
7.314880000000e+02  1.872570000000e-01
2.051460000000e+02  5.000000000000e-01
6.522970000000e+01  4.797110000000e-01
S 2   1
1.009470000000e+01  5.000000000000e-01
3.632510000000e+00  1.666280000000e-01
S 2   1
1.363740000000e+00  5.000000000000e-01
5.328460000000e-01  2.558700000000e-01
S 1   1
9.774970000000e-02  1.000000000000e+00
S 1   1
3.896610000000e-02  1.000000000000e+00
P 4   1
3.251680000000e+02  2.875480000000e-02
7.587700000000e+01  1.820910000000e-01
2.315030000000e+01  5.000000000000e-01
7.768410000000e+00  4.440690000000e-01
P 1   1
1.426930000000e+00  1.000000000000e+00
P 1   1
1.517000000000e-01  1.000000000000e+00
D 3   1
1.682600000000e+01  7.328600000000e-02
4.394180000000e+00  2.995600000000e-01
1.282600000000e+00  5.000000000000e-01
D 1   1
3.201970000000e-01  1.000000000000e+00
@END

@ATOMBASIS MN
S 5   1
2.329000000000e+04  5.452110000000e-03
3.503290000000e+03  4.094450000000e-02
7.964890000000e+02  1.868790000000e-01
2.234390000000e+02  5.000000000000e-01
7.112740000000e+01  4.812510000000e-01
S 2   1
1.105960000000e+01  5.000000000000e-01
3.966430000000e+00  1.632000000000e-01
S 2   1
1.526920000000e+00  5.000000000000e-01
5.957700000000e-01  2.644390000000e-01
S 1   1
1.080960000000e-01  1.000000000000e+00
S 1   1
4.264730000000e-02  1.000000000000e+00
P 4   1
3.574990000000e+02  2.850520000000e-02
8.349200000000e+01  1.813290000000e-01
2.552930000000e+01  5.000000000000e-01
8.600730000000e+00  4.424150000000e-01
P 1   1
1.596550000000e+00  1.000000000000e+00
P 1   1
1.689000000000e-01  1.000000000000e+00
D 3   1
1.928130000000e+01  7.288880000000e-02
5.074410000000e+00  3.004010000000e-01
1.492140000000e+00  5.000000000000e-01
D 1   1
3.754900000000e-01  1.000000000000e+00
@END

@ATOMBASIS FE
S 5   1
2.526670000000e+04  5.437050000000e-03
3.800580000000e+03  4.083910000000e-02
8.640930000000e+02  1.865500000000e-01
2.424680000000e+02  5.000000000000e-01
7.726980000000e+01  4.825460000000e-01
S 2   1
1.206980000000e+01  5.000000000000e-01
4.316110000000e+00  1.598750000000e-01
S 2   1
1.697390000000e+00  5.000000000000e-01
6.626650000000e-01  2.687340000000e-01
S 1   1
1.142350000000e-01  1.000000000000e+00
S 1   1
4.356780000000e-02  1.000000000000e+00
P 4   1
3.912910000000e+02  2.828210000000e-02
9.145460000000e+01  1.806520000000e-01
2.801950000000e+01  5.000000000000e-01
9.473900000000e+00  4.408020000000e-01
P 1   1
1.779110000000e+00  1.000000000000e+00
P 1   1
1.877000000000e-01  1.000000000000e+00
D 3   1
2.142410000000e+01  7.454190000000e-02
5.668120000000e+00  3.052690000000e-01
1.667630000000e+00  5.000000000000e-01
D 1   1
4.150570000000e-01  1.000000000000e+00
@END

@ATOMBASIS CO
S 5   1
2.732350000000e+04  5.423300000000e-03
4.109910000000e+03  4.074280000000e-02
9.344410000000e+02  1.862480000000e-01
2.622750000000e+02  5.000000000000e-01
8.366630000000e+01  4.837280000000e-01
S 2   1
1.312620000000e+01  5.000000000000e-01
4.682140000000e+00  1.576910000000e-01
S 2   1
1.876020000000e+00  5.000000000000e-01
7.315220000000e-01  2.751680000000e-01
S 1   1
1.206900000000e-01  1.000000000000e+00
S 1   1
4.472980000000e-02  1.000000000000e+00
P 4   1
4.264770000000e+02  2.808820000000e-02
9.974900000000e+01  1.800780000000e-01
3.061630000000e+01  5.000000000000e-01
1.038500000000e+01  4.392000000000e-01
P 1   1
1.967880000000e+00  1.000000000000e+00
P 1   1
2.071000000000e-01  1.000000000000e+00
D 3   1
2.385040000000e+01  7.521980000000e-02
6.343370000000e+00  3.077360000000e-01
1.871080000000e+00  5.000000000000e-01
D 1   1
4.641740000000e-01  1.000000000000e+00
@END

@ATOMBASIS NI
S 5   1
2.946180000000e+04  5.410360000000e-03
4.431480000000e+03  4.065240000000e-02
1.007570000000e+03  1.859640000000e-01
2.828620000000e+02  5.000000000000e-01
9.031810000000e+01  4.848140000000e-01
S 2   1
1.422840000000e+01  5.000000000000e-01
5.064360000000e+00  1.555210000000e-01
S 2   1
2.063150000000e+00  5.000000000000e-01
8.030490000000e-01  2.809950000000e-01
S 1   1
1.279060000000e-01  1.000000000000e+00
S 1   1
4.632500000000e-02  1.000000000000e+00
P 4   1
4.631430000000e+02  2.791260000000e-02
1.083940000000e+02  1.795620000000e-01
3.332510000000e+01  5.000000000000e-01
1.133580000000e+01  4.377240000000e-01
P 1   1
2.164420000000e+00  1.000000000000e+00
P 1   1
2.271000000000e-01  1.000000000000e+00
D 3   1
2.638210000000e+01  7.578300000000e-02
7.047840000000e+00  3.098890000000e-01
2.082620000000e+00  5.000000000000e-01
D 1   1
5.153880000000e-01  1.000000000000e+00
@END

@ATOMBASIS CU
S 5   1
3.167930000000e+04  5.398610000000e-03
4.764960000000e+03  4.057020000000e-02
1.083410000000e+03  1.857050000000e-01
3.042200000000e+02  5.000000000000e-01
9.722360000000e+01  4.858010000000e-01
S 2   1
1.537600000000e+01  5.000000000000e-01
5.462670000000e+00  1.536380000000e-01
S 2   1
2.258680000000e+00  5.000000000000e-01
8.773730000000e-01  2.866280000000e-01
S 1   1
1.359510000000e-01  1.000000000000e+00
S 1   1
4.835240000000e-02  1.000000000000e+00
P 4   1
5.012810000000e+02  2.775370000000e-02
1.173890000000e+02  1.791000000000e-01
3.614600000000e+01  5.000000000000e-01
1.232650000000e+01  4.363680000000e-01
P 1   1
2.369090000000e+00  1.000000000000e+00
P 1   1
2.478000000000e-01  1.000000000000e+00
D 3   1
2.900650000000e+01  7.631890000000e-02
7.778330000000e+00  3.119080000000e-01
2.301280000000e+00  5.000000000000e-01
D 1   1
5.682540000000e-01  1.000000000000e+00
@END

@ATOMBASIS ZN
S 5   1
3.397720000000e+04  5.387660000000e-03
5.110570000000e+03  4.049330000000e-02
1.162000000000e+03  1.854640000000e-01
3.263530000000e+02  5.000000000000e-01
1.043820000000e+02  4.867050000000e-01
S 2   1
1.656950000000e+01  5.000000000000e-01
5.877290000000e+00  1.519830000000e-01
S 2   1
2.461710000000e+00  5.000000000000e-01
9.535870000000e-01  2.921160000000e-01
S 1   1
1.439240000000e-01  1.000000000000e+00
S 1   1
5.049770000000e-02  1.000000000000e+00
P 4   1
5.408280000000e+02  2.761270000000e-02
1.267190000000e+02  1.786980000000e-01
3.907460000000e+01  5.000000000000e-01
1.335570000000e+01  4.350390000000e-01
P 1   1
2.580600000000e+00  1.000000000000e+00
P 1   1
2.690000000000e-01  1.000000000000e+00
D 3   1
3.180690000000e+01  7.657420000000e-02
8.558790000000e+00  3.133160000000e-01
2.536480000000e+00  5.000000000000e-01
D 1   1
6.261720000000e-01  1.000000000000e+00
@END

@ATOMBASIS GA
S 5   1
3.638320000000e+04  5.374580000000e-03
5.472360000000e+03  4.040200000000e-02
1.244270000000e+03  1.851730000000e-01
3.495250000000e+02  5.000000000000e-01
1.118820000000e+02  4.881780000000e-01
S 2   1
1.779020000000e+01  5.000000000000e-01
6.294770000000e+00  1.515790000000e-01
S 2   1
2.654400000000e+00  5.000000000000e-01
1.061910000000e+00  2.851060000000e-01
S 1   1
1.918300000000e-01  1.000000000000e+00
S 1   1
7.089920000000e-02  1.000000000000e+00
P 4   1
5.907650000000e+02  2.690150000000e-02
1.385260000000e+02  1.755340000000e-01
4.277190000000e+01  5.000000000000e-01
1.441420000000e+01  4.592020000000e-01
P 2   1
5.782550000000e+00  3.366990000000e-01
1.903830000000e+00  5.000000000000e-01
P 1   1
4.690000000000e-01  1.000000000000e+00
P 1   1
9.539410000000e-02  1.000000000000e+00
D 4   1
3.779780000000e+01  6.883520000000e-02
1.027570000000e+01  2.960670000000e-01
3.145200000000e+00  5.000000000000e-01
8.443040000000e-01  4.109650000000e-01
@END

@ATOMBASIS GE
S 5   1
3.887830000000e+04  5.361470000000e-03
5.847600000000e+03  4.030970000000e-02
1.329620000000e+03  1.848730000000e-01
3.735740000000e+02  5.000000000000e-01
1.196750000000e+02  4.897030000000e-01
S 2   1
1.906060000000e+01  5.000000000000e-01
6.722570000000e+00  1.499270000000e-01
S 2   1
2.871340000000e+00  5.000000000000e-01
1.173910000000e+00  2.809160000000e-01
S 1   1
2.368320000000e-01  1.000000000000e+00
S 1   1
9.007310000000e-02  1.000000000000e+00
P 4   1
6.356000000000e+02  2.670310000000e-02
1.491150000000e+02  1.748120000000e-01
4.610270000000e+01  5.000000000000e-01
1.557040000000e+01  4.603140000000e-01
P 2   1
6.287050000000e+00  3.361510000000e-01
2.087810000000e+00  5.000000000000e-01
P 1   1
5.110000000000e-01  1.000000000000e+00
P 1   1
1.227550000000e-01  1.000000000000e+00
D 4   1
4.329180000000e+01  6.500900000000e-02
1.187350000000e+01  2.872970000000e-01
3.702000000000e+00  5.000000000000e-01
1.037310000000e+00  4.004170000000e-01
@END

@ATOMBASIS AS
S 5   1
4.146100000000e+04  5.348650000000e-03
6.236000000000e+03  4.021960000000e-02
1.417950000000e+03  1.845800000000e-01
3.984630000000e+02  5.000000000000e-01
1.277410000000e+02  4.912130000000e-01
S 2   1
2.037410000000e+01  5.000000000000e-01
7.162320000000e+00  1.483990000000e-01
S 2   1
3.096660000000e+00  5.000000000000e-01
1.288860000000e+00  2.734640000000e-01
S 1   1
2.844410000000e-01  1.000000000000e+00
S 1   1
1.094240000000e-01  1.000000000000e+00
P 4   1
6.822960000000e+02  2.650830000000e-02
1.601470000000e+02  1.740890000000e-01
4.957600000000e+01  5.000000000000e-01
1.677870000000e+01  4.616110000000e-01
P 2   1
6.817740000000e+00  3.359370000000e-01
2.286760000000e+00  5.000000000000e-01
P 1   1
5.570000000000e-01  1.000000000000e+00
P 1   1
1.486950000000e-01  1.000000000000e+00
D 4   1
4.896150000000e+01  6.197660000000e-02
1.352650000000e+01  2.802280000000e-01
4.279470000000e+00  5.000000000000e-01
1.239610000000e+00  3.918670000000e-01
@END

@ATOMBASIS SE
S 5   1
4.413100000000e+04  5.336170000000e-03
6.637520000000e+03  4.013180000000e-02
1.509260000000e+03  1.842950000000e-01
4.241910000000e+02  5.000000000000e-01
1.360830000000e+02  4.926950000000e-01
S 2   1
2.173080000000e+01  5.000000000000e-01
7.613340000000e+00  1.469780000000e-01
S 2   1
3.331470000000e+00  5.000000000000e-01
1.407580000000e+00  2.643740000000e-01
S 1   1
3.368410000000e-01  1.000000000000e+00
S 1   1
1.300370000000e-01  1.000000000000e+00
P 4   1
7.306830000000e+02  2.632300000000e-02
1.715790000000e+02  1.733970000000e-01
5.317820000000e+01  5.000000000000e-01
1.803350000000e+01  4.628490000000e-01
P 2   1
7.368740000000e+00  3.366990000000e-01
2.497180000000e+00  5.000000000000e-01
P 1   1
6.080000000000e-01  1.000000000000e+00
P 1   1
1.667110000000e-01  1.000000000000e+00
D 4   1
5.486640000000e+01  5.945600000000e-02
1.525220000000e+01  2.742740000000e-01
4.884620000000e+00  5.000000000000e-01
1.453880000000e+00  3.851890000000e-01
@END

@ATOMBASIS BR
S 5   1
4.688480000000e+04  5.324540000000e-03
7.051620000000e+03  4.005010000000e-02
1.603450000000e+03  1.840270000000e-01
4.507380000000e+02  5.000000000000e-01
1.446950000000e+02  4.941290000000e-01
S 2   1
2.313100000000e+01  5.000000000000e-01
8.076040000000e+00  1.456710000000e-01
S 2   1
3.576730000000e+00  5.000000000000e-01
1.529210000000e+00  2.544620000000e-01
S 1   1
3.925670000000e-01  1.000000000000e+00
S 1   1
1.520610000000e-01  1.000000000000e+00
P 4   1
7.809790000000e+02  2.614020000000e-02
1.834660000000e+02  1.727030000000e-01
5.692670000000e+01  5.000000000000e-01
1.934220000000e+01  4.642520000000e-01
P 2   1
7.946320000000e+00  3.376450000000e-01
2.722890000000e+00  5.000000000000e-01
P 1   1
6.625280000000e-01  1.000000000000e+00
P 1   1
1.867280000000e-01  1.000000000000e+00
D 4   1
6.097510000000e+01  5.736070000000e-02
1.704040000000e+01  2.692920000000e-01
5.513210000000e+00  5.000000000000e-01
1.678200000000e+00  3.794250000000e-01
@END

@ATOMBASIS KR
S 5   1
4.972280000000e+04  5.313500000000e-03
7.478460000000e+03  3.997200000000e-02
1.700530000000e+03  1.837720000000e-01
4.781030000000e+02  5.000000000000e-01
1.535770000000e+02  4.955030000000e-01
S 2   1
2.457550000000e+01  5.000000000000e-01
8.551240000000e+00  1.445060000000e-01
S 2   1
3.832350000000e+00  5.000000000000e-01
1.653240000000e+00  2.441410000000e-01
S 1   1
4.518840000000e-01  1.000000000000e+00
S 1   1
1.752390000000e-01  1.000000000000e+00
P 4   1
8.332700000000e+02  2.595780000000e-02
1.958250000000e+02  1.719990000000e-01
6.082710000000e+01  5.000000000000e-01
2.070660000000e+01  4.658420000000e-01
P 2   1
8.551020000000e+00  3.386800000000e-01
2.964190000000e+00  5.000000000000e-01
P 1   1
7.222660000000e-01  1.000000000000e+00
P 1   1
2.082350000000e-01  1.000000000000e+00
D 4   1
6.734870000000e+01  5.553830000000e-02
1.891030000000e+01  2.648990000000e-01
6.173290000000e+00  5.000000000000e-01
1.915130000000e+00  3.750690000000e-01
@END
000f58a6489b4488bf3a673742489820