@BASIS_SET PCSEG-1

@ATOMBASIS H
S 3   1
1.225180000000e+01  2.333710000000e-02
1.868710000000e+00  1.591500000000e-01
4.182080000000e-01  5.000000000000e-01
S 1   1
1.061000000000e-01  1.000000000000e+00
P 1   1
1.000000000000e+00  1.000000000000e+00
@END

@ATOMBASIS HE
S 3   1
3.686540000000e+01  2.735560000000e-02
5.580210000000e+00  1.748550000000e-01
1.191700000000e+00  5.000000000000e-01
S 1   1
2.689250000000e-01  1.000000000000e+00
P 1   1
1.450000000000e+00  1.000000000000e+00
@END

@ATOMBASIS LI
S 5   1
2.665500000000e+02  6.928560000000e-03
4.017830000000e+01  5.102750000000e-02
9.112120000000e+00  2.134710000000e-01
2.455220000000e+00  5.000000000000e-01
6.948410000000e-01  4.584020000000e-01
S 2   1
7.701030000000e-01 -7.031000000000e-02
7.786230000000e-02  5.000000000000e-01
S 1   1
2.845800000000e-02  1.000000000000e+00
P 2   1
1.147090000000e+00  1.063580000000e-01
2.134730000000e-01  5.000000000000e-01
P 1   1
4.774730000000e-02  1.000000000000e+00
@END

@ATOMBASIS BE
S 5   1
5.132140000000e+02  6.445490000000e-03
7.730540000000e+01  4.776430000000e-02
1.755260000000e+01  2.050520000000e-01
4.796460000000e+00  5.000000000000e-01
1.396660000000e+00  4.724860000000e-01
S 2   1
1.966130000000e+00 -6.936600000000e-02
1.761510000000e-01  5.000000000000e-01
S 1   1
5.778410000000e-02  1.000000000000e+00
P 2   1
1.794540000000e+00  1.112100000000e-01
3.417270000000e-01  5.000000000000e-01
P 1   1
7.581630000000e-02  1.000000000000e+00
@END

@ATOMBASIS B
S 5   1
8.386940000000e+02  6.190520000000e-03
1.262820000000e+02  4.602990000000e-02
2.868100000000e+01  2.006560000000e-01
7.887570000000e+00  5.000000000000e-01
2.334650000000e+00  4.770760000000e-01
S 2   1
3.459680000000e+00 -7.034050000000e-02
3.170580000000e-01  5.000000000000e-01
S 1   1
9.933030000000e-02  1.000000000000e+00
P 3   1
5.846100000000e+00  4.191750000000e-02
1.206820000000e+00  2.178000000000e-01
3.279970000000e-01  5.000000000000e-01
P 1   1
8.649630000000e-02  1.000000000000e+00
D 1   1
7.000000000000e-01  1.000000000000e+00
@END

@ATOMBASIS C
S 5   1
1.243200000000e+03  6.033660000000e-03
1.871450000000e+02  4.495760000000e-02
4.251260000000e+01  1.979010000000e-01
1.173930000000e+01  5.000000000000e-01
3.505480000000e+00  4.803640000000e-01
S 2   1
5.390890000000e+00 -7.039800000000e-02
4.933410000000e-01  5.000000000000e-01
S 1   1
1.497410000000e-01  1.000000000000e+00
P 3   1
9.180560000000e+00  4.317010000000e-02
1.936580000000e+00  2.249990000000e-01
5.262960000000e-01  5.000000000000e-01
P 1   1
1.363190000000e-01  1.000000000000e+00
D 1   1
8.000000000000e-01  1.000000000000e+00
@END

@ATOMBASIS N
S 5   1
1.726320000000e+03  5.930770000000e-03
2.598270000000e+02  4.425390000000e-02
5.903350000000e+01  1.960960000000e-01
1.635090000000e+01  5.000000000000e-01
4.910840000000e+00  4.829870000000e-01
S 2   1
7.758940000000e+00 -7.033560000000e-02
7.055730000000e-01  5.000000000000e-01
S 1   1
2.092860000000e-01  1.000000000000e+00
P 3   1
1.318440000000e+01  4.407470000000e-02
2.818600000000e+00  2.304780000000e-01
7.655710000000e-01  5.000000000000e-01
P 1   1
1.959490000000e-01  1.000000000000e+00
D 1   1
9.000000000000e-01  1.000000000000e+00
@END

@ATOMBASIS O
S 5   1
2.288640000000e+03  5.854680000000e-03
3.444160000000e+02  4.373330000000e-02
7.825380000000e+01  1.947960000000e-01
2.171950000000e+01  5.000000000000e-01
6.559070000000e+00  4.846140000000e-01
S 2   1
1.046560000000e+01 -7.133430000000e-02
9.643510000000e-01  5.000000000000e-01
S 1   1
2.851270000000e-01  1.000000000000e+00
P 3   1
1.705900000000e+01  4.744390000000e-02
3.689990000000e+00  2.426890000000e-01
9.929960000000e-01  5.000000000000e-01
P 1   1
2.449240000000e-01  1.000000000000e+00
D 1   1
1.000000000000e+00  1.000000000000e+00
@END

@ATOMBASIS F
S 5   1
2.931550000000e+03  5.795040000000e-03
4.411250000000e+02  4.332380000000e-02
1.002320000000e+02  1.937390000000e-01
2.786550000000e+01  5.000000000000e-01
8.444700000000e+00  4.864200000000e-01
S 2   1
1.361230000000e+01 -7.197850000000e-02
1.261220000000e+00  5.000000000000e-01
S 1   1
3.708000000000e-01  1.000000000000e+00
P 3   1
2.193050000000e+01  4.887710000000e-02
4.785520000000e+00  2.478300000000e-01
1.283780000000e+00  5.000000000000e-01
P 1   1
3.115580000000e-01  1.000000000000e+00
D 1   1
1.100000000000e+00  1.000000000000e+00
@END

@ATOMBASIS NE
S 5   1
3.652690000000e+03  5.750830000000e-03
5.495980000000e+02  4.302030000000e-02
1.248890000000e+02  1.929580000000e-01
3.476930000000e+01  5.000000000000e-01
1.056430000000e+01  4.878780000000e-01
S 2   1
1.720340000000e+01 -7.222000000000e-02
1.593480000000e+00  5.000000000000e-01
S 1   1
4.649390000000e-01  1.000000000000e+00
P 3   1
2.755770000000e+01  4.963790000000e-02
6.050340000000e+00  2.508930000000e-01
1.621100000000e+00  5.000000000000e-01
P 1   1
3.901810000000e-01  1.000000000000e+00
D 1   1
1.200000000000e+00  1.000000000000e+00
@END

@ATOMBASIS NA
S 7   1
2.190360000000e+04  7.960120000000e-04
3.286240000000e+03  6.144340000000e-03
7.480160000000e+02  3.135070000000e-02
2.115980000000e+02  1.192450000000e-01
6.848190000000e+01  3.243370000000e-01
2.424140000000e+01  5.000000000000e-01
8.908350000000e+00  2.772800000000e-01
S 3   1
2.099030000000e+01 -7.808090000000e-02
2.008310000000e+00  5.273830000000e-01
6.372790000000e-01  5.000000000000e-01
S 1   1
5.877260000000e-02  1.000000000000e+00
S 1   1
2.330570000000e-02  1.000000000000e+00
P 6   1
1.357380000000e+02  7.025310000000e-03
3.160450000000e+01  5.163810000000e-02
9.682750000000e+00  1.975910000000e-01
3.369690000000e+00  4.211450000000e-01
1.170610000000e+00  5.000000000000e-01
3.767390000000e-01  2.627880000000e-01
P 1   1
7.500000000000e-02  1.000000000000e+00
@END

@ATOMBASIS MG
S 7   1
2.645760000000e+04  7.836490000000e-04
3.969290000000e+03  6.049980000000e-03
9.034460000000e+02  3.089160000000e-02
2.555560000000e+02  1.178070000000e-01
8.274150000000e+01  3.222940000000e-01
2.934780000000e+01  5.000000000000e-01
1.082380000000e+01  2.824220000000e-01
S 3   1
2.514060000000e+01 -7.862400000000e-02
2.492500000000e+00  5.186400000000e-01
8.440000000000e-01  5.000000000000e-01
S 1   1
9.998080000000e-02  1.000000000000e+00
S 1   1
3.599200000000e-02  1.000000000000e+00
P 6   1
1.777740000000e+02  6.333790000000e-03
4.147830000000e+01  4.740140000000e-02
1.281880000000e+01  1.856400000000e-01
4.516840000000e+00  4.114580000000e-01
1.612890000000e+00  5.000000000000e-01
5.456560000000e-01  2.491660000000e-01
P 1   1
1.350000000000e-01  1.000000000000e+00
@END

@ATOMBASIS AL
S 7   1
3.149300000000e+04  7.720810000000e-04
4.724790000000e+03  5.961170000000e-03
1.075410000000e+03  3.045600000000e-02
3.041980000000e+02  1.164200000000e-01
9.852590000000e+01  3.201880000000e-01
3.500790000000e+01  5.000000000000e-01
1.295140000000e+01  2.875750000000e-01
S 3   1
2.971150000000e+01 -8.048050000000e-02
3.029380000000e+00  5.211650000000e-01
1.079540000000e+00  5.000000000000e-01
S 1   1
1.558900000000e-01  1.000000000000e+00
S 1   1
5.585750000000e-02  1.000000000000e+00
P 6   1
2.492340000000e+02  4.938900000000e-03
5.828570000000e+01  3.799570000000e-02
1.827880000000e+01  1.545240000000e-01
6.570030000000e+00  3.720300000000e-01
2.433730000000e+00  5.000000000000e-01
8.764580000000e-01  2.910250000000e-01
P 2   1
3.948560000000e-01  1.666560000000e-01
1.435390000000e-01  5.000000000000e-01
P 1   1
4.626210000000e-02  1.000000000000e+00
D 1   1
4.000000000000e-01  1.000000000000e+00
@END

@ATOMBASIS SI
S 7   1
3.696800000000e+04  7.623360000000e-04
5.545960000000e+03  5.886680000000e-03
1.262310000000e+03  3.009040000000e-02
3.570700000000e+02  1.152470000000e-01
1.156860000000e+02  3.184070000000e-01
4.116300000000e+01  5.000000000000e-01
1.527010000000e+01  2.918440000000e-01
S 3   1
3.470950000000e+01 -8.274760000000e-02
3.612900000000e+00  5.309460000000e-01
1.336710000000e+00  5.000000000000e-01
S 1   1
2.185700000000e-01  1.000000000000e+00
S 1   1
7.757160000000e-02  1.000000000000e+00
P 6   1
3.103390000000e+02  4.543510000000e-03
7.270460000000e+01  3.530020000000e-02
2.292620000000e+01  1.461200000000e-01
8.295510000000e+00  3.620530000000e-01
3.115730000000e+00  5.000000000000e-01
1.146220000000e+00  2.890490000000e-01
P 2   1
5.279800000000e-01  2.017250000000e-01
1.909940000000e-01  5.000000000000e-01
P 1   1
6.337210000000e-02  1.000000000000e+00
D 1   1
4.500000000000e-01  1.000000000000e+00
@END

@ATOMBASIS P
S 7   1
4.293020000000e+04  7.529020000000e-04
6.440490000000e+03  5.814200000000e-03
1.465890000000e+03  2.973460000000e-02
4.146470000000e+02  1.140960000000e-01
1.343620000000e+02  3.166180000000e-01
4.785750000000e+01  5.000000000000e-01
1.779160000000e+01  2.957980000000e-01
S 3   1
4.012780000000e+01 -8.515330000000e-02
4.244660000000e+00  5.442230000000e-01
1.615620000000e+00  5.000000000000e-01
S 1   1
2.888200000000e-01  1.000000000000e+00
S 1   1
1.012890000000e-01  1.000000000000e+00
P 6   1
3.789450000000e+02  4.222460000000e-03
8.891320000000e+01  3.307120000000e-02
2.816000000000e+01  1.390570000000e-01
1.024450000000e+01  3.531640000000e-01
3.891720000000e+00  5.000000000000e-01
1.454110000000e+00  2.899540000000e-01
P 2   1
6.903200000000e-01  2.215410000000e-01
2.517330000000e-01  5.000000000000e-01
P 1   1
8.433110000000e-02  1.000000000000e+00
D 1   1
5.000000000000e-01  1.000000000000e+00
@END

@ATOMBASIS S
S 7   1
4.929940000000e+04  7.456800000000e-04
7.395840000000e+03  5.758930000000e-03
1.683300000000e+03  2.946370000000e-02
4.761440000000e+02  1.132230000000e-01
1.543290000000e+02  3.152670000000e-01
5.502880000000e+01  5.000000000000e-01
2.050290000000e+01  2.990930000000e-01
S 3   1
4.595960000000e+01 -8.747440000000e-02
4.927400000000e+00  5.583030000000e-01
1.917990000000e+00  5.000000000000e-01
S 1   1
3.684980000000e-01  1.000000000000e+00
S 1   1
1.291650000000e-01  1.000000000000e+00
P 6   1
4.516620000000e+02  4.005540000000e-03
1.060980000000e+02  3.156650000000e-02
3.369960000000e+01  1.344410000000e-01
1.230540000000e+01  3.476590000000e-01
4.714120000000e+00  5.000000000000e-01
1.781050000000e+00  2.879220000000e-01
P 2   1
8.722350000000e-01  2.435210000000e-01
3.102780000000e-01  5.000000000000e-01
P 1   1
1.001940000000e-01  1.000000000000e+00
D 1   1
5.500000000000e-01  1.000000000000e+00
@END

@ATOMBASIS CL
S 7   1
5.612950000000e+04  7.390400000000e-04
8.420320000000e+03  5.708200000000e-03
1.916460000000e+03  2.921410000000e-02
5.420990000000e+02  1.124110000000e-01
1.757400000000e+02  3.139990000000e-01
6.271910000000e+01  5.000000000000e-01
2.341230000000e+01  3.020770000000e-01
S 3   1
5.220670000000e+01 -8.974960000000e-02
5.660220000000e+00  5.730070000000e-01
2.242300000000e+00  5.000000000000e-01
S 1   1
4.564880000000e-01  1.000000000000e+00
S 1   1
1.596930000000e-01  1.000000000000e+00
P 6   1
5.333330000000e+02  3.796950000000e-03
1.254150000000e+02  3.009140000000e-02
3.993940000000e+01  1.297330000000e-01
1.463340000000e+01  3.415170000000e-01
5.648370000000e+00  5.000000000000e-01
2.153600000000e+00  2.893330000000e-01
P 2   1
1.088100000000e+00  2.524170000000e-01
3.871680000000e-01  5.000000000000e-01
P 1   1
1.239290000000e-01  1.000000000000e+00
D 1   1
6.000000000000e-01  1.000000000000e+00
@END

@ATOMBASIS AR
S 7   1
6.340980000000e+04  7.331210000000e-04
9.512330000000e+03  5.662920000000e-03
2.164960000000e+03  2.899170000000e-02
6.123890000000e+02  1.116870000000e-01
1.985620000000e+02  3.128560000000e-01
7.091780000000e+01  5.000000000000e-01
2.651710000000e+01  3.047300000000e-01
S 3   1
5.887060000000e+01 -9.197720000000e-02
6.442470000000e+00  5.881950000000e-01
2.587850000000e+00  5.000000000000e-01
S 1   1
5.527440000000e-01  1.000000000000e+00
S 1   1
1.924880000000e-01  1.000000000000e+00
P 6   1
6.218420000000e+02  3.623670000000e-03
1.463570000000e+02  2.885840000000e-02
4.670500000000e+01  1.257730000000e-01
1.716190000000e+01  3.361950000000e-01
6.667920000000e+00  5.000000000000e-01
2.560450000000e+00  2.911860000000e-01
P 2   1
1.319580000000e+00  2.599710000000e-01
4.705430000000e-01  5.000000000000e-01
P 1   1
1.503070000000e-01  1.000000000000e+00
D 1   1
6.500000000000e-01  1.000000000000e+00
@END

@ATOMBASIS K
S 6   1
3.161060000000e+04  1.925620000000e-03
4.747060000000e+03  1.474840000000e-02
1.080350000000e+03  7.288590000000e-02
3.048850000000e+02  2.504600000000e-01
9.878140000000e+01  5.000000000000e-01
3.370280000000e+01  3.757260000000e-01
S 4   1
6.547760000000e+01 -8.412710000000e-02
7.484640000000e+00  5.000000000000e-01
3.205030000000e+00  4.643170000000e-01
1.023590000000e+00  5.092690000000e-02
S 2   1
6.473730000000e-01  5.000000000000e-01
2.304140000000e-01  1.952000000000e-01
S 1   1
3.774350000000e-02  1.000000000000e+00
S 1   1
1.421980000000e-02  1.000000000000e+00
P 6   1
6.786540000000e+02  3.805400000000e-03
1.597910000000e+02  3.027530000000e-02
5.094690000000e+01  1.317960000000e-01
1.872020000000e+01  3.478590000000e-01
7.291480000000e+00  5.000000000000e-01
2.791820000000e+00  2.669380000000e-01
P 3   1
1.591670000000e+00  2.683220000000e-01
5.937410000000e-01  5.000000000000e-01
2.060710000000e-01  2.638900000000e-01
P 1   1
4.960000000000e-02  1.000000000000e+00
D 3   1
6.652020000000e+00  7.629170000000e-02
1.612380000000e+00  2.953640000000e-01
4.290030000000e-01  5.000000000000e-01
D 1   1
9.734070000000e-02  1.000000000000e+00
@END

@ATOMBASIS CA
S 6   1
3.527610000000e+04  1.912870000000e-03
5.297420000000e+03  1.465300000000e-02
1.205600000000e+03  7.246570000000e-02
3.402680000000e+02  2.495520000000e-01
1.103260000000e+02  5.000000000000e-01
3.768900000000e+01  3.788900000000e-01
S 4   1
7.291400000000e+01 -8.317720000000e-02
8.386750000000e+00  5.000000000000e-01
3.628790000000e+00  4.564670000000e-01
1.130500000000e+00  5.080690000000e-02
S 2   1
7.777920000000e-01  5.000000000000e-01
3.003060000000e-01  1.987220000000e-01
S 1   1
6.121910000000e-02  1.000000000000e+00
S 1   1
2.327950000000e-02  1.000000000000e+00
P 6   1
7.777410000000e+02  3.656370000000e-03
1.832410000000e+02  2.921220000000e-02
5.852500000000e+01  1.283320000000e-01
2.156020000000e+01  3.432420000000e-01
8.447310000000e+00  5.000000000000e-01
3.262110000000e+00  2.704770000000e-01
P 3   1
1.895300000000e+00  2.737620000000e-01
7.333700000000e-01  5.000000000000e-01
2.695750000000e-01  2.423720000000e-01
P 1   1
6.680000000000e-02  1.000000000000e+00
D 3   1
8.301140000000e+00  7.372520000000e-02
2.049470000000e+00  2.924870000000e-01
5.616150000000e-01  5.000000000000e-01
D 1   1
1.325590000000e-01  1.000000000000e+00
@END

@ATOMBASIS SC
S 6   1
3.910080000000e+04  1.903520000000e-03
5.871690000000e+03  1.458310000000e-02
1.336270000000e+03  7.216090000000e-02
3.771800000000e+02  2.489170000000e-01
1.223660000000e+02  5.000000000000e-01
4.185150000000e+01  3.809970000000e-01
S 4   1
8.082140000000e+01 -8.280310000000e-02
9.350100000000e+00  5.000000000000e-01
4.078740000000e+00  4.453690000000e-01
1.292220000000e+00  5.026500000000e-02
S 2   1
9.061710000000e-01  5.000000000000e-01
3.507300000000e-01  2.022970000000e-01
S 1   1
7.138330000000e-02  1.000000000000e+00
S 1   1
2.691530000000e-02  1.000000000000e+00
P 6   1
8.794760000000e+02  3.560250000000e-03
2.073160000000e+02  2.853770000000e-02
6.629780000000e+01  1.262740000000e-01
2.447320000000e+01  3.409120000000e-01
9.632320000000e+00  5.000000000000e-01
3.742920000000e+00  2.708310000000e-01
P 3   1
2.203260000000e+00  2.790920000000e-01
8.578070000000e-01  5.000000000000e-01
3.170490000000e-01  2.381610000000e-01
P 1   1
7.800000000000e-02  1.000000000000e+00
D 5   1
2.948880000000e+01  1.528590000000e-02
8.244250000000e+00  8.916190000000e-02
2.728680000000e+00  2.711440000000e-01
9.673520000000e-01  4.495460000000e-01
3.212670000000e-01  5.000000000000e-01
D 1   1
9.707420000000e-02  1.000000000000e+00
F 1   1
9.310000000000e-01  1.000000000000e+00
@END

@ATOMBASIS TI
S 6   1
4.311970000000e+04  1.895190000000e-03
6.475160000000e+03  1.452080000000e-02
1.473590000000e+03  7.188790000000e-02
4.159750000000e+02  2.483510000000e-01
1.350230000000e+02  5.000000000000e-01
4.623180000000e+01  3.828700000000e-01
S 4   1
8.914830000000e+01 -8.242620000000e-02
1.036780000000e+01  5.000000000000e-01
4.553300000000e+00  4.356060000000e-01
1.462990000000e+00  4.966200000000e-02
S 2   1
1.041720000000e+00  5.000000000000e-01
4.061430000000e-01  2.078170000000e-01
S 1   1
8.184180000000e-02  1.000000000000e+00
S 1   1
3.094360000000e-02  1.000000000000e+00
P 6   1
9.867080000000e+02  3.481180000000e-03
2.326980000000e+02  2.798300000000e-02
7.449340000000e+01  1.246080000000e-01
2.754660000000e+01  3.391200000000e-01
1.088460000000e+01  5.000000000000e-01
4.251740000000e+00  2.709490000000e-01
P 3   1
2.529960000000e+00  2.832650000000e-01
9.883610000000e-01  5.000000000000e-01
3.670930000000e-01  2.346300000000e-01
P 1   1
9.000000000000e-02  1.000000000000e+00
D 5   1
3.628560000000e+01  1.515310000000e-02
1.022490000000e+01  9.137760000000e-02
3.437450000000e+00  2.824250000000e-01
1.247090000000e+00  4.728240000000e-01
4.297260000000e-01  5.000000000000e-01
D 1   1
1.318580000000e-01  1.000000000000e+00
F 1   1
1.025000000000e+00  1.000000000000e+00
@END

@ATOMBASIS V
S 6   1
4.732930000000e+04  1.887900000000e-03
7.107200000000e+03  1.446620000000e-02
1.617410000000e+03  7.164970000000e-02
4.566050000000e+02  2.478590000000e-01
1.482830000000e+02  5.000000000000e-01
5.082420000000e+01  3.844690000000e-01
S 4   1
9.790760000000e+01 -8.212860000000e-02
1.143990000000e+01  5.000000000000e-01
5.049300000000e+00  4.263100000000e-01
1.650500000000e+00  4.872480000000e-02
S 2   1
1.184960000000e+00  5.000000000000e-01
4.628250000000e-01  2.152300000000e-01
S 1   1
9.145700000000e-02  1.000000000000e+00
S 1   1
3.449790000000e-02  1.000000000000e+00
P 6   1
1.099040000000e+03  3.417560000000e-03
2.592920000000e+02  2.753870000000e-02
8.308030000000e+01  1.233130000000e-01
3.076830000000e+01  3.378750000000e-01
1.219850000000e+01  5.000000000000e-01
4.785950000000e+00  2.706570000000e-01
P 3   1
2.874600000000e+00  2.866090000000e-01
1.123250000000e+00  5.000000000000e-01
4.171670000000e-01  2.335760000000e-01
P 1   1
1.010000000000e-01  1.000000000000e+00
D 5   1
4.221050000000e+01  1.525180000000e-02
1.195840000000e+01  9.341660000000e-02
4.060210000000e+00  2.890840000000e-01
1.486540000000e+00  4.817360000000e-01
5.171170000000e-01  5.000000000000e-01
D 1   1
1.590510000000e-01  1.000000000000e+00
F 1   1
1.127000000000e+00  1.000000000000e+00
@END

@ATOMBASIS CR
S 6   1
5.172800000000e+04  1.881540000000e-03
7.767730000000e+03  1.441850000000e-02
1.767730000000e+03  7.144070000000e-02
4.990790000000e+02  2.474290000000e-01
1.621490000000e+02  5.000000000000e-01
5.563120000000e+01  3.858730000000e-01
S 4   1
1.070930000000e+02 -8.186470000000e-02
1.256600000000e+01  5.000000000000e-01
5.567900000000e+00  4.178780000000e-01
1.849980000000e+00  4.772290000000e-02
S 2   1
1.336080000000e+00  5.000000000000e-01
5.221860000000e-01  2.227690000000e-01
S 1   1
1.011920000000e-01  1.000000000000e+00
S 1   1
3.794810000000e-02  1.000000000000e+00
P 6   1
1.216940000000e+03  3.363410000000e-03
2.872020000000e+02  2.716190000000e-02
9.209200000000e+01  1.222350000000e-01
3.415020000000e+01  3.369300000000e-01
1.357900000000e+01  5.000000000000e-01
5.347910000000e+00  2.702600000000e-01
P 3   1
3.238590000000e+00  2.893430000000e-01
1.264660000000e+00  5.000000000000e-01
4.691920000000e-01  2.332010000000e-01
P 1   1
1.130000000000e-01  1.000000000000e+00
D 5   1
4.805250000000e+01  1.548660000000e-02
1.367350000000e+01  9.577970000000e-02
4.678430000000e+00  2.958280000000e-01
1.721980000000e+00  4.889650000000e-01
6.013310000000e-01  5.000000000000e-01
D 1   1
1.843660000000e-01  1.000000000000e+00
F 1   1
1.240000000000e+00  1.000000000000e+00
@END

@ATOMBASIS MN
S 6   1
5.632400000000e+04  1.875610000000e-03
8.457770000000e+03  1.437420000000e-02
1.924760000000e+03  7.124670000000e-02
5.434400000000e+02  2.470330000000e-01
1.766290000000e+02  5.000000000000e-01
6.065370000000e+01  3.871190000000e-01
S 4   1
1.167040000000e+02 -8.162940000000e-02
1.374580000000e+01  5.000000000000e-01
6.108620000000e+00  4.101860000000e-01
2.060260000000e+00  4.667090000000e-02
S 2   1
1.494490000000e+00  5.000000000000e-01
5.838840000000e-01  2.303520000000e-01
S 1   1
1.106340000000e-01  1.000000000000e+00
S 1   1
4.124300000000e-02  1.000000000000e+00
P 6   1
1.340410000000e+03  3.316620000000e-03
3.164400000000e+02  2.683630000000e-02
1.015330000000e+02  1.213170000000e-01
3.769520000000e+01  3.361770000000e-01
1.502690000000e+01  5.000000000000e-01
5.937680000000e+00  2.697910000000e-01
P 3   1
3.621970000000e+00  2.913740000000e-01
1.412300000000e+00  5.000000000000e-01
5.228480000000e-01  2.333590000000e-01
P 1   1
1.250000000000e-01  1.000000000000e+00
D 5   1
5.435830000000e+01  1.559220000000e-02
1.553120000000e+01  9.728240000000e-02
5.350340000000e+00  3.007630000000e-01
1.979620000000e+00  4.945780000000e-01
6.945540000000e-01  5.000000000000e-01
D 1   1
2.133640000000e-01  1.000000000000e+00
F 1   1
1.364000000000e+00  1.000000000000e+00
@END

@ATOMBASIS FE
S 6   1
6.112080000000e+04  1.869940000000e-03
9.177880000000e+03  1.433210000000e-02
2.088580000000e+03  7.106400000000e-02
5.897140000000e+02  2.466600000000e-01
1.917340000000e+02  5.000000000000e-01
6.589390000000e+01  3.882710000000e-01
S 4   1
1.267310000000e+02 -8.141070000000e-02
1.497980000000e+01  5.000000000000e-01
6.674450000000e+00  4.033760000000e-01
2.282820000000e+00  4.572640000000e-02
S 2   1
1.660990000000e+00  5.000000000000e-01
6.494950000000e-01  2.354690000000e-01
S 1   1
1.177780000000e-01  1.000000000000e+00
S 1   1
4.273510000000e-02  1.000000000000e+00
P 6   1
1.470010000000e+03  3.273510000000e-03
3.471300000000e+02  2.653510000000e-02
1.114470000000e+02  1.204530000000e-01
4.142190000000e+01  3.353970000000e-01
1.655150000000e+01  5.000000000000e-01
6.559510000000e+00  2.694940000000e-01
P 3   1
4.027540000000e+00  2.927800000000e-01
1.570100000000e+00  5.000000000000e-01
5.810640000000e-01  2.320180000000e-01
P 1   1
1.380000000000e-01  1.000000000000e+00
D 5   1
5.954100000000e+01  1.643350000000e-02
1.705170000000e+01  1.026080000000e-01
5.896560000000e+00  3.133940000000e-01
2.179360000000e+00  5.048160000000e-01
7.597800000000e-01  5.000000000000e-01
D 1   1
2.299710000000e-01  1.000000000000e+00
F 1   1
1.500000000000e+00  1.000000000000e+00
@END

@ATOMBASIS CO
S 6   1
6.609120000000e+04  1.865480000000e-03
9.924180000000e+03  1.429870000000e-02
2.258430000000e+03  7.091750000000e-02
6.377130000000e+02  2.463650000000e-01
2.074150000000e+02  5.000000000000e-01
7.134210000000e+01  3.892300000000e-01
S 4   1
1.371870000000e+02 -8.120520000000e-02
1.626660000000e+01  5.000000000000e-01
7.261560000000e+00  3.970300000000e-01
2.515500000000e+00  4.474260000000e-02
S 2   1
1.835090000000e+00  5.000000000000e-01
7.172180000000e-01  2.409830000000e-01
S 1   1
1.248830000000e-01  1.000000000000e+00
S 1   1
4.424200000000e-02  1.000000000000e+00
P 6   1
1.605260000000e+03  3.235680000000e-03
3.791490000000e+02  2.627220000000e-02
1.217880000000e+02  1.197090000000e-01
4.531100000000e+01  3.347720000000e-01
1.814330000000e+01  5.000000000000e-01
7.208970000000e+00  2.691250000000e-01
P 3   1
4.452030000000e+00  2.940170000000e-01
1.734030000000e+00  5.000000000000e-01
6.408680000000e-01  2.315840000000e-01
P 1   1
1.510000000000e-01  1.000000000000e+00
D 5   1
6.562200000000e+01  1.682480000000e-02
1.884040000000e+01  1.054820000000e-01
6.542610000000e+00  3.202200000000e-01
2.421110000000e+00  5.101020000000e-01
8.425150000000e-01  5.000000000000e-01
D 1   1
2.536010000000e-01  1.000000000000e+00
F 1   1
1.650000000000e+00  1.000000000000e+00
@END

@ATOMBASIS NI
S 6   1
7.126910000000e+04  1.860930000000e-03
1.070170000000e+04  1.426450000000e-02
2.435340000000e+03  7.076850000000e-02
6.876950000000e+02  2.460620000000e-01
2.237390000000e+02  5.000000000000e-01
7.701270000000e+01  3.901600000000e-01
S 4   1
1.480630000000e+02 -8.104070000000e-02
1.760880000000e+01  5.000000000000e-01
7.873120000000e+00  3.914230000000e-01
2.759830000000e+00  4.385840000000e-02
S 2   1
2.017130000000e+00  5.000000000000e-01
7.875280000000e-01  2.463080000000e-01
S 1   1
1.325540000000e-01  1.000000000000e+00
S 1   1
4.607510000000e-02  1.000000000000e+00
P 6   1
1.746160000000e+03  3.202080000000e-03
4.125250000000e+02  2.603720000000e-02
1.325710000000e+02  1.190520000000e-01
4.936650000000e+01  3.342610000000e-01
1.980410000000e+01  5.000000000000e-01
7.887200000000e+00  2.687610000000e-01
P 3   1
4.895890000000e+00  2.951950000000e-01
1.904930000000e+00  5.000000000000e-01
7.029920000000e-01  2.314700000000e-01
P 1   1
1.650000000000e-01  1.000000000000e+00
D 5   1
7.196550000000e+01  1.716930000000e-02
2.071020000000e+01  1.080070000000e-01
7.218270000000e+00  3.262420000000e-01
2.673570000000e+00  5.147420000000e-01
9.289610000000e-01  5.000000000000e-01
D 1   1
2.781150000000e-01  1.000000000000e+00
F 1   1
1.815000000000e+00  1.000000000000e+00
@END

@ATOMBASIS CU
S 6   1
7.663720000000e+04  1.856850000000e-03
1.150790000000e+04  1.423370000000e-02
2.618820000000e+03  7.063310000000e-02
7.395360000000e+02  2.457880000000e-01
2.406730000000e+02  5.000000000000e-01
8.289920000000e+01  3.910020000000e-01
S 4   1
1.593620000000e+02 -8.090300000000e-02
1.900560000000e+01  5.000000000000e-01
8.508650000000e+00  3.864070000000e-01
3.014820000000e+00  4.305500000000e-02
S 2   1
2.207010000000e+00  5.000000000000e-01
8.604210000000e-01  2.512810000000e-01
S 1   1
1.408450000000e-01  1.000000000000e+00
S 1   1
4.823830000000e-02  1.000000000000e+00
P 6   1
1.892680000000e+03  3.172320000000e-03
4.472210000000e+02  2.583100000000e-02
1.437780000000e+02  1.184900000000e-01
5.358180000000e+01  3.338820000000e-01
2.153130000000e+01  5.000000000000e-01
8.593350000000e+00  2.683550000000e-01
P 3   1
5.359500000000e+00  2.962600000000e-01
2.083060000000e+00  5.000000000000e-01
7.675660000000e-01  2.315250000000e-01
P 1   1
1.800000000000e-01  1.000000000000e+00
D 5   1
7.854500000000e+01  1.749010000000e-02
2.265230000000e+01  1.103270000000e-01
7.920990000000e+00  3.317180000000e-01
2.935900000000e+00  5.188990000000e-01
1.018740000000e+00  5.000000000000e-01
D 1   1
3.033220000000e-01  1.000000000000e+00
F 1   1
1.997000000000e+00  1.000000000000e+00
@END

@ATOMBASIS ZN
S 6   1
8.220320000000e+04  1.852970000000e-03
1.234340000000e+04  1.420510000000e-02
2.808890000000e+03  7.050930000000e-02
7.932340000000e+02  2.455380000000e-01
2.582160000000e+02  5.000000000000e-01
8.900020000000e+01  3.917600000000e-01
S 4   1
1.710850000000e+02 -8.077530000000e-02
2.045570000000e+01  5.000000000000e-01
9.166040000000e+00  3.817400000000e-01
3.279210000000e+00  4.223890000000e-02
S 2   1
2.404340000000e+00  5.000000000000e-01
9.353980000000e-01  2.562300000000e-01
S 1   1
1.490430000000e-01  1.000000000000e+00
S 1   1
5.045960000000e-02  1.000000000000e+00
P 6   1
2.044400000000e+03  3.146910000000e-03
4.831590000000e+02  2.565520000000e-02
1.553920000000e+02  1.180190000000e-01
5.795450000000e+01  3.336050000000e-01
2.332500000000e+01  5.000000000000e-01
9.327310000000e+00  2.679130000000e-01
P 3   1
5.842430000000e+00  2.971140000000e-01
2.267590000000e+00  5.000000000000e-01
8.338410000000e-01  2.318630000000e-01
P 1   1
1.950000000000e-01  1.000000000000e+00
D 5   1
8.551250000000e+01  1.772490000000e-02
2.471300000000e+01  1.121100000000e-01
8.667910000000e+00  3.360830000000e-01
3.215850000000e+00  5.222260000000e-01
1.115310000000e+00  5.000000000000e-01
D 1   1
3.310950000000e-01  1.000000000000e+00
F 1   1
2.196000000000e+00  1.000000000000e+00
@END

@ATOMBASIS GA
S 6   1
8.802000000000e+04  1.848350000000e-03
1.321680000000e+04  1.417050000000e-02
3.007660000000e+03  7.035520000000e-02
8.494220000000e+02  2.451990000000e-01
2.765950000000e+02  5.000000000000e-01
9.539590000000e+01  3.929730000000e-01
S 4   1
1.831890000000e+02 -8.046200000000e-02
2.195480000000e+01  5.000000000000e-01
9.852480000000e+00  3.783470000000e-01
3.488690000000e+00  4.232140000000e-02
S 2   1
2.607700000000e+00  5.000000000000e-01
1.036720000000e+00  2.547930000000e-01
S 1   1
1.885170000000e-01  1.000000000000e+00
S 1   1
6.630480000000e-02  1.000000000000e+00
P 6   1
2.226960000000e+03  3.064020000000e-03
5.264200000000e+02  2.503100000000e-02
1.694090000000e+02  1.157220000000e-01
6.324350000000e+01  3.297920000000e-01
2.550180000000e+01  5.000000000000e-01
1.024200000000e+01  2.727080000000e-01
P 3   1
6.519240000000e+00  2.907030000000e-01
2.646200000000e+00  5.000000000000e-01
1.048960000000e+00  2.706360000000e-01
P 1   1
2.595490000000e-01  1.000000000000e+00
P 1   1
6.465050000000e-02  1.000000000000e+00
D 6   1
1.014070000000e+02  1.535500000000e-02
2.944160000000e+01  1.005470000000e-01
1.045130000000e+01  3.125680000000e-01
3.966960000000e+00  5.104890000000e-01
1.431160000000e+00  5.000000000000e-01
4.551840000000e-01  2.670590000000e-01
D 1   1
1.510000000000e-01  1.000000000000e+00
@END

@ATOMBASIS GE
S 6   1
9.407200000000e+04  1.843220000000e-03
1.412550000000e+04  1.413180000000e-02
3.214440000000e+03  7.018340000000e-02
9.078470000000e+02  2.448180000000e-01
2.956910000000e+02  5.000000000000e-01
1.020340000000e+02  3.942470000000e-01
S 4   1
1.957000000000e+02 -8.016620000000e-02
2.350780000000e+01  5.000000000000e-01
1.056720000000e+01  3.753070000000e-01
3.707060000000e+00  4.268290000000e-02
S 2   1
2.818350000000e+00  5.000000000000e-01
1.140820000000e+00  2.488190000000e-01
S 1   1
2.310530000000e-01  1.000000000000e+00
S 1   1
8.280340000000e-02  1.000000000000e+00
P 6   1
2.404790000000e+03  3.014610000000e-03
5.685460000000e+02  2.466500000000e-02
1.830410000000e+02  1.144430000000e-01
6.838590000000e+01  3.278430000000e-01
2.762060000000e+01  5.000000000000e-01
1.111880000000e+01  2.748970000000e-01
P 3   1
7.094790000000e+00  2.900520000000e-01
2.910660000000e+00  5.000000000000e-01
1.180600000000e+00  2.692900000000e-01
P 1   1
3.238820000000e-01  1.000000000000e+00
P 1   1
8.768330000000e-02  1.000000000000e+00
D 6   1
1.173550000000e+02  1.379800000000e-02
3.420130000000e+01  9.267530000000e-02
1.225890000000e+01  2.959740000000e-01
4.729590000000e+00  5.021640000000e-01
1.755800000000e+00  5.000000000000e-01
5.844990000000e-01  2.526190000000e-01
D 1   1
1.940000000000e-01  1.000000000000e+00
@END

@ATOMBASIS AS
S 6   1
1.003140000000e+05  1.838730000000e-03
1.506280000000e+04  1.409780000000e-02
3.427760000000e+03  7.003130000000e-02
9.681530000000e+02  2.444720000000e-01
3.154190000000e+02  5.000000000000e-01
1.088980000000e+02  3.954520000000e-01
S 4   1
2.086170000000e+02 -7.988280000000e-02
2.511480000000e+01  5.000000000000e-01
1.131020000000e+01  3.725550000000e-01
3.934960000000e+00  4.324720000000e-02
S 2   1
3.037710000000e+00  5.000000000000e-01
1.247350000000e+00  2.402890000000e-01
S 1   1
2.766030000000e-01  1.000000000000e+00
S 1   1
9.988230000000e-02  1.000000000000e+00
P 6   1
2.590710000000e+03  2.966500000000e-03
6.126310000000e+02  2.430440000000e-02
1.973110000000e+02  1.131680000000e-01
7.377190000000e+01  3.258500000000e-01
2.984320000000e+01  5.000000000000e-01
1.203980000000e+01  2.772400000000e-01
P 3   1
7.687720000000e+00  2.895770000000e-01
3.182060000000e+00  5.000000000000e-01
1.314860000000e+00  2.645600000000e-01
P 1   1
3.939160000000e-01  1.000000000000e+00
P 1   1
1.117120000000e-01  1.000000000000e+00
D 6   1
1.336800000000e+02  1.266550000000e-02
3.908460000000e+01  8.678960000000e-02
1.412150000000e+01  2.833230000000e-01
5.516280000000e+00  4.957380000000e-01
2.093790000000e+00  5.000000000000e-01
7.208410000000e-01  2.420440000000e-01
D 1   1
2.380000000000e-01  1.000000000000e+00
@END

@ATOMBASIS SE
S 6   1
1.067810000000e+05  1.833970000000e-03
1.603350000000e+04  1.406280000000e-02
3.648550000000e+03  6.987780000000e-02
1.030510000000e+03  2.441390000000e-01
3.358070000000e+02  5.000000000000e-01
1.159930000000e+02  3.966240000000e-01
S 4   1
2.219480000000e+02 -7.959480000000e-02
2.677430000000e+01  5.000000000000e-01
1.208060000000e+01  3.699560000000e-01
4.172000000000e+00  4.398500000000e-02
S 2   1
3.265970000000e+00  5.000000000000e-01
1.355650000000e+00  2.302460000000e-01
S 1   1
3.265660000000e-01  1.000000000000e+00
S 1   1
1.184900000000e-01  1.000000000000e+00
P 6   1
2.785310000000e+03  2.918940000000e-03
6.587080000000e+02  2.395010000000e-02
2.122260000000e+02  1.118950000000e-01
7.940290000000e+01  3.238260000000e-01
3.216820000000e+01  5.000000000000e-01
1.300290000000e+01  2.796380000000e-01
P 3   1
8.293370000000e+00  2.892710000000e-01
3.454320000000e+00  5.000000000000e-01
1.445310000000e+00  2.559220000000e-01
P 1   1
4.690020000000e-01  1.000000000000e+00
P 1   1
1.309920000000e-01  1.000000000000e+00
D 6   1
1.506790000000e+02  1.175970000000e-02
4.417760000000e+01  8.195760000000e-02
1.607010000000e+01  2.727080000000e-01
6.340170000000e+00  4.900390000000e-01
2.449420000000e+00  5.000000000000e-01
8.661620000000e-01  2.337810000000e-01
D 1   1
2.870000000000e-01  1.000000000000e+00
@END

@ATOMBASIS BR
S 6   1
1.134330000000e+05  1.829920000000e-03
1.703230000000e+04  1.403210000000e-02
3.875890000000e+03  6.974000000000e-02
1.094780000000e+03  2.438250000000e-01
3.568410000000e+02  5.000000000000e-01
1.233170000000e+02  3.977520000000e-01
S 4   1
2.356890000000e+02 -7.932060000000e-02
2.848760000000e+01  5.000000000000e-01
1.287900000000e+01  3.675550000000e-01
4.418440000000e+00  4.488740000000e-02
S 2   1
3.504390000000e+00  5.000000000000e-01
1.465250000000e+00  2.196900000000e-01
S 1   1
3.798190000000e-01  1.000000000000e+00
S 1   1
1.384130000000e-01  1.000000000000e+00
P 6   1
2.988070000000e+03  2.873050000000e-03
7.067660000000e+02  2.360470000000e-02
2.277830000000e+02  1.106510000000e-01
8.527640000000e+01  3.218180000000e-01
3.459640000000e+01  5.000000000000e-01
1.401020000000e+01  2.820920000000e-01
P 3   1
8.917690000000e+00  2.888980000000e-01
3.733580000000e+00  5.000000000000e-01
1.574010000000e+00  2.459440000000e-01
P 1   1
5.507240000000e-01  1.000000000000e+00
P 1   1
1.544740000000e-01  1.000000000000e+00
D 6   1
1.682320000000e+02  1.104310000000e-02
4.944190000000e+01  7.807160000000e-02
1.808780000000e+01  2.641280000000e-01
7.194050000000e+00  4.853860000000e-01
2.820200000000e+00  5.000000000000e-01
1.018700000000e+00  2.272200000000e-01
D 1   1
3.370000000000e-01  1.000000000000e+00
@END

@ATOMBASIS KR
S 6   1
1.203310000000e+05  1.825280000000e-03
1.806790000000e+04  1.399740000000e-02
4.111520000000e+03  6.958450000000e-02
1.161360000000e+03  2.434710000000e-01
3.786050000000e+02  5.000000000000e-01
1.308860000000e+02  3.989230000000e-01
S 4   1
2.498370000000e+02 -7.906620000000e-02
3.025570000000e+01  5.000000000000e-01
1.370650000000e+01  3.653710000000e-01
4.677800000000e+00  4.591560000000e-02
S 2   1
3.753570000000e+00  5.000000000000e-01
1.576390000000e+00  2.092920000000e-01
S 1   1
4.363570000000e-01  1.000000000000e+00
S 1   1
1.592970000000e-01  1.000000000000e+00
P 6   1
3.198620000000e+03  2.829450000000e-03
7.566660000000e+02  2.327620000000e-02
2.439430000000e+02  1.094510000000e-01
9.138370000000e+01  3.198470000000e-01
3.712440000000e+01  5.000000000000e-01
1.505930000000e+01  2.845310000000e-01
P 3   1
9.560320000000e+00  2.885400000000e-01
4.019820000000e+00  5.000000000000e-01
1.698650000000e+00  2.354420000000e-01
P 1   1
6.363210000000e-01  1.000000000000e+00
P 1   1
1.802360000000e-01  1.000000000000e+00
D 6   1
1.863820000000e+02  1.046090000000e-02
5.488820000000e+01  7.487920000000e-02
2.017730000000e+01  2.570870000000e-01
8.079210000000e+00  4.815650000000e-01
3.206730000000e+00  5.000000000000e-01
1.178860000000e+00  2.218700000000e-01
D 1   1
3.930000000000e-01  1.000000000000e+00
@END
494a7186d42e3ea53b272950e6e1ab8b