@BASIS_SET STO-6G

@ATOMBASIS H
S 6   1
3.552322122000e+01  9.163596281000e-03
6.513143725000e+00  4.936149294000e-02
1.822142904000e+00  1.685383049000e-01
6.259552659000e-01  3.705627997000e-01
2.430767471000e-01  4.164915298000e-01
1.001124280000e-01  1.303340841000e-01
@END

@ATOMBASIS HE
S 6   1
6.598456824000e+01  9.163596281000e-03
1.209819836000e+01  4.936149294000e-02
3.384639924000e+00  1.685383049000e-01
1.162715163000e+00  3.705627997000e-01
4.515163224000e-01  4.164915298000e-01
1.859593559000e-01  1.303340841000e-01
@END

@ATOMBASIS LI
S 6   1
1.671758462000e+02  9.163596281000e-03
3.065150840000e+01  4.936149294000e-02
8.575187477000e+00  1.685383049000e-01
2.945808337000e+00  3.705627997000e-01
1.143943581000e+00  4.164915298000e-01
4.711391391000e-01  1.303340841000e-01
S 6   1
6.597563981000e+00 -1.325278809000e-02
1.305830092000e+00 -4.699171014000e-02
4.058510193000e-01 -3.378537151000e-02
1.561455158000e-01  2.502417861000e-01
6.781410394000e-02  5.951172526000e-01
3.108416550000e-02  2.407061763000e-01
P 6   1
6.597563981000e+00  3.759696623000e-03
1.305830092000e+00  3.767936984000e-02
4.058510193000e-01  1.738967435000e-01
1.561455158000e-01  4.180364347000e-01
6.781410394000e-02  4.258595477000e-01
3.108416550000e-02  1.017082955000e-01
@END

@ATOMBASIS BE
S 6   1
3.128704937000e+02  9.163596281000e-03
5.736446253000e+01  4.936149294000e-02
1.604850940000e+01  1.685383049000e-01
5.513096119000e+00  3.705627997000e-01
2.140896553000e+00  4.164915298000e-01
8.817394283000e-01  1.303340841000e-01
S 6   1
1.363324744000e+01 -1.325278809000e-02
2.698375464000e+00 -4.699171014000e-02
8.386530829000e-01 -3.378537151000e-02
3.226600698000e-01  2.502417861000e-01
1.401314882000e-01  5.951172526000e-01
6.423251387000e-02  2.407061763000e-01
P 6   1
1.363324744000e+01  3.759696623000e-03
2.698375464000e+00  3.767936984000e-02
8.386530829000e-01  1.738967435000e-01
3.226600698000e-01  4.180364347000e-01
1.401314882000e-01  4.258595477000e-01
6.423251387000e-02  1.017082955000e-01
@END

@ATOMBASIS B
S 6   1
5.060118369000e+02  9.163596281000e-03
9.277671639000e+01  4.936149294000e-02
2.595558190000e+01  1.685383049000e-01
8.916442908000e+00  3.705627997000e-01
3.462515703000e+00  4.164915298000e-01
1.426055179000e+00  1.303340841000e-01
S 6   1
2.319456087000e+01 -1.325278809000e-02
4.590808918000e+00 -4.699171014000e-02
1.426819990000e+00 -3.378537151000e-02
5.489490791000e-01  2.502417861000e-01
2.384089591000e-01  5.951172526000e-01
1.092802694000e-01  2.407061763000e-01
P 6   1
2.319456087000e+01  3.759696623000e-03
4.590808918000e+00  3.767936984000e-02
1.426819990000e+00  1.738967435000e-01
5.489490791000e-01  4.180364347000e-01
2.384089591000e-01  4.258595477000e-01
1.092802694000e-01  1.017082955000e-01
@END

@ATOMBASIS C
S 6   1
7.427370491000e+02  9.163596281000e-03
1.361800249000e+02  4.936149294000e-02
3.809826352000e+01  1.685383049000e-01
1.308778177000e+01  3.705627997000e-01
5.082368648000e+00  4.164915298000e-01
2.093200076000e+00  1.303340841000e-01
S 6   1
3.049723950000e+01 -1.325278809000e-02
6.036199601000e+00 -4.699171014000e-02
1.876046337000e+00 -3.378537151000e-02
7.217826470000e-01  2.502417861000e-01
3.134706954000e-01  5.951172526000e-01
1.436865550000e-01  2.407061763000e-01
P 6   1
3.049723950000e+01  3.759696623000e-03
6.036199601000e+00  3.767936984000e-02
1.876046337000e+00  1.738967435000e-01
7.217826470000e-01  4.180364347000e-01
3.134706954000e-01  4.258595477000e-01
1.436865550000e-01  1.017082955000e-01
@END

@ATOMBASIS N
S 6   1
1.027828458000e+03  9.163596281000e-03
1.884512226000e+02  4.936149294000e-02
5.272186097000e+01  1.685383049000e-01
1.811138217000e+01  3.705627997000e-01
7.033179691000e+00  4.164915298000e-01
2.896651794000e+00  1.303340841000e-01
S 6   1
3.919880787000e+01 -1.325278809000e-02
7.758467071000e+00 -4.699171014000e-02
2.411325783000e+00 -3.378537151000e-02
9.277239437000e-01  2.502417861000e-01
4.029111410000e-01  5.951172526000e-01
1.846836552000e-01  2.407061763000e-01
P 6   1
3.919880787000e+01  3.759696623000e-03
7.758467071000e+00  3.767936984000e-02
2.411325783000e+00  1.738967435000e-01
9.277239437000e-01  4.180364347000e-01
4.029111410000e-01  4.258595477000e-01
1.846836552000e-01  1.017082955000e-01
@END

@ATOMBASIS O
S 6   1
1.355584234000e+03  9.163596281000e-03
2.485448855000e+02  4.936149294000e-02
6.953390229000e+01  1.685383049000e-01
2.388677211000e+01  3.705627997000e-01
9.275932609000e+00  4.164915298000e-01
3.820341298000e+00  1.303340841000e-01
S 6   1
5.218776196000e+01 -1.325278809000e-02
1.032932006000e+01 -4.699171014000e-02
3.210344977000e+00 -3.378537151000e-02
1.235135428000e+00  2.502417861000e-01
5.364201581000e-01  5.951172526000e-01
2.458806060000e-01  2.407061763000e-01
P 6   1
5.218776196000e+01  3.759696623000e-03
1.032932006000e+01  3.767936984000e-02
3.210344977000e+00  1.738967435000e-01
1.235135428000e+00  4.180364347000e-01
5.364201581000e-01  4.258595477000e-01
2.458806060000e-01  1.017082955000e-01
@END

@ATOMBASIS F
S 6   1
1.728626574000e+03  9.163596281000e-03
3.169417900000e+02  4.936149294000e-02
8.866889139000e+01  1.685383049000e-01
3.046015731000e+01  3.705627997000e-01
1.182857044000e+01  4.164915298000e-01
4.871658522000e+00  1.303340841000e-01
S 6   1
6.703228091000e+01 -1.325278809000e-02
1.326743777000e+01 -4.699171014000e-02
4.123509771000e+00 -3.378537151000e-02
1.586462839000e+00  2.502417861000e-01
6.890018919000e-01  5.951172526000e-01
3.158199784000e-01  2.407061763000e-01
P 6   1
6.703228091000e+01  3.759696623000e-03
1.326743777000e+01  3.767936984000e-02
4.123509771000e+00  1.738967435000e-01
1.586462839000e+00  4.180364347000e-01
6.890018919000e-01  4.258595477000e-01
3.158199784000e-01  1.017082955000e-01
@END

@ATOMBASIS NE
S 6   1
2.146955475000e+03  9.163596281000e-03
3.936419362000e+02  4.936149294000e-02
1.101268283000e+02  1.685383049000e-01
3.783153777000e+01  3.705627997000e-01
1.469109318000e+01  4.164915298000e-01
6.050603466000e+00  1.303340841000e-01
S 6   1
8.550442919000e+01 -1.325278809000e-02
1.692355799000e+01 -4.699171014000e-02
5.259829210000e+00 -3.378537151000e-02
2.023645885000e+00  2.502417861000e-01
8.788707870000e-01  5.951172526000e-01
4.028507849000e-01  2.407061763000e-01
P 6   1
8.550442919000e+01  3.759696623000e-03
1.692355799000e+01  3.767936984000e-02
5.259829210000e+00  1.738967435000e-01
2.023645885000e+00  4.180364347000e-01
8.788707870000e-01  4.258595477000e-01
4.028507849000e-01  1.017082955000e-01
@END

@ATOMBASIS NA
S 6   1
2.600756771000e+03  9.163596281000e-03
4.768459071000e+02  4.936149294000e-02
1.334043010000e+02  1.685383049000e-01
4.582797788000e+01  3.705627997000e-01
1.779634487000e+01  4.164915298000e-01
7.329517596000e+00  1.303340841000e-01
S 6   1
1.248424044000e+02 -1.325278809000e-02
2.470956992000e+01 -4.699171014000e-02
7.679715913000e+00 -3.378537151000e-02
2.954663523000e+00  2.502417861000e-01
1.283212382000e+00  5.951172526000e-01
5.881901217000e-01  2.407061763000e-01
P 6   1
1.248424044000e+02  3.759696623000e-03
2.470956992000e+01  3.767936984000e-02
7.679715913000e+00  1.738967435000e-01
2.954663523000e+00  4.180364347000e-01
1.283212382000e+00  4.258595477000e-01
5.881901217000e-01  1.017082955000e-01
S 6   1
9.433006047000e+00 -7.943126362000e-03
2.526243756000e+00 -7.100264172000e-02
9.473682506000e-01 -1.785026925000e-01
4.240594435000e-01  1.510635058000e-01
2.098454079000e-01  7.354914767000e-01
1.081470943000e-01  2.760593123000e-01
P 6   1
9.433006047000e+00 -7.139358907000e-03
2.526243756000e+00 -1.829277070000e-02
9.473682506000e-01  7.621621429000e-02
4.240594435000e-01  4.145098597000e-01
2.098454079000e-01  4.889621471000e-01
1.081470943000e-01  1.058816521000e-01
@END

@ATOMBASIS MG
S 6   1
3.103386324000e+03  9.163596281000e-03
5.690024854000e+02  4.936149294000e-02
1.591863906000e+02  1.685383049000e-01
5.468482151000e+01  3.705627997000e-01
2.123571643000e+01  4.164915298000e-01
8.746040738000e+00  1.303340841000e-01
S 6   1
1.567952315000e+02 -1.325278809000e-02
3.103386828000e+01 -4.699171014000e-02
9.645303131000e+00 -3.378537151000e-02
3.710895775000e+00  2.502417861000e-01
1.611644564000e+00  5.951172526000e-01
7.387346208000e-01  2.407061763000e-01
P 6   1
1.567952315000e+02  3.759696623000e-03
3.103386828000e+01  3.767936984000e-02
9.645303131000e+00  1.738967435000e-01
3.710895775000e+00  4.180364347000e-01
1.611644564000e+00  4.258595477000e-01
7.387346208000e-01  1.017082955000e-01
S 6   1
8.901677544000e+00 -7.943126362000e-03
2.383949209000e+00 -7.100264172000e-02
8.940062839000e-01 -1.785026925000e-01
4.001736462000e-01  1.510635058000e-01
1.980255441000e-01  7.354914767000e-01
1.020555436000e-01  2.760593123000e-01
P 6   1
8.901677544000e+00 -7.139358907000e-03
2.383949209000e+00 -1.829277070000e-02
8.940062839000e-01  7.621621429000e-02
4.001736462000e-01  4.145098597000e-01
1.980255441000e-01  4.889621471000e-01
1.020555436000e-01  1.058816521000e-01
@END

@ATOMBASIS AL
S 6   1
3.644586388000e+03  9.163596281000e-03
6.682309248000e+02  4.936149294000e-02
1.869469321000e+02  1.685383049000e-01
6.422131675000e+01  3.705627997000e-01
2.493901660000e+01  4.164915298000e-01
1.027126426000e+01  1.303340841000e-01
S 6   1
1.959641441000e+02 -1.325278809000e-02
3.878641831000e+01 -4.699171014000e-02
1.205478990000e+01 -3.378537151000e-02
4.637912184000e+00  2.502417861000e-01
2.014248422000e+00  5.951172526000e-01
9.232774259000e-01  2.407061763000e-01
P 6   1
1.959641441000e+02  3.759696623000e-03
3.878641831000e+01  3.767936984000e-02
1.205478990000e+01  1.738967435000e-01
4.637912184000e+00  4.180364347000e-01
2.014248422000e+00  4.258595477000e-01
9.232774259000e-01  1.017082955000e-01
S 6   1
8.901677544000e+00 -7.943126362000e-03
2.383949209000e+00 -7.100264172000e-02
8.940062839000e-01 -1.785026925000e-01
4.001736462000e-01  1.510635058000e-01
1.980255441000e-01  7.354914767000e-01
1.020555436000e-01  2.760593123000e-01
P 6   1
8.901677544000e+00 -7.139358907000e-03
2.383949209000e+00 -1.829277070000e-02
8.940062839000e-01  7.621621429000e-02
4.001736462000e-01  4.145098597000e-01
1.980255441000e-01  4.889621471000e-01
1.020555436000e-01  1.058816521000e-01
@END

@ATOMBASIS SI
S 6   1
4.229261737000e+03  9.163596281000e-03
7.754305100000e+02  4.936149294000e-02
2.169375129000e+02  1.685383049000e-01
7.452389069000e+01  3.705627997000e-01
2.893980755000e+01  4.164915298000e-01
1.191901091000e+01  1.303340841000e-01
S 6   1
2.404904849000e+02 -1.325278809000e-02
4.759934318000e+01 -4.699171014000e-02
1.479384038000e+01 -3.378537151000e-02
5.691723632000e+00  2.502417861000e-01
2.471919452000e+00  5.951172526000e-01
1.133061545000e+00  2.407061763000e-01
P 6   1
2.404904849000e+02  3.759696623000e-03
4.759934318000e+01  3.767936984000e-02
1.479384038000e+01  1.738967435000e-01
5.691723632000e+00  4.180364347000e-01
2.471919452000e+00  4.258595477000e-01
1.133061545000e+00  1.017082955000e-01
S 6   1
9.433006047000e+00 -7.943126362000e-03
2.526243756000e+00 -7.100264172000e-02
9.473682506000e-01 -1.785026925000e-01
4.240594435000e-01  1.510635058000e-01
2.098454079000e-01  7.354914767000e-01
1.081470943000e-01  2.760593123000e-01
P 6   1
9.433006047000e+00 -7.139358907000e-03
2.526243756000e+00 -1.829277070000e-02
9.473682506000e-01  7.621621429000e-02
4.240594435000e-01  4.145098597000e-01
2.098454079000e-01  4.889621471000e-01
1.081470943000e-01  1.058816521000e-01
@END

@ATOMBASIS P
S 6   1
4.857412371000e+03  9.163596281000e-03
8.906012410000e+02  4.936149294000e-02
2.491581331000e+02  1.685383049000e-01
8.559254335000e+01  3.705627997000e-01
3.323808927000e+01  4.164915298000e-01
1.368928069000e+01  1.303340841000e-01
S 6   1
2.906649590000e+02 -1.325278809000e-02
5.753018103000e+01 -4.699171014000e-02
1.788033738000e+01 -3.378537151000e-02
6.879210280000e+00  2.502417861000e-01
2.987645712000e+00  5.951172526000e-01
1.369456623000e+00  2.407061763000e-01
P 6   1
2.906649590000e+02  3.759696623000e-03
5.753018103000e+01  3.767936984000e-02
1.788033738000e+01  1.738967435000e-01
6.879210280000e+00  4.180364347000e-01
2.987645712000e+00  4.258595477000e-01
1.369456623000e+00  1.017082955000e-01
S 6   1
1.111939652000e+01 -7.943126362000e-03
2.977874272000e+00 -7.100264172000e-02
1.116734493000e+00 -1.785026925000e-01
4.998708868000e-01  1.510635058000e-01
2.473606277000e-01  7.354914767000e-01
1.274811462000e-01  2.760593123000e-01
P 6   1
1.111939652000e+01 -7.139358907000e-03
2.977874272000e+00 -1.829277070000e-02
1.116734493000e+00  7.621621429000e-02
4.998708868000e-01  4.145098597000e-01
2.473606277000e-01  4.889621471000e-01
1.274811462000e-01  1.058816521000e-01
@END

@ATOMBASIS S
S 6   1
5.529038289000e+03  9.163596281000e-03
1.013743118000e+03  4.936149294000e-02
2.836087927000e+02  1.685383049000e-01
9.742727471000e+01  3.705627997000e-01
3.783386178000e+01  4.164915298000e-01
1.558207360000e+01  1.303340841000e-01
S 6   1
3.455896791000e+02 -1.325278809000e-02
6.840121655000e+01 -4.699171014000e-02
2.125904712000e+01 -3.378537151000e-02
8.179121699000e+00  2.502417861000e-01
3.552198128000e+00  5.951172526000e-01
1.628232301000e+00  2.407061763000e-01
P 6   1
3.455896791000e+02  3.759696623000e-03
6.840121655000e+01  3.767936984000e-02
2.125904712000e+01  1.738967435000e-01
8.179121699000e+00  4.180364347000e-01
3.552198128000e+00  4.258595477000e-01
1.628232301000e+00  1.017082955000e-01
S 6   1
1.294439442000e+01 -7.943126362000e-03
3.466625105000e+00 -7.100264172000e-02
1.300021248000e+00 -1.785026925000e-01
5.819134077000e-01  1.510635058000e-01
2.879592903000e-01  7.354914767000e-01
1.484042983000e-01  2.760593123000e-01
P 6   1
1.294439442000e+01 -7.139358907000e-03
3.466625105000e+00 -1.829277070000e-02
1.300021248000e+00  7.621621429000e-02
5.819134077000e-01  4.145098597000e-01
2.879592903000e-01  4.889621471000e-01
1.484042983000e-01  1.058816521000e-01
@END

@ATOMBASIS CL
S 6   1
6.236545525000e+03  9.163596281000e-03
1.143463795000e+03  4.936149294000e-02
3.198999635000e+02  1.685383049000e-01
1.098942714000e+02  3.705627997000e-01
4.267516141000e+01  4.164915298000e-01
1.757598814000e+01  1.303340841000e-01
S 6   1
4.039729660000e+02 -1.325278809000e-02
7.995679269000e+01 -4.699171014000e-02
2.485051157000e+01 -3.378537151000e-02
9.560887526000e+00  2.502417861000e-01
4.152299968000e+00  5.951172526000e-01
1.903302881000e+00  2.407061763000e-01
P 6   1
4.039729660000e+02  3.759696623000e-03
7.995679269000e+01  3.767936984000e-02
2.485051157000e+01  1.738967435000e-01
9.560887526000e+00  4.180364347000e-01
4.152299968000e+00  4.258595477000e-01
1.903302881000e+00  1.017082955000e-01
S 6   1
1.358352871000e+01 -7.943126362000e-03
3.637791008000e+00 -7.100264172000e-02
1.364210281000e+00 -1.785026925000e-01
6.106455986000e-01  1.510635058000e-01
3.021773873000e-01  7.354914767000e-01
1.557318157000e-01  2.760593123000e-01
P 6   1
1.358352871000e+01 -7.139358907000e-03
3.637791008000e+00 -1.829277070000e-02
1.364210281000e+00  7.621621429000e-02
6.106455986000e-01  4.145098597000e-01
3.021773873000e-01  4.889621471000e-01
1.557318157000e-01  1.058816521000e-01
@END

@ATOMBASIS AR
S 6   1
6.994673814000e+03  9.163596281000e-03
1.282465787000e+03  4.936149294000e-02
3.587877117000e+02  1.685383049000e-01
1.232532624000e+02  3.705627997000e-01
4.786284856000e+01  4.164915298000e-01
1.971256419000e+01  1.303340841000e-01
S 6   1
4.682992148000e+02 -1.325278809000e-02
9.268863609000e+01 -4.699171014000e-02
2.880755901000e+01 -3.378537151000e-02
1.108330631000e+01  2.502417861000e-01
4.813487481000e+00  5.951172526000e-01
2.206373495000e+00  2.407061763000e-01
P 6   1
4.682992148000e+02  3.759696623000e-03
9.268863609000e+01  3.767936984000e-02
2.880755901000e+01  1.738967435000e-01
1.108330631000e+01  4.180364347000e-01
4.813487481000e+00  4.258595477000e-01
2.206373495000e+00  1.017082955000e-01
S 6   1
1.672190907000e+01 -7.943126362000e-03
4.478277461000e+00 -7.100264172000e-02
1.679401631000e+00 -1.785026925000e-01
7.517310408000e-01  1.510635058000e-01
3.719933828000e-01  7.354914767000e-01
1.917125747000e-01  2.760593123000e-01
P 6   1
1.672190907000e+01 -7.139358907000e-03
4.478277461000e+00 -1.829277070000e-02
1.679401631000e+00  7.621621429000e-02
7.517310408000e-01  4.145098597000e-01
3.719933828000e-01  4.889621471000e-01
1.917125747000e-01  1.058816521000e-01
@END

@ATOMBASIS K
S 6   1
8.001321412000e+03  9.163596281000e-03
1.467033522000e+03  4.936149294000e-02
4.104231128000e+02  1.685383049000e-01
1.409914163000e+02  3.705627997000e-01
5.475109279000e+01  4.164915298000e-01
2.254952356000e+01  1.303340841000e-01
S 6   1
5.433465051000e+02 -1.325278809000e-02
1.075424534000e+02 -4.699171014000e-02
3.342411435000e+01 -3.378537151000e-02
1.285946155000e+01  2.502417861000e-01
5.584872913000e+00  5.951172526000e-01
2.559955878000e+00  2.407061763000e-01
P 6   1
5.433465051000e+02  3.759696623000e-03
1.075424534000e+02  3.767936984000e-02
3.342411435000e+01  1.738967435000e-01
1.285946155000e+01  4.180364347000e-01
5.584872913000e+00  4.258595477000e-01
2.559955878000e+00  1.017082955000e-01
S 6   1
2.329374963000e+01 -7.943126362000e-03
6.238275397000e+00 -7.100264172000e-02
2.339419558000e+00 -1.785026925000e-01
1.047167197000e+00  1.510635058000e-01
5.181896807000e-01  7.354914767000e-01
2.670571103000e-01  2.760593123000e-01
P 6   1
2.329374963000e+01 -7.139358907000e-03
6.238275397000e+00 -1.829277070000e-02
2.339419558000e+00  7.621621429000e-02
1.047167197000e+00  4.145098597000e-01
5.181896807000e-01  4.889621471000e-01
2.670571103000e-01  1.058816521000e-01
S 6   1
2.791996035000e+00  3.775056180000e-03
8.983681264000e-01 -5.585965266000e-02
3.838418398000e-01 -3.192946152000e-01
1.914081612000e-01 -2.764780132000e-02
1.033137261000e-01  9.049199432000e-01
5.744847995000e-02  3.406258162000e-01
P 6   1
2.791996035000e+00 -7.052075733000e-03
8.983681264000e-01 -5.259505547000e-02
3.838418398000e-01 -3.773450392000e-02
1.914081612000e-01  3.874773403000e-01
1.033137261000e-01  5.791672602000e-01
5.744847995000e-02  1.221817127000e-01
@END

@ATOMBASIS CA
S 6   1
8.857157042000e+03  9.163596281000e-03
1.623950048000e+03  4.936149294000e-02
4.543227021000e+02  1.685383049000e-01
1.560721100000e+02  3.705627997000e-01
6.060736746000e+01  4.164915298000e-01
2.496146087000e+01  1.303340841000e-01
S 6   1
6.175690999000e+02 -1.325278809000e-02
1.222330419000e+02 -4.699171014000e-02
3.798993832000e+01 -3.378537151000e-02
1.461609860000e+01  2.502417861000e-01
6.347781583000e+00  5.951172526000e-01
2.909652740000e+00  2.407061763000e-01
P 6   1
6.175690999000e+02  3.759696623000e-03
1.222330419000e+02  3.767936984000e-02
3.798993832000e+01  1.738967435000e-01
1.461609860000e+01  4.180364347000e-01
6.347781583000e+00  4.258595477000e-01
2.909652740000e+00  1.017082955000e-01
S 6   1
2.790660509000e+01 -7.943126362000e-03
7.473639527000e+00 -7.100264172000e-02
2.802694233000e+00 -1.785026925000e-01
1.254537458000e+00  1.510635058000e-01
6.208066547000e-01  7.354914767000e-01
3.199423636000e-01  2.760593123000e-01
P 6   1
2.790660509000e+01 -7.139358907000e-03
7.473639527000e+00 -1.829277070000e-02
2.802694233000e+00  7.621621429000e-02
1.254537458000e+00  4.145098597000e-01
6.208066547000e-01  4.889621471000e-01
3.199423636000e-01  1.058816521000e-01
S 6   1
2.525343962000e+00  3.775056180000e-03
8.125686765000e-01 -5.585965266000e-02
3.471826822000e-01 -3.192946152000e-01
1.731275539000e-01 -2.764780132000e-02
9.344665645000e-02  9.049199432000e-01
5.196181158000e-02  3.406258162000e-01
P 6   1
2.525343962000e+00 -7.052075733000e-03
8.125686765000e-01 -5.259505547000e-02
3.471826822000e-01 -3.773450392000e-02
1.731275539000e-01  3.874773403000e-01
9.344665645000e-02  5.791672602000e-01
5.196181158000e-02  1.221817127000e-01
@END

@ATOMBASIS SC
S 6   1
9.765965612000e+03  9.163596281000e-03
1.790579105000e+03  4.936149294000e-02
5.009395073000e+02  1.685383049000e-01
1.720862408000e+02  3.705627997000e-01
6.682612307000e+01  4.164915298000e-01
2.752268785000e+01  1.303340841000e-01
S 6   1
6.965419408000e+02 -1.325278809000e-02
1.378638281000e+02 -4.699171014000e-02
4.284797502000e+01 -3.378537151000e-02
1.648516043000e+01  2.502417861000e-01
7.159516407000e+00  5.951172526000e-01
3.281730201000e+00  2.407061763000e-01
P 6   1
6.965419408000e+02  3.759696623000e-03
1.378638281000e+02  3.767936984000e-02
4.284797502000e+01  1.738967435000e-01
1.648516043000e+01  4.180364347000e-01
7.159516407000e+00  4.258595477000e-01
3.281730201000e+00  1.017082955000e-01
S 6   1
2.813541924000e+01 -9.737395526000e-03
8.101568293000e+00 -7.265876782000e-02
3.186549647000e+00 -1.716155198000e-01
1.456361493000e+00  1.289776243000e-01
7.247816118000e-01  7.288614510000e-01
3.722203375000e-01  3.013317422000e-01
P 6   1
2.813541924000e+01 -8.104943356000e-03
8.101568293000e+00 -1.715478915000e-02
3.186549647000e+00  7.369785762000e-02
1.456361493000e+00  3.965149986000e-01
7.247816118000e-01  4.978084880000e-01
3.722203375000e-01  1.174825823000e-01
S 6   1
3.495285760000e+00  3.775056180000e-03
1.124662528000e+00 -5.585965266000e-02
4.805296640000e-01 -3.192946152000e-01
2.396229120000e-01 -2.764780132000e-02
1.293379328000e-01  9.049199432000e-01
7.191946240000e-02  3.406258162000e-01
P 6   1
3.495285760000e+00 -7.052075733000e-03
1.124662528000e+00 -5.259505547000e-02
4.805296640000e-01 -3.773450392000e-02
2.396229120000e-01  3.874773403000e-01
1.293379328000e-01  5.791672602000e-01
7.191946240000e-02  1.221817127000e-01
D 6   1
3.303913712000e+00  6.633434386000e-03
9.513589381000e-01  5.958177963000e-02
3.741932894000e-01  2.401949582000e-01
1.710190513000e-01  4.648114679000e-01
8.511036872000e-02  3.434092326000e-01
4.370945627000e-02  5.389056980000e-02
@END

@ATOMBASIS TI
S 6   1
1.071915049000e+04  9.163596281000e-03
1.965344508000e+03  4.936149294000e-02
5.498325692000e+02  1.685383049000e-01
1.888823272000e+02  3.705627997000e-01
7.334853490000e+01  4.164915298000e-01
3.020897724000e+01  1.303340841000e-01
S 6   1
7.802650277000e+02 -1.325278809000e-02
1.544348120000e+02 -4.699171014000e-02
4.799822446000e+01 -3.378537151000e-02
1.846664702000e+01  2.502417861000e-01
8.020077386000e+00  5.951172526000e-01
3.676188261000e+00  2.407061763000e-01
P 6   1
7.802650277000e+02  3.759696623000e-03
1.544348120000e+02  3.767936984000e-02
4.799822446000e+01  1.738967435000e-01
1.846664702000e+01  4.180364347000e-01
8.020077386000e+00  4.258595477000e-01
3.676188261000e+00  1.017082955000e-01
S 6   1
3.231173000000e+01 -9.737395526000e-03
9.304133165000e+00 -7.265876782000e-02
3.659548520000e+00 -1.716155198000e-01
1.672538054000e+00  1.289776243000e-01
8.323653382000e-01  7.288614510000e-01
4.274712576000e-01  3.013317422000e-01
P 6   1
3.231173000000e+01 -8.104943356000e-03
9.304133165000e+00 -1.715478915000e-02
3.659548520000e+00  7.369785762000e-02
1.672538054000e+00  3.965149986000e-01
8.323653382000e-01  4.978084880000e-01
4.274712576000e-01  1.174825823000e-01
S 6   1
3.945849940000e+00  3.775056180000e-03
1.269638557000e+00 -5.585965266000e-02
5.424729410000e-01 -3.192946152000e-01
2.705118030000e-01 -2.764780132000e-02
1.460104007000e-01  9.049199432000e-01
8.119033060000e-02  3.406258162000e-01
P 6   1
3.945849940000e+00 -7.052075733000e-03
1.269638557000e+00 -5.259505547000e-02
5.424729410000e-01 -3.773450392000e-02
2.705118030000e-01  3.874773403000e-01
1.460104007000e-01  5.791672602000e-01
8.119033060000e-02  1.221817127000e-01
D 6   1
9.857130992000e+00  6.633434386000e-03
2.838351873000e+00  5.958177963000e-02
1.116394855000e+00  2.401949582000e-01
5.102303926000e-01  4.648114679000e-01
2.539243232000e-01  3.434092326000e-01
1.304058985000e-01  5.389056980000e-02
@END

@ATOMBASIS V
S 6   1
1.172711958000e+04  9.163596281000e-03
2.150154537000e+03  4.936149294000e-02
6.015357556000e+02  1.685383049000e-01
2.066437671000e+02  3.705627997000e-01
8.024582178000e+01  4.164915298000e-01
3.304966087000e+01  1.303340841000e-01
S 6   1
8.687383606000e+02 -1.325278809000e-02
1.719459935000e+02 -4.699171014000e-02
5.344068663000e+01 -3.378537151000e-02
2.056055839000e+01  2.502417861000e-01
8.929464520000e+00  5.951172526000e-01
4.093026920000e+00  2.407061763000e-01
P 6   1
8.687383606000e+02  3.759696623000e-03
1.719459935000e+02  3.767936984000e-02
5.344068663000e+01  1.738967435000e-01
2.056055839000e+01  4.180364347000e-01
8.929464520000e+00  4.258595477000e-01
4.093026920000e+00  1.017082955000e-01
S 6   1
3.677692843000e+01 -9.737395526000e-03
1.058988298000e+01 -7.265876782000e-02
4.165266112000e+00 -1.716155198000e-01
1.903668182000e+00  1.289776243000e-01
9.473909465000e-01  7.288614510000e-01
4.865440459000e-01  3.013317422000e-01
P 6   1
3.677692843000e+01 -8.104943356000e-03
1.058988298000e+01 -1.715478915000e-02
4.165266112000e+00  7.369785762000e-02
1.903668182000e+00  3.965149986000e-01
9.473909465000e-01  4.978084880000e-01
4.865440459000e-01  1.174825823000e-01
S 6   1
3.945849940000e+00  3.775056180000e-03
1.269638557000e+00 -5.585965266000e-02
5.424729410000e-01 -3.192946152000e-01
2.705118030000e-01 -2.764780132000e-02
1.460104007000e-01  9.049199432000e-01
8.119033060000e-02  3.406258162000e-01
P 6   1
3.945849940000e+00 -7.052075733000e-03
1.269638557000e+00 -5.259505547000e-02
5.424729410000e-01 -3.773450392000e-02
2.705118030000e-01  3.874773403000e-01
1.460104007000e-01  5.791672602000e-01
8.119033060000e-02  1.221817127000e-01
D 6   1
1.775512307000e+01  6.633434386000e-03
5.112571484000e+00  5.958177963000e-02
2.010902367000e+00  2.401949582000e-01
9.190507280000e-01  4.648114679000e-01
4.573803079000e-01  3.434092326000e-01
2.348931731000e-01  5.389056980000e-02
@END

@ATOMBASIS CR
S 6   1
1.278037523000e+04  9.163596281000e-03
2.343267809000e+03  4.936149294000e-02
6.555618898000e+02  1.685383049000e-01
2.252032023000e+02  3.705627997000e-01
8.745299358000e+01  4.164915298000e-01
3.601797222000e+01  1.303340841000e-01
S 6   1
9.619619397000e+02 -1.325278809000e-02
1.903973727000e+02 -4.699171014000e-02
5.917536153000e+01 -3.378537151000e-02
2.276689453000e+01  2.502417861000e-01
9.887677808000e+00  5.951172526000e-01
4.532246179000e+00  2.407061763000e-01
P 6   1
9.619619397000e+02  3.759696623000e-03
1.903973727000e+02  3.767936984000e-02
5.917536153000e+01  1.738967435000e-01
2.276689453000e+01  4.180364347000e-01
9.887677808000e+00  4.258595477000e-01
4.532246179000e+00  1.017082955000e-01
S 6   1
4.131830800000e+01 -9.737395526000e-03
1.189756908000e+01 -7.265876782000e-02
4.679611797000e+00 -1.716155198000e-01
2.138741641000e+00  1.289776243000e-01
1.064379017000e+00  7.288614510000e-01
5.466246804000e-01  3.013317422000e-01
P 6   1
4.131830800000e+01 -8.104943356000e-03
1.189756908000e+01 -1.715478915000e-02
4.679611797000e+00  7.369785762000e-02
2.138741641000e+00  3.965149986000e-01
1.064379017000e+00  4.978084880000e-01
5.466246804000e-01  1.174825823000e-01
S 6   1
4.181372125000e+00  3.775056180000e-03
1.345421481000e+00 -5.585965266000e-02
5.748523813000e-01 -3.192946152000e-01
2.866582688000e-01 -2.764780132000e-02
1.547255544000e-01  9.049199432000e-01
8.603646625000e-02  3.406258162000e-01
P 6   1
4.181372125000e+00 -7.052075733000e-03
1.345421481000e+00 -5.259505547000e-02
5.748523813000e-01 -3.773450392000e-02
2.866582688000e-01  3.874773403000e-01
1.547255544000e-01  5.791672602000e-01
8.603646625000e-02  1.221817127000e-01
D 6   1
2.540054323000e+01  6.633434386000e-03
7.314063241000e+00  5.958177963000e-02
2.876804194000e+00  2.401949582000e-01
1.314797293000e+00  4.648114679000e-01
6.543299215000e-01  3.434092326000e-01
3.360390223000e-01  5.389056980000e-02
@END

@ATOMBASIS MN
S 6   1
1.386759465000e+04  9.163596281000e-03
2.542608299000e+03  4.936149294000e-02
7.113301755000e+02  1.685383049000e-01
2.443611136000e+02  3.705627997000e-01
9.489257116000e+01  4.164915298000e-01
3.908200111000e+01  1.303340841000e-01
S 6   1
1.057846193000e+03 -1.325278809000e-02
2.093753687000e+02 -4.699171014000e-02
6.507370854000e+01 -3.378537151000e-02
2.503620123000e+01  2.502417861000e-01
1.087323925000e+01  5.951172526000e-01
4.984001099000e+00  2.407061763000e-01
P 6   1
1.057846193000e+03  3.759696623000e-03
2.093753687000e+02  3.767936984000e-02
6.507370854000e+01  1.738967435000e-01
2.503620123000e+01  4.180364347000e-01
1.087323925000e+01  4.258595477000e-01
4.984001099000e+00  1.017082955000e-01
S 6   1
4.612400067000e+01 -9.737395526000e-03
1.328136390000e+01 -7.265876782000e-02
5.223892945000e+00 -1.716155198000e-01
2.387496625000e+00  1.289776243000e-01
1.188175917000e+00  7.288614510000e-01
6.102020713000e-01  3.013317422000e-01
P 6   1
4.612400067000e+01 -8.104943356000e-03
1.328136390000e+01 -1.715478915000e-02
5.223892945000e+00  7.369785762000e-02
2.387496625000e+00  3.965149986000e-01
1.188175917000e+00  4.978084880000e-01
6.102020713000e-01  1.174825823000e-01
S 6   1
3.717154485000e+00  3.775056180000e-03
1.196052239000e+00 -5.585965266000e-02
5.110320352000e-01 -3.192946152000e-01
2.548333507000e-01 -2.764780132000e-02
1.375478602000e-01  9.049199432000e-01
7.648466265000e-02  3.406258162000e-01
P 6   1
3.717154485000e+00 -7.052075733000e-03
1.196052239000e+00 -5.259505547000e-02
5.110320352000e-01 -3.773450392000e-02
2.548333507000e-01  3.874773403000e-01
1.375478602000e-01  5.791672602000e-01
7.648466265000e-02  1.221817127000e-01
D 6   1
3.249986195000e+01  6.633434386000e-03
9.358305588000e+00  5.958177963000e-02
3.680855890000e+00  2.401949582000e-01
1.682276246000e+00  4.648114679000e-01
8.372117055000e-01  3.434092326000e-01
4.299601680000e-01  5.389056980000e-02
@END

@ATOMBASIS FE
S 6   1
1.501096599000e+04  9.163596281000e-03
2.752244183000e+03  4.936149294000e-02
7.699787412000e+02  1.685383049000e-01
2.645084788000e+02  3.705627997000e-01
1.027163826000e+02  4.164915298000e-01
4.230427873000e+01  1.303340841000e-01
S 6   1
1.160471300000e+03 -1.325278809000e-02
2.296875558000e+02 -4.699171014000e-02
7.138672115000e+01 -3.378537151000e-02
2.746504472000e+01  2.502417861000e-01
1.192808764000e+01  5.951172526000e-01
5.467515293000e+00  2.407061763000e-01
P 6   1
1.160471300000e+03  3.759696623000e-03
2.296875558000e+02  3.767936984000e-02
7.138672115000e+01  1.738967435000e-01
2.746504472000e+01  4.180364347000e-01
1.192808764000e+01  4.258595477000e-01
5.467515293000e+00  1.017082955000e-01
S 6   1
5.119400644000e+01 -9.737395526000e-03
1.474126743000e+01 -7.265876782000e-02
5.798109557000e+00 -1.716155198000e-01
2.649933133000e+00  1.289776243000e-01
1.318781646000e+00  7.288614510000e-01
6.772762188000e-01  3.013317422000e-01
P 6   1
5.119400644000e+01 -8.104943356000e-03
1.474126743000e+01 -1.715478915000e-02
5.798109557000e+00  7.369785762000e-02
2.649933133000e+00  3.965149986000e-01
1.318781646000e+00  4.978084880000e-01
6.772762188000e-01  1.174825823000e-01
S 6   1
3.280243765000e+00  3.775056180000e-03
1.055469423000e+00 -5.585965266000e-02
4.509658273000e-01 -3.192946152000e-01
2.248804868000e-01 -2.764780132000e-02
1.213806186000e-01  9.049199432000e-01
6.749472985000e-02  3.406258162000e-01
P 6   1
3.280243765000e+00 -7.052075733000e-03
1.055469423000e+00 -5.259505547000e-02
4.509658273000e-01 -3.773450392000e-02
2.248804868000e-01  3.874773403000e-01
1.213806186000e-01  5.791672602000e-01
6.749472985000e-02  1.221817127000e-01
D 6   1
3.839775750000e+01  6.633434386000e-03
1.105659923000e+01  5.958177963000e-02
4.348837299000e+00  2.401949582000e-01
1.987566453000e+00  4.648114679000e-01
9.891442645000e-01  3.434092326000e-01
5.079869660000e-01  5.389056980000e-02
@END

@ATOMBASIS CO
S 6   1
1.618739083000e+04  9.163596281000e-03
2.967940391000e+03  4.936149294000e-02
8.303227671000e+02  1.685383049000e-01
2.852382804000e+02  3.705627997000e-01
1.107663712000e+02  4.164915298000e-01
4.561970857000e+01  1.303340841000e-01
S 6   1
1.267846654000e+03 -1.325278809000e-02
2.509399405000e+02 -4.699171014000e-02
7.799194648000e+01 -3.378537151000e-02
3.000631300000e+01  2.502417861000e-01
1.303176218000e+01  5.951172526000e-01
5.973410087000e+00  2.407061763000e-01
P 6   1
1.267846654000e+03  3.759696623000e-03
2.509399405000e+02  3.767936984000e-02
7.799194648000e+01  1.738967435000e-01
3.000631300000e+01  4.180364347000e-01
1.303176218000e+01  4.258595477000e-01
5.973410087000e+00  1.017082955000e-01
S 6   1
5.652832530000e+01 -9.737395526000e-03
1.627727968000e+01 -7.265876782000e-02
6.402261632000e+00 -1.716155198000e-01
2.926051165000e+00  1.289776243000e-01
1.456196206000e+00  7.288614510000e-01
7.478471227000e-01  3.013317422000e-01
P 6   1
5.652832530000e+01 -8.104943356000e-03
1.627727968000e+01 -1.715478915000e-02
6.402261632000e+00  7.369785762000e-02
2.926051165000e+00  3.965149986000e-01
1.456196206000e+00  4.978084880000e-01
7.478471227000e-01  1.174825823000e-01
S 6   1
3.280243765000e+00  3.775056180000e-03
1.055469423000e+00 -5.585965266000e-02
4.509658273000e-01 -3.192946152000e-01
2.248804868000e-01 -2.764780132000e-02
1.213806186000e-01  9.049199432000e-01
6.749472985000e-02  3.406258162000e-01
P 6   1
3.280243765000e+00 -7.052075733000e-03
1.055469423000e+00 -5.259505547000e-02
4.509658273000e-01 -3.773450392000e-02
2.248804868000e-01  3.874773403000e-01
1.213806186000e-01  5.791672602000e-01
6.749472985000e-02  1.221817127000e-01
D 6   1
4.589982603000e+01  6.633434386000e-03
1.321681302000e+01  5.958177963000e-02
5.198503467000e+00  2.401949582000e-01
2.375892770000e+00  4.648114679000e-01
1.182401073000e+00  3.434092326000e-01
6.072363305000e-01  5.389056980000e-02
@END

@ATOMBASIS NI
S 6   1
1.742087786000e+04  9.163596281000e-03
3.194098886000e+03  4.936149294000e-02
8.935937642000e+02  1.685383049000e-01
3.069735755000e+02  3.705627997000e-01
1.192068223000e+02  4.164915298000e-01
4.909595247000e+01  1.303340841000e-01
S 6   1
1.377587853000e+03 -1.325278809000e-02
2.726605878000e+02 -4.699171014000e-02
8.474270746000e+01 -3.378537151000e-02
3.260357407000e+01  2.502417861000e-01
1.415975444000e+01  5.951172526000e-01
6.490451468000e+00  2.407061763000e-01
P 6   1
1.377587853000e+03  3.759696623000e-03
2.726605878000e+02  3.767936984000e-02
8.474270746000e+01  1.738967435000e-01
3.260357407000e+01  4.180364347000e-01
1.415975444000e+01  4.258595477000e-01
6.490451468000e+00  1.017082955000e-01
S 6   1
6.186673993000e+01 -9.737395526000e-03
1.781447130000e+01 -7.265876782000e-02
7.006877582000e+00 -1.716155198000e-01
3.202381203000e+00  1.289776243000e-01
1.593716273000e+00  7.288614510000e-01
8.184722119000e-01  3.013317422000e-01
P 6   1
6.186673993000e+01 -8.104943356000e-03
1.781447130000e+01 -1.715478915000e-02
7.006877582000e+00  7.369785762000e-02
3.202381203000e+00  3.965149986000e-01
1.593716273000e+00  4.978084880000e-01
8.184722119000e-01  1.174825823000e-01
S 6   1
3.495285760000e+00  3.775056180000e-03
1.124662528000e+00 -5.585965266000e-02
4.805296640000e-01 -3.192946152000e-01
2.396229120000e-01 -2.764780132000e-02
1.293379328000e-01  9.049199432000e-01
7.191946240000e-02  3.406258162000e-01
P 6   1
3.495285760000e+00 -7.052075733000e-03
1.124662528000e+00 -5.259505547000e-02
4.805296640000e-01 -3.773450392000e-02
2.396229120000e-01  3.874773403000e-01
1.293379328000e-01  5.791672602000e-01
7.191946240000e-02  1.221817127000e-01
D 6   1
5.166802249000e+01  6.633434386000e-03
1.487775992000e+01  5.958177963000e-02
5.851795470000e+00  2.401949582000e-01
2.674469420000e+00  4.648114679000e-01
1.330992522000e+00  3.434092326000e-01
6.835472614000e-01  5.389056980000e-02
@END

@ATOMBASIS CU
S 6   1
1.868650813000e+04  9.163596281000e-03
3.426150811000e+03  4.936149294000e-02
9.585135305000e+02  1.685383049000e-01
3.292752674000e+02  3.705627997000e-01
1.278672219000e+02  4.164915298000e-01
5.266278326000e+01  1.303340841000e-01
S 6   1
1.494364736000e+03 -1.325278809000e-02
2.957737804000e+02 -4.699171014000e-02
9.192627051000e+01 -3.378537151000e-02
3.536734970000e+01  2.502417861000e-01
1.536006408000e+01  5.951172526000e-01
7.040641197000e+00  2.407061763000e-01
P 6   1
1.494364736000e+03  3.759696623000e-03
2.957737804000e+02  3.767936984000e-02
9.192627051000e+01  1.738967435000e-01
3.536734970000e+01  4.180364347000e-01
1.536006408000e+01  4.258595477000e-01
7.040641197000e+00  1.017082955000e-01
S 6   1
6.771767076000e+01 -9.737395526000e-03
1.949924150000e+01 -7.265876782000e-02
7.669539880000e+00 -1.716155198000e-01
3.505240396000e+00  1.289776243000e-01
1.744438999000e+00  7.288614510000e-01
8.958776854000e-01  3.013317422000e-01
P 6   1
6.771767076000e+01 -8.104943356000e-03
1.949924150000e+01 -1.715478915000e-02
7.669539880000e+00  7.369785762000e-02
3.505240396000e+00  3.965149986000e-01
1.744438999000e+00  4.978084880000e-01
8.958776854000e-01  1.174825823000e-01
S 6   1
3.495285760000e+00  3.775056180000e-03
1.124662528000e+00 -5.585965266000e-02
4.805296640000e-01 -3.192946152000e-01
2.396229120000e-01 -2.764780132000e-02
1.293379328000e-01  9.049199432000e-01
7.191946240000e-02  3.406258162000e-01
P 6   1
3.495285760000e+00 -7.052075733000e-03
1.124662528000e+00 -5.259505547000e-02
4.805296640000e-01 -3.773450392000e-02
2.396229120000e-01  3.874773403000e-01
1.293379328000e-01  5.791672602000e-01
7.191946240000e-02  1.221817127000e-01
D 6   1
5.777753235000e+01  6.633434386000e-03
1.663698771000e+01  5.958177963000e-02
6.543743805000e+00  2.401949582000e-01
2.990713326000e+00  4.648114679000e-01
1.488376365000e+00  3.434092326000e-01
7.643736320000e-01  5.389056980000e-02
@END

@ATOMBASIS ZN
S 6   1
2.001011084000e+04  9.163596281000e-03
3.668831918000e+03  4.936149294000e-02
1.026406959000e+03  1.685383049000e-01
3.525984925000e+02  3.705627997000e-01
1.369243127000e+02  4.164915298000e-01
5.639299342000e+01  1.303340841000e-01
S 6   1
1.615891864000e+03 -1.325278809000e-02
3.198271707000e+02 -4.699171014000e-02
9.940204628000e+01 -3.378537151000e-02
3.824355010000e+01  2.502417861000e-01
1.660919987000e+01  5.951172526000e-01
7.613211526000e+00  2.407061763000e-01
P 6   1
1.615891864000e+03  3.759696623000e-03
3.198271707000e+02  3.767936984000e-02
9.940204628000e+01  1.738967435000e-01
3.824355010000e+01  4.180364347000e-01
1.660919987000e+01  4.258595477000e-01
7.613211526000e+00  1.017082955000e-01
S 6   1
7.354921499000e+01 -9.737395526000e-03
2.117842933000e+01 -7.265876782000e-02
8.330006498000e+00 -1.716155198000e-01
3.807096088000e+00  1.289776243000e-01
1.894662316000e+00  7.288614510000e-01
9.730266819000e-01  3.013317422000e-01
P 6   1
7.354921499000e+01 -8.104943356000e-03
2.117842933000e+01 -1.715478915000e-02
8.330006498000e+00  7.369785762000e-02
3.807096088000e+00  3.965149986000e-01
1.894662316000e+00  4.978084880000e-01
9.730266819000e-01  1.174825823000e-01
S 6   1
4.928899060000e+00  3.775056180000e-03
1.585949893000e+00 -5.585965266000e-02
6.776219090000e-01 -3.192946152000e-01
3.379057470000e-01 -2.764780132000e-02
1.823866943000e-01  9.049199432000e-01
1.014176794000e-01  3.406258162000e-01
P 6   1
4.928899060000e+00 -7.052075733000e-03
1.585949893000e+00 -5.259505547000e-02
6.776219090000e-01 -3.773450392000e-02
3.379057470000e-01  3.874773403000e-01
1.823866943000e-01  5.791672602000e-01
1.014176794000e-01  1.221817127000e-01
D 6   1
6.555947787000e+01  6.633434386000e-03
1.887779182000e+01  5.958177963000e-02
7.425108164000e+00  2.401949582000e-01
3.393526794000e+00  4.648114679000e-01
1.688842936000e+00  3.434092326000e-01
8.673256571000e-01  5.389056980000e-02
@END

@ATOMBASIS GA
S 6   1
2.137900011000e+04  9.163596281000e-03
3.919816268000e+03  4.936149294000e-02
1.096623335000e+03  1.685383049000e-01
3.767197129000e+02  3.705627997000e-01
1.462912884000e+02  4.164915298000e-01
6.025083131000e+01  1.303340841000e-01
S 6   1
1.739490009000e+03 -1.325278809000e-02
3.442904693000e+02 -4.699171014000e-02
1.070052212000e+02 -3.378537151000e-02
4.116876556000e+01  2.502417861000e-01
1.787962294000e+01  5.951172526000e-01
8.195539368000e+00  2.407061763000e-01
P 6   1
1.739490009000e+03  3.759696623000e-03
3.442904693000e+02  3.767936984000e-02
1.070052212000e+02  1.738967435000e-01
4.116876556000e+01  4.180364347000e-01
1.787962294000e+01  4.258595477000e-01
8.195539368000e+00  1.017082955000e-01
S 6   1
4.423721040000e+00  3.775056180000e-03
1.423401012000e+00 -5.585965266000e-02
6.081703560000e-01 -3.192946152000e-01
3.032727480000e-01 -2.764780132000e-02
1.636933212000e-01  9.049199432000e-01
9.102306960000e-02  3.406258162000e-01
P 6   1
4.423721040000e+00 -7.052075733000e-03
1.423401012000e+00 -5.259505547000e-02
6.081703560000e-01 -3.773450392000e-02
3.032727480000e-01  3.874773403000e-01
1.636933212000e-01  5.791672602000e-01
9.102306960000e-02  1.221817127000e-01
S 6   1
7.554658101000e+01 -9.737395526000e-03
2.175356905000e+01 -7.265876782000e-02
8.556223350000e+00 -1.716155198000e-01
3.910484878000e+00  1.289776243000e-01
1.946115403000e+00  7.288614510000e-01
9.994510350000e-01  3.013317422000e-01
P 6   1
7.554658101000e+01 -8.104943356000e-03
2.175356905000e+01 -1.715478915000e-02
8.556223350000e+00  7.369785762000e-02
3.910484878000e+00  3.965149986000e-01
1.946115403000e+00  4.978084880000e-01
9.994510350000e-01  1.174825823000e-01
D 6   1
7.554658101000e+01  6.633434386000e-03
2.175356905000e+01  5.958177963000e-02
8.556223350000e+00  2.401949582000e-01
3.910484878000e+00  4.648114679000e-01
1.946115403000e+00  3.434092326000e-01
9.994510350000e-01  5.389056980000e-02
@END

@ATOMBASIS GE
S 6   1
2.277866493000e+04  9.163596281000e-03
4.176443280000e+03  4.936149294000e-02
1.168418325000e+03  1.685383049000e-01
4.013832297000e+02  3.705627997000e-01
1.558688538000e+02  4.164915298000e-01
6.419540160000e+01  1.303340841000e-01
S 6   1
1.870418666000e+03 -1.325278809000e-02
3.702046675000e+02 -4.699171014000e-02
1.150593347000e+02 -3.378537151000e-02
4.426747332000e+01  2.502417861000e-01
1.922539383000e+01  5.951172526000e-01
8.812404632000e+00  2.407061763000e-01
P 6   1
1.870418666000e+03  3.759696623000e-03
3.702046675000e+02  3.767936984000e-02
1.150593347000e+02  1.738967435000e-01
4.426747332000e+01  4.180364347000e-01
1.922539383000e+01  4.258595477000e-01
8.812404632000e+00  1.017082955000e-01
S 6   1
5.461384000000e+00  3.775056180000e-03
1.757285200000e+00 -5.585965266000e-02
7.508276000000e-01 -3.192946152000e-01
3.744108000000e-01 -2.764780132000e-02
2.020905200000e-01  9.049199432000e-01
1.123741600000e-01  3.406258162000e-01
P 6   1
5.461384000000e+00 -7.052075733000e-03
1.757285200000e+00 -5.259505547000e-02
7.508276000000e-01 -3.773450392000e-02
3.744108000000e-01  3.874773403000e-01
2.020905200000e-01  5.791672602000e-01
1.123741600000e-01  1.221817127000e-01
S 6   1
8.501816438000e+01 -9.737395526000e-03
2.448090284000e+01 -7.265876782000e-02
9.628952013000e+00 -1.716155198000e-01
4.400758337000e+00  1.289776243000e-01
2.190107838000e+00  7.288614510000e-01
1.124756293000e+00  3.013317422000e-01
P 6   1
8.501816438000e+01 -8.104943356000e-03
2.448090284000e+01 -1.715478915000e-02
9.628952013000e+00  7.369785762000e-02
4.400758337000e+00  3.965149986000e-01
2.190107838000e+00  4.978084880000e-01
1.124756293000e+00  1.174825823000e-01
D 6   1
8.501816438000e+01  6.633434386000e-03
2.448090284000e+01  5.958177963000e-02
9.628952013000e+00  2.401949582000e-01
4.400758337000e+00  4.648114679000e-01
2.190107838000e+00  3.434092326000e-01
1.124756293000e+00  5.389056980000e-02
@END

@ATOMBASIS AS
S 6   1
2.423766988000e+04  9.163596281000e-03
4.443950241000e+03  4.936149294000e-02
1.243257133000e+03  1.685383049000e-01
4.270923800000e+02  3.705627997000e-01
1.658524692000e+02  4.164915298000e-01
6.830720576000e+01  1.303340841000e-01
S 6   1
2.003222475000e+03 -1.325278809000e-02
3.964900070000e+02 -4.699171014000e-02
1.232287987000e+02 -3.378537151000e-02
4.741056057000e+01  2.502417861000e-01
2.059043876000e+01  5.951172526000e-01
9.438104600000e+00  2.407061763000e-01
P 6   1
2.003222475000e+03  3.759696623000e-03
3.964900070000e+02  3.767936984000e-02
1.232287987000e+02  1.738967435000e-01
4.741056057000e+01  4.180364347000e-01
2.059043876000e+01  4.258595477000e-01
9.438104600000e+00  1.017082955000e-01
S 6   1
6.136411062000e+00  3.775056180000e-03
1.974485651000e+00 -5.585965266000e-02
8.436298914000e-01 -3.192946152000e-01
4.206879749000e-01 -2.764780132000e-02
2.270689083000e-01  9.049199432000e-01
1.262636062000e-01  3.406258162000e-01
P 6   1
6.136411062000e+00 -7.052075733000e-03
1.974485651000e+00 -5.259505547000e-02
8.436298914000e-01 -3.773450392000e-02
4.206879749000e-01  3.874773403000e-01
2.270689083000e-01  5.791672602000e-01
1.262636062000e-01  1.221817127000e-01
S 6   1
9.504895563000e+01 -9.737395526000e-03
2.736926003000e+01 -7.265876782000e-02
1.076501521000e+01 -1.716155198000e-01
4.919977830000e+00  1.289776243000e-01
2.448505731000e+00  7.288614510000e-01
1.257459647000e+00  3.013317422000e-01
P 6   1
9.504895563000e+01 -8.104943356000e-03
2.736926003000e+01 -1.715478915000e-02
1.076501521000e+01  7.369785762000e-02
4.919977830000e+00  3.965149986000e-01
2.448505731000e+00  4.978084880000e-01
1.257459647000e+00  1.174825823000e-01
D 6   1
9.504895563000e+01  6.633434386000e-03
2.736926003000e+01  5.958177963000e-02
1.076501521000e+01  2.401949582000e-01
4.919977830000e+00  4.648114679000e-01
2.448505731000e+00  3.434092326000e-01
1.257459647000e+00  5.389056980000e-02
@END

@ATOMBASIS SE
S 6   1
2.572654013000e+04  9.163596281000e-03
4.716932971000e+03  4.936149294000e-02
1.319627864000e+03  1.685383049000e-01
4.533277871000e+02  3.705627997000e-01
1.760404454000e+02  4.164915298000e-01
7.250317701000e+01  1.303340841000e-01
S 6   1
2.137610730000e+03 -1.325278809000e-02
4.230889499000e+02 -4.699171014000e-02
1.314957303000e+02 -3.378537151000e-02
5.059114713000e+01  2.502417861000e-01
2.197176968000e+01  5.951172526000e-01
1.007126962000e+01  2.407061763000e-01
P 6   1
2.137610730000e+03  3.759696623000e-03
4.230889499000e+02  3.767936984000e-02
1.314957303000e+02  1.738967435000e-01
5.059114713000e+01  4.180364347000e-01
2.197176968000e+01  4.258595477000e-01
1.007126962000e+01  1.017082955000e-01
S 6   1
6.728971226000e+00  3.775056180000e-03
2.165151095000e+00 -5.585965266000e-02
9.250946860000e-01 -3.192946152000e-01
4.613115467000e-01 -2.764780132000e-02
2.489957297000e-01  9.049199432000e-01
1.384562025000e-01  3.406258162000e-01
P 6   1
6.728971226000e+00 -7.052075733000e-03
2.165151095000e+00 -5.259505547000e-02
9.250946860000e-01 -3.773450392000e-02
4.613115467000e-01  3.874773403000e-01
2.489957297000e-01  5.791672602000e-01
1.384562025000e-01  1.221817127000e-01
S 6   1
1.056389548000e+02 -9.737395526000e-03
3.041864061000e+01 -7.265876782000e-02
1.196441294000e+01 -1.716155198000e-01
5.468143358000e+00  1.289776243000e-01
2.721309082000e+00  7.288614510000e-01
1.397561098000e+00  3.013317422000e-01
P 6   1
1.056389548000e+02 -8.104943356000e-03
3.041864061000e+01 -1.715478915000e-02
1.196441294000e+01  7.369785762000e-02
5.468143358000e+00  3.965149986000e-01
2.721309082000e+00  4.978084880000e-01
1.397561098000e+00  1.174825823000e-01
D 6   1
1.056389548000e+02  6.633434386000e-03
3.041864061000e+01  5.958177963000e-02
1.196441294000e+01  2.401949582000e-01
5.468143358000e+00  4.648114679000e-01
2.721309082000e+00  3.434092326000e-01
1.397561098000e+00  5.389056980000e-02
@END

@ATOMBASIS BR
S 6   1
2.727566077000e+04  9.163596281000e-03
5.000962544000e+03  4.936149294000e-02
1.399089103000e+03  1.685383049000e-01
4.806248674000e+02  3.705627997000e-01
1.866407005000e+02  4.164915298000e-01
7.686894743000e+01  1.303340841000e-01
S 6   1
2.279426398000e+03 -1.325278809000e-02
4.511579717000e+02 -4.699171014000e-02
1.402195613000e+02 -3.378537151000e-02
5.394751939000e+01  2.502417861000e-01
2.342944444000e+01  5.951172526000e-01
1.073942862000e+01  2.407061763000e-01
P 6   1
2.279426398000e+03  3.759696623000e-03
4.511579717000e+02  3.767936984000e-02
1.402195613000e+02  1.738967435000e-01
5.394751939000e+01  4.180364347000e-01
2.342944444000e+01  4.258595477000e-01
1.073942862000e+01  1.017082955000e-01
S 6   1
7.733865882000e+00  3.775056180000e-03
2.488491572000e+00 -5.585965266000e-02
1.063246964000e+00 -3.192946152000e-01
5.302031339000e-01 -2.764780132000e-02
2.861803854000e-01  9.049199432000e-01
1.591330480000e-01  3.406258162000e-01
P 6   1
7.733865882000e+00 -7.052075733000e-03
2.488491572000e+00 -5.259505547000e-02
1.063246964000e+00 -3.773450392000e-02
5.302031339000e-01  3.874773403000e-01
2.861803854000e-01  5.791672602000e-01
1.591330480000e-01  1.221817127000e-01
S 6   1
1.167881618000e+02 -9.737395526000e-03
3.362904459000e+01 -7.265876782000e-02
1.322714520000e+01 -1.716155198000e-01
6.045254920000e+00  1.289776243000e-01
3.008517890000e+00  7.288614510000e-01
1.545060645000e+00  3.013317422000e-01
P 6   1
1.167881618000e+02 -8.104943356000e-03
3.362904459000e+01 -1.715478915000e-02
1.322714520000e+01  7.369785762000e-02
6.045254920000e+00  3.965149986000e-01
3.008517890000e+00  4.978084880000e-01
1.545060645000e+00  1.174825823000e-01
D 6   1
1.167881618000e+02  6.633434386000e-03
3.362904459000e+01  5.958177963000e-02
1.322714520000e+01  2.401949582000e-01
6.045254920000e+00  4.648114679000e-01
3.008517890000e+00  3.434092326000e-01
1.545060645000e+00  5.389056980000e-02
@END

@ATOMBASIS KR
S 6   1
2.885373644000e+04  9.163596281000e-03
5.290300991000e+03  4.936149294000e-02
1.480035573000e+03  1.685383049000e-01
5.084321647000e+02  3.705627997000e-01
1.974390878000e+02  4.164915298000e-01
8.131631964000e+01  1.303340841000e-01
S 6   1
2.425796448000e+03 -1.325278809000e-02
4.801284244000e+02 -4.699171014000e-02
1.492235564000e+02 -3.378537151000e-02
5.741168085000e+01  2.502417861000e-01
2.493393212000e+01  5.951172526000e-01
1.142904540000e+01  2.407061763000e-01
P 6   1
2.425796448000e+03  3.759696623000e-03
4.801284244000e+02  3.767936984000e-02
1.492235564000e+02  1.738967435000e-01
5.741168085000e+01  4.180364347000e-01
2.493393212000e+01  4.258595477000e-01
1.142904540000e+01  1.017082955000e-01
S 6   1
8.808666254000e+00  3.775056180000e-03
2.834325299000e+00 -5.585965266000e-02
1.211009836000e+00 -3.192946152000e-01
6.038871793000e-01 -2.764780132000e-02
3.259517997000e-01  9.049199432000e-01
1.812482827000e-01  3.406258162000e-01
P 6   1
8.808666254000e+00 -7.052075733000e-03
2.834325299000e+00 -5.259505547000e-02
1.211009836000e+00 -3.773450392000e-02
6.038871793000e-01  3.874773403000e-01
3.259517997000e-01  5.791672602000e-01
1.812482827000e-01  1.221817127000e-01
S 6   1
1.284965766000e+02 -9.737395526000e-03
3.700047197000e+01 -7.265876782000e-02
1.455321200000e+01 -1.716155198000e-01
6.651312517000e+00  1.289776243000e-01
3.310132155000e+00  7.288614510000e-01
1.699958288000e+00  3.013317422000e-01
P 6   1
1.284965766000e+02 -8.104943356000e-03
3.700047197000e+01 -1.715478915000e-02
1.455321200000e+01  7.369785762000e-02
6.651312517000e+00  3.965149986000e-01
3.310132155000e+00  4.978084880000e-01
1.699958288000e+00  1.174825823000e-01
D 6   1
1.284965766000e+02  6.633434386000e-03
3.700047197000e+01  5.958177963000e-02
1.455321200000e+01  2.401949582000e-01
6.651312517000e+00  4.648114679000e-01
3.310132155000e+00  3.434092326000e-01
1.699958288000e+00  5.389056980000e-02
@END

@ATOMBASIS RB
S 6   1
3.047618841000e+04  9.163596281000e-03
5.587775784000e+03  4.936149294000e-02
1.563258301000e+03  1.685383049000e-01
5.370214176000e+02  3.705627997000e-01
2.085411313000e+02  4.164915298000e-01
8.588875425000e+01  1.303340841000e-01
S 6   1
2.576720878000e+03 -1.325278809000e-02
5.100003080000e+02 -4.699171014000e-02
1.585077156000e+02 -3.378537151000e-02
6.098363152000e+01  2.502417861000e-01
2.648523273000e+01  5.951172526000e-01
1.214011997000e+01  2.407061763000e-01
P 6   1
2.576720878000e+03  3.759696623000e-03
5.100003080000e+02  3.767936984000e-02
1.585077156000e+02  1.738967435000e-01
6.098363152000e+01  4.180364347000e-01
2.648523273000e+01  4.258595477000e-01
1.214011997000e+01  1.017082955000e-01
S 6   1
1.245250166000e+01  3.775056180000e-03
4.006785985000e+00 -5.585965266000e-02
1.711962011000e+00 -3.192946152000e-01
8.536940651000e-01 -2.764780132000e-02
4.607865947000e-01  9.049199432000e-01
2.562243222000e-01  3.406258162000e-01
P 6   1
1.245250166000e+01 -7.052075733000e-03
4.006785985000e+00 -5.259505547000e-02
1.711962011000e+00 -3.773450392000e-02
8.536940651000e-01  3.874773403000e-01
4.607865947000e-01  5.791672602000e-01
2.562243222000e-01  1.221817127000e-01
S 6   1
2.780212713000e+00  1.267447151000e-02
9.950130783000e-01  3.266734788000e-03
4.699669403000e-01 -4.307553998000e-01
2.510192540000e-01 -3.231998962000e-01
1.444918926000e-01  1.104322879000e+00
8.477681795000e-02  4.368498702000e-01
P 6   1
2.780212713000e+00 -1.105673292000e-03
9.950130783000e-01 -6.243132446000e-02
4.699669403000e-01 -1.628476766000e-01
2.510192540000e-01  3.210328714000e-01
1.444918926000e-01  6.964579592000e-01
8.477681795000e-02  1.493146125000e-01
S 6   1
1.407641994000e+02 -9.737395526000e-03
4.053292275000e+01 -7.265876782000e-02
1.594261333000e+01 -1.716155198000e-01
7.286316148000e+00  1.289776243000e-01
3.626151878000e+00  7.288614510000e-01
1.862254028000e+00  3.013317422000e-01
P 6   1
1.407641994000e+02 -8.104943356000e-03
4.053292275000e+01 -1.715478915000e-02
1.594261333000e+01  7.369785762000e-02
7.286316148000e+00  3.965149986000e-01
3.626151878000e+00  4.978084880000e-01
1.862254028000e+00  1.174825823000e-01
D 6   1
1.407641994000e+02  6.633434386000e-03
4.053292275000e+01  5.958177963000e-02
1.594261333000e+01  2.401949582000e-01
7.286316148000e+00  4.648114679000e-01
3.626151878000e+00  3.434092326000e-01
1.862254028000e+00  5.389056980000e-02
@END

@ATOMBASIS SR
S 6   1
3.216025385000e+04  9.163596281000e-03
5.896547340000e+03  4.936149294000e-02
1.649641455000e+03  1.685383049000e-01
5.666963626000e+02  3.705627997000e-01
2.200647808000e+02  4.164915298000e-01
9.063482949000e+01  1.303340841000e-01
S 6   1
2.732199690000e+03 -1.325278809000e-02
5.407736223000e+02 -4.699171014000e-02
1.680720388000e+02 -3.378537151000e-02
6.466337138000e+01  2.502417861000e-01
2.808334626000e+01  5.951172526000e-01
1.287265233000e+01  2.407061763000e-01
P 6   1
2.732199690000e+03  3.759696623000e-03
5.407736223000e+02  3.767936984000e-02
1.680720388000e+02  1.738967435000e-01
6.466337138000e+01  4.180364347000e-01
2.808334626000e+01  4.258595477000e-01
1.287265233000e+01  1.017082955000e-01
S 6   1
1.363379902000e+01  3.775056180000e-03
4.386886773000e+00 -5.585965266000e-02
1.874366021000e+00 -3.192946152000e-01
9.346791211000e-01 -2.764780132000e-02
5.044987741000e-01  9.049199432000e-01
2.805308530000e-01  3.406258162000e-01
P 6   1
1.363379902000e+01 -7.052075733000e-03
4.386886773000e+00 -5.259505547000e-02
1.874366021000e+00 -3.773450392000e-02
9.346791211000e-01  3.874773403000e-01
5.044987741000e-01  5.791672602000e-01
2.805308530000e-01  1.221817127000e-01
S 6   1
2.495260164000e+00  1.267447151000e-02
8.930311285000e-01  3.266734788000e-03
4.217985835000e-01 -4.307553998000e-01
2.252915189000e-01 -3.231998962000e-01
1.296824743000e-01  1.104322879000e+00
7.608778121000e-02  4.368498702000e-01
P 6   1
2.495260164000e+00 -1.105673292000e-03
8.930311285000e-01 -6.243132446000e-02
4.217985835000e-01 -1.628476766000e-01
2.252915189000e-01  3.210328714000e-01
1.296824743000e-01  6.964579592000e-01
7.608778121000e-02  1.493146125000e-01
S 6   1
1.531817270000e+02 -9.737395526000e-03
4.410853848000e+01 -7.265876782000e-02
1.734899252000e+01 -1.716155198000e-01
7.929079238000e+00  1.289776243000e-01
3.946033220000e+00  7.288614510000e-01
2.026532949000e+00  3.013317422000e-01
P 6   1
1.531817270000e+02 -8.104943356000e-03
4.410853848000e+01 -1.715478915000e-02
1.734899252000e+01  7.369785762000e-02
7.929079238000e+00  3.965149986000e-01
3.946033220000e+00  4.978084880000e-01
2.026532949000e+00  1.174825823000e-01
D 6   1
1.531817270000e+02  6.633434386000e-03
4.410853848000e+01  5.958177963000e-02
1.734899252000e+01  2.401949582000e-01
7.929079238000e+00  4.648114679000e-01
3.946033220000e+00  3.434092326000e-01
2.026532949000e+00  5.389056980000e-02
@END

@ATOMBASIS Y
S 6   1
3.387191125000e+04  9.163596281000e-03
6.210377850000e+03  4.936149294000e-02
1.737439922000e+03  1.685383049000e-01
5.968575057000e+02  3.705627997000e-01
2.317772353000e+02  4.164915298000e-01
9.545866506000e+01  1.303340841000e-01
S 6   1
2.881881922000e+03 -1.325278809000e-02
5.703996426000e+02 -4.699171014000e-02
1.772797838000e+02 -3.378537151000e-02
6.820592277000e+01  2.502417861000e-01
2.962187874000e+01  5.951172526000e-01
1.357787433000e+01  2.407061763000e-01
P 6   1
2.881881922000e+03  3.759696623000e-03
5.703996426000e+02  3.767936984000e-02
1.772797838000e+02  1.738967435000e-01
6.820592277000e+01  4.180364347000e-01
2.962187874000e+01  4.258595477000e-01
1.357787433000e+01  1.017082955000e-01
S 6   1
1.487599344000e+01  3.713770150000e-03
4.833133390000e+00 -5.212196567000e-02
2.083105480000e+00 -3.077625125000e-01
1.037253831000e+00 -6.451244293000e-02
5.592186425000e-01  8.980784432000e-01
3.094550465000e-01  3.690956849000e-01
P 6   1
1.487599344000e+01 -6.877310609000e-03
4.833133390000e+00 -5.085106480000e-02
2.083105480000e+00 -4.206448162000e-02
1.037253831000e+00  3.652395431000e-01
5.592186425000e-01  5.915908715000e-01
3.094550465000e-01  1.344127135000e-01
S 6   1
2.495260164000e+00  1.267447151000e-02
8.930311285000e-01  3.266734788000e-03
4.217985835000e-01 -4.307553998000e-01
2.252915189000e-01 -3.231998962000e-01
1.296824743000e-01  1.104322879000e+00
7.608778121000e-02  4.368498702000e-01
P 6   1
2.495260164000e+00 -1.105673292000e-03
8.930311285000e-01 -6.243132446000e-02
4.217985835000e-01 -1.628476766000e-01
2.252915189000e-01  3.210328714000e-01
1.296824743000e-01  6.964579592000e-01
7.608778121000e-02  1.493146125000e-01
S 6   1
1.734442748000e+02 -9.737395526000e-03
4.994312064000e+01 -7.265876782000e-02
1.964387977000e+01 -1.716155198000e-01
8.977920706000e+00  1.289776243000e-01
4.468005967000e+00  7.288614510000e-01
2.294598348000e+00  3.013317422000e-01
P 6   1
1.734442748000e+02 -8.104943356000e-03
4.994312064000e+01 -1.715478915000e-02
1.964387977000e+01  7.369785762000e-02
8.977920706000e+00  3.965149986000e-01
4.468005967000e+00  4.978084880000e-01
2.294598348000e+00  1.174825823000e-01
D 6   1
1.734442748000e+02  6.633434386000e-03
4.994312064000e+01  5.958177963000e-02
1.964387977000e+01  2.401949582000e-01
8.977920706000e+00  4.648114679000e-01
4.468005967000e+00  3.434092326000e-01
2.294598348000e+00  5.389056980000e-02
D 6   1
2.693706373000e+00 -4.346377641000e-03
8.751712792000e-01  4.891225526000e-03
3.772033463000e-01  1.634802602000e-01
1.878232378000e-01  4.807480840000e-01
1.012618637000e-01  3.906920727000e-01
5.603531851000e-02  5.786627339000e-02
@END

@ATOMBASIS ZR
S 6   1
3.562794495000e+04  9.163596281000e-03
6.532344707000e+03  4.936149294000e-02
1.827514646000e+03  1.685383049000e-01
6.278006045000e+02  3.705627997000e-01
2.437933460000e+02  4.164915298000e-01
1.004075630000e+02  1.303340841000e-01
S 6   1
3.046178790000e+03 -1.325278809000e-02
6.029182805000e+02 -4.699171014000e-02
1.873865522000e+02 -3.378537151000e-02
7.209436088000e+01  2.502417861000e-01
3.131063006000e+01  5.951172526000e-01
1.435195262000e+01  2.407061763000e-01
P 6   1
3.046178790000e+03  3.759696623000e-03
6.029182805000e+02  3.767936984000e-02
1.873865522000e+02  1.738967435000e-01
7.209436088000e+01  4.180364347000e-01
3.131063006000e+01  4.258595477000e-01
1.435195262000e+01  1.017082955000e-01
S 6   1
1.664380697000e+01  3.713770150000e-03
5.407486867000e+00 -5.212196567000e-02
2.330654799000e+00 -3.077625125000e-01
1.160517622000e+00 -6.451244293000e-02
6.256743237000e-01  8.980784432000e-01
3.462296537000e-01  3.690956849000e-01
P 6   1
1.664380697000e+01 -6.877310609000e-03
5.407486867000e+00 -5.085106480000e-02
2.330654799000e+00 -4.206448162000e-02
1.160517622000e+00  3.652395431000e-01
6.256743237000e-01  5.915908715000e-01
3.462296537000e-01  1.344127135000e-01
S 6   1
2.780212713000e+00  1.267447151000e-02
9.950130783000e-01  3.266734788000e-03
4.699669403000e-01 -4.307553998000e-01
2.510192540000e-01 -3.231998962000e-01
1.444918926000e-01  1.104322879000e+00
8.477681795000e-02  4.368498702000e-01
P 6   1
2.780212713000e+00 -1.105673292000e-03
9.950130783000e-01 -6.243132446000e-02
4.699669403000e-01 -1.628476766000e-01
2.510192540000e-01  3.210328714000e-01
1.444918926000e-01  6.964579592000e-01
8.477681795000e-02  1.493146125000e-01
S 6   1
1.840473804000e+02 -9.737395526000e-03
5.299627521000e+01 -7.265876782000e-02
2.084476190000e+01 -1.716155198000e-01
9.526764656000e+00  1.289776243000e-01
4.741146945000e+00  7.288614510000e-01
2.434873191000e+00  3.013317422000e-01
P 6   1
1.840473804000e+02 -8.104943356000e-03
5.299627521000e+01 -1.715478915000e-02
2.084476190000e+01  7.369785762000e-02
9.526764656000e+00  3.965149986000e-01
4.741146945000e+00  4.978084880000e-01
2.434873191000e+00  1.174825823000e-01
D 6   1
1.840473804000e+02  6.633434386000e-03
5.299627521000e+01  5.958177963000e-02
2.084476190000e+01  2.401949582000e-01
9.526764656000e+00  4.648114679000e-01
4.741146945000e+00  3.434092326000e-01
2.434873191000e+00  5.389056980000e-02
D 6   1
5.225927797000e+00 -4.346377641000e-03
1.697876933000e+00  4.891225526000e-03
7.317937369000e-01  1.634802602000e-01
3.643866642000e-01  4.807480840000e-01
1.964531821000e-01  3.906920727000e-01
1.087113769000e-01  5.786627339000e-02
@END

@ATOMBASIS NB
S 6   1
3.744695520000e+04  9.163596281000e-03
6.865858245000e+03  4.936149294000e-02
1.920819716000e+03  1.685383049000e-01
6.598534141000e+02  3.705627997000e-01
2.562403900000e+02  4.164915298000e-01
1.055339431000e+02  1.303340841000e-01
S 6   1
3.215030039000e+03 -1.325278809000e-02
6.363383492000e+02 -4.699171014000e-02
1.977734846000e+02 -3.378537151000e-02
7.609058819000e+01  2.502417861000e-01
3.304619430000e+01  5.951172526000e-01
1.514748870000e+01  2.407061763000e-01
P 6   1
3.215030039000e+03  3.759696623000e-03
6.363383492000e+02  3.767936984000e-02
1.977734846000e+02  1.738967435000e-01
7.609058819000e+01  4.180364347000e-01
3.304619430000e+01  4.258595477000e-01
1.514748870000e+01  1.017082955000e-01
S 6   1
1.851084784000e+01  3.713770150000e-03
6.014078797000e+00 -5.212196567000e-02
2.592099057000e+00 -3.077625125000e-01
1.290700208000e+00 -6.451244293000e-02
6.958601614000e-01  8.980784432000e-01
3.850684191000e-01  3.690956849000e-01
P 6   1
1.851084784000e+01 -6.877310609000e-03
6.014078797000e+00 -5.085106480000e-02
2.592099057000e+00 -4.206448162000e-02
1.290700208000e+00  3.652395431000e-01
6.958601614000e-01  5.915908715000e-01
3.850684191000e-01  1.344127135000e-01
S 6   1
2.780212713000e+00  1.267447151000e-02
9.950130783000e-01  3.266734788000e-03
4.699669403000e-01 -4.307553998000e-01
2.510192540000e-01 -3.231998962000e-01
1.444918926000e-01  1.104322879000e+00
8.477681795000e-02  4.368498702000e-01
P 6   1
2.780212713000e+00 -1.105673292000e-03
9.950130783000e-01 -6.243132446000e-02
4.699669403000e-01 -1.628476766000e-01
2.510192540000e-01  3.210328714000e-01
1.444918926000e-01  6.964579592000e-01
8.477681795000e-02  1.493146125000e-01
S 6   1
1.977436045000e+02 -9.737395526000e-03
5.694009044000e+01 -7.265876782000e-02
2.239596317000e+01 -1.716155198000e-01
1.023571636000e+01  1.289776243000e-01
5.093968110000e+00  7.288614510000e-01
2.616068755000e+00  3.013317422000e-01
P 6   1
1.977436045000e+02 -8.104943356000e-03
5.694009044000e+01 -1.715478915000e-02
2.239596317000e+01  7.369785762000e-02
1.023571636000e+01  3.965149986000e-01
5.093968110000e+00  4.978084880000e-01
2.616068755000e+00  1.174825823000e-01
D 6   1
1.977436045000e+02  6.633434386000e-03
5.694009044000e+01  5.958177963000e-02
2.239596317000e+01  2.401949582000e-01
1.023571636000e+01  4.648114679000e-01
5.093968110000e+00  3.434092326000e-01
2.616068755000e+00  5.389056980000e-02
D 6   1
7.916198319000e+00 -4.346377641000e-03
2.571931923000e+00  4.891225526000e-03
1.108515957000e+00  1.634802602000e-01
5.519703316000e-01  4.807480840000e-01
2.975858853000e-01  3.906920727000e-01
1.646752217000e-01  5.786627339000e-02
@END

@ATOMBASIS MO
S 6   1
3.929219433000e+04  9.163596281000e-03
7.204180819000e+03  4.936149294000e-02
2.015470180000e+03  1.685383049000e-01
6.923684031000e+02  3.705627997000e-01
2.688669117000e+02  4.164915298000e-01
1.107342420000e+02  1.303340841000e-01
S 6   1
3.384698767000e+03 -1.325278809000e-02
6.699202185000e+02 -4.699171014000e-02
2.082107046000e+02 -3.378537151000e-02
8.010616290000e+01  2.502417861000e-01
3.479016114000e+01  5.951172526000e-01
1.594687630000e+01  2.407061763000e-01
P 6   1
3.384698767000e+03  3.759696623000e-03
6.699202185000e+02  3.767936984000e-02
2.082107046000e+02  1.738967435000e-01
8.010616290000e+01  4.180364347000e-01
3.479016114000e+01  4.258595477000e-01
1.594687630000e+01  1.017082955000e-01
S 6   1
2.058335254000e+01  3.713770150000e-03
6.687424863000e+00 -5.212196567000e-02
2.882314693000e+00 -3.077625125000e-01
1.435209108000e+00 -6.451244293000e-02
7.737697995000e-01  8.980784432000e-01
4.281813070000e-01  3.690956849000e-01
P 6   1
2.058335254000e+01 -6.877310609000e-03
6.687424863000e+00 -5.085106480000e-02
2.882314693000e+00 -4.206448162000e-02
1.435209108000e+00  3.652395431000e-01
7.737697995000e-01  5.915908715000e-01
4.281813070000e-01  1.344127135000e-01
S 6   1
2.928465053000e+00  1.267447151000e-02
1.048071255000e+00  3.266734788000e-03
4.950275043000e-01 -4.307553998000e-01
2.644046298000e-01 -3.231998962000e-01
1.521967927000e-01  1.104322879000e+00
8.929746545000e-02  4.368498702000e-01
P 6   1
2.928465053000e+00 -1.105673292000e-03
1.048071255000e+00 -6.243132446000e-02
4.950275043000e-01 -1.628476766000e-01
2.644046298000e-01  3.210328714000e-01
1.521967927000e-01  6.964579592000e-01
8.929746545000e-02  1.493146125000e-01
S 6   1
2.124127083000e+02 -9.737395526000e-03
6.116404550000e+01 -7.265876782000e-02
2.405735045000e+01 -1.716155198000e-01
1.099502681000e+01  1.289776243000e-01
5.471851114000e+00  7.288614510000e-01
2.810135129000e+00  3.013317422000e-01
P 6   1
2.124127083000e+02 -8.104943356000e-03
6.116404550000e+01 -1.715478915000e-02
2.405735045000e+01  7.369785762000e-02
1.099502681000e+01  3.965149986000e-01
5.471851114000e+00  4.978084880000e-01
2.810135129000e+00  1.174825823000e-01
D 6   1
2.124127083000e+02  6.633434386000e-03
6.116404550000e+01  5.958177963000e-02
2.405735045000e+01  2.401949582000e-01
1.099502681000e+01  4.648114679000e-01
5.471851114000e+00  3.434092326000e-01
2.810135129000e+00  5.389056980000e-02
D 6   1
1.001893850000e+01 -4.346377641000e-03
3.255101340000e+00  4.891225526000e-03
1.402965508000e+00  1.634802602000e-01
6.985874509000e-01  4.807480840000e-01
3.766321360000e-01  3.906920727000e-01
2.084170775000e-01  5.786627339000e-02
@END

@ATOMBASIS TC
S 6   1
4.118180976000e+04  9.163596281000e-03
7.550639739000e+03  4.936149294000e-02
2.112396901000e+03  1.685383049000e-01
7.256653477000e+02  3.705627997000e-01
2.817970896000e+02  4.164915298000e-01
1.160596033000e+02  1.303340841000e-01
S 6   1
3.562561876000e+03 -1.325278809000e-02
7.051239695000e+02 -4.699171014000e-02
2.191520041000e+02 -3.378537151000e-02
8.431567522000e+01  2.502417861000e-01
3.661835521000e+01  5.951172526000e-01
1.678487140000e+01  2.407061763000e-01
P 6   1
3.562561876000e+03  3.759696623000e-03
7.051239695000e+02  3.767936984000e-02
2.191520041000e+02  1.738967435000e-01
8.431567522000e+01  4.180364347000e-01
3.661835521000e+01  4.258595477000e-01
1.678487140000e+01  1.017082955000e-01
S 6   1
2.254261162000e+01  3.713770150000e-03
7.323978014000e+00 -5.212196567000e-02
3.156672392000e+00 -3.077625125000e-01
1.571821765000e+00 -6.451244293000e-02
8.474223061000e-01  8.980784432000e-01
4.689384244000e-01  3.690956849000e-01
P 6   1
2.254261162000e+01 -6.877310609000e-03
7.323978014000e+00 -5.085106480000e-02
3.156672392000e+00 -4.206448162000e-02
1.571821765000e+00  3.652395431000e-01
8.474223061000e-01  5.915908715000e-01
4.689384244000e-01  1.344127135000e-01
S 6   1
2.635811083000e+00  1.267447151000e-02
9.433330362000e-01  3.266734788000e-03
4.455573000000e-01 -4.307553998000e-01
2.379815504000e-01 -3.231998962000e-01
1.369871198000e-01  1.104322879000e+00
8.037358988000e-02  4.368498702000e-01
P 6   1
2.635811083000e+00 -1.105673292000e-03
9.433330362000e-01 -6.243132446000e-02
4.455573000000e-01 -1.628476766000e-01
2.379815504000e-01  3.210328714000e-01
1.369871198000e-01  6.964579592000e-01
8.037358988000e-02  1.493146125000e-01
S 6   1
2.281054793000e+02 -9.737395526000e-03
6.568276458000e+01 -7.265876782000e-02
2.583467580000e+01 -1.716155198000e-01
1.180732491000e+01  1.289776243000e-01
5.876104263000e+00  7.288614510000e-01
3.017744209000e+00  3.013317422000e-01
P 6   1
2.281054793000e+02 -8.104943356000e-03
6.568276458000e+01 -1.715478915000e-02
2.583467580000e+01  7.369785762000e-02
1.180732491000e+01  3.965149986000e-01
5.876104263000e+00  4.978084880000e-01
3.017744209000e+00  1.174825823000e-01
D 6   1
2.281054793000e+02  6.633434386000e-03
6.568276458000e+01  5.958177963000e-02
2.583467580000e+01  2.401949582000e-01
1.180732491000e+01  4.648114679000e-01
5.876104263000e+00  3.434092326000e-01
3.017744209000e+00  5.389056980000e-02
D 6   1
1.236905987000e+01 -4.346377641000e-03
4.018643629000e+00  4.891225526000e-03
1.732056182000e+00  1.634802602000e-01
8.624536431000e-01  4.807480840000e-01
4.649779457000e-01  3.906920727000e-01
2.573050340000e-01  5.786627339000e-02
@END

@ATOMBASIS RU
S 6   1
4.313576482000e+04  9.163596281000e-03
7.908895261000e+03  4.936149294000e-02
2.212623885000e+03  1.685383049000e-01
7.600960219000e+02  3.705627997000e-01
2.951675280000e+02  4.164915298000e-01
1.215662882000e+02  1.303340841000e-01
S 6   1
3.741050723000e+03 -1.325278809000e-02
7.404515703000e+02 -4.699171014000e-02
2.301317962000e+02 -3.378537151000e-02
8.853999697000e+01  2.502417861000e-01
3.845298102000e+01  5.951172526000e-01
1.762581464000e+01  2.407061763000e-01
P 6   1
3.741050723000e+03  3.759696623000e-03
7.404515703000e+02  3.767936984000e-02
2.301317962000e+02  1.738967435000e-01
8.853999697000e+01  4.180364347000e-01
3.845298102000e+01  4.258595477000e-01
1.762581464000e+01  1.017082955000e-01
S 6   1
2.470733453000e+01  3.713770150000e-03
8.027285301000e+00 -5.212196567000e-02
3.459801469000e+00 -3.077625125000e-01
1.722760735000e+00 -6.451244293000e-02
9.287986130000e-01  8.980784432000e-01
5.139696643000e-01  3.690956849000e-01
P 6   1
2.470733453000e+01 -6.877310609000e-03
8.027285301000e+00 -5.085106480000e-02
3.459801469000e+00 -4.206448162000e-02
1.722760735000e+00  3.652395431000e-01
9.287986130000e-01  5.915908715000e-01
5.139696643000e-01  1.344127135000e-01
S 6   1
2.358559954000e+00  1.267447151000e-02
8.441073552000e-01  3.266734788000e-03
3.986907907000e-01 -4.307553998000e-01
2.129491594000e-01 -3.231998962000e-01
1.225779560000e-01  1.104322879000e+00
7.191939196000e-02  4.368498702000e-01
P 6   1
2.358559954000e+00 -1.105673292000e-03
8.441073552000e-01 -6.243132446000e-02
3.986907907000e-01 -1.628476766000e-01
2.129491594000e-01  3.210328714000e-01
1.225779560000e-01  6.964579592000e-01
7.191939196000e-02  1.493146125000e-01
S 6   1
2.438411192000e+02 -9.737395526000e-03
7.021382775000e+01 -7.265876782000e-02
2.761685639000e+01 -1.716155198000e-01
1.262184200000e+01  1.289776243000e-01
6.281461737000e+00  7.288614510000e-01
3.225920429000e+00  3.013317422000e-01
P 6   1
2.438411192000e+02 -8.104943356000e-03
7.021382775000e+01 -1.715478915000e-02
2.761685639000e+01  7.369785762000e-02
1.262184200000e+01  3.965149986000e-01
6.281461737000e+00  4.978084880000e-01
3.225920429000e+00  1.174825823000e-01
D 6   1
2.438411192000e+02  6.633434386000e-03
7.021382775000e+01  5.958177963000e-02
2.761685639000e+01  2.401949582000e-01
1.262184200000e+01  4.648114679000e-01
6.281461737000e+00  3.434092326000e-01
3.225920429000e+00  5.389056980000e-02
D 6   1
1.407324146000e+01 -4.346377641000e-03
4.572323418000e+00  4.891225526000e-03
1.970695034000e+00  1.634802602000e-01
9.812805895000e-01  4.807480840000e-01
5.290415738000e-01  3.906920727000e-01
2.927559498000e-01  5.786627339000e-02
@END

@ATOMBASIS RH
S 6   1
4.511458567000e+04  9.163596281000e-03
8.271709898000e+03  4.936149294000e-02
2.314126346000e+03  1.685383049000e-01
7.949648568000e+02  3.705627997000e-01
3.087081169000e+02  4.164915298000e-01
1.271430505000e+02  1.303340841000e-01
S 6   1
3.923902208000e+03 -1.325278809000e-02
7.766426513000e+02 -4.699171014000e-02
2.413799572000e+02 -3.378537151000e-02
9.286756994000e+01  2.502417861000e-01
4.033244891000e+01  5.951172526000e-01
1.848731229000e+01  2.407061763000e-01
P 6   1
3.923902208000e+03  3.759696623000e-03
7.766426513000e+02  3.767936984000e-02
2.413799572000e+02  1.738967435000e-01
9.286756994000e+01  4.180364347000e-01
4.033244891000e+01  4.258595477000e-01
1.848731229000e+01  1.017082955000e-01
S 6   1
2.672830148000e+01  3.713770150000e-03
8.683887018000e+00 -5.212196567000e-02
3.742800204000e+00 -3.077625125000e-01
1.863676077000e+00 -6.451244293000e-02
1.004770843000e+00  8.980784432000e-01
5.560104479000e-01  3.690956849000e-01
P 6   1
2.672830148000e+01 -6.877310609000e-03
8.683887018000e+00 -5.085106480000e-02
3.742800204000e+00 -4.206448162000e-02
1.863676077000e+00  3.652395431000e-01
1.004770843000e+00  5.915908715000e-01
5.560104479000e-01  1.344127135000e-01
S 6   1
2.358559954000e+00  1.267447151000e-02
8.441073552000e-01  3.266734788000e-03
3.986907907000e-01 -4.307553998000e-01
2.129491594000e-01 -3.231998962000e-01
1.225779560000e-01  1.104322879000e+00
7.191939196000e-02  4.368498702000e-01
P 6   1
2.358559954000e+00 -1.105673292000e-03
8.441073552000e-01 -6.243132446000e-02
3.986907907000e-01 -1.628476766000e-01
2.129491594000e-01  3.210328714000e-01
1.225779560000e-01  6.964579592000e-01
7.191939196000e-02  1.493146125000e-01
S 6   1
2.606348307000e+02 -9.737395526000e-03
7.504956164000e+01 -7.265876782000e-02
2.951887160000e+01 -1.716155198000e-01
1.349112760000e+01  1.289776243000e-01
6.714075631000e+00  7.288614510000e-01
3.448094511000e+00  3.013317422000e-01
P 6   1
2.606348307000e+02 -8.104943356000e-03
7.504956164000e+01 -1.715478915000e-02
2.951887160000e+01  7.369785762000e-02
1.349112760000e+01  3.965149986000e-01
6.714075631000e+00  4.978084880000e-01
3.448094511000e+00  1.174825823000e-01
D 6   1
2.606348307000e+02  6.633434386000e-03
7.504956164000e+01  5.958177963000e-02
2.951887160000e+01  2.401949582000e-01
1.349112760000e+01  4.648114679000e-01
6.714075631000e+00  3.434092326000e-01
3.448094511000e+00  5.389056980000e-02
D 6   1
1.635808168000e+01 -4.346377641000e-03
5.314656200000e+00  4.891225526000e-03
2.290644301000e+00  1.634802602000e-01
1.140594943000e+00  4.807480840000e-01
6.149333332000e-01  3.906920727000e-01
3.402859074000e-01  5.786627339000e-02
@END

@ATOMBASIS PD
S 6   1
4.713778283000e+04  9.163596281000e-03
8.642660882000e+03  4.936149294000e-02
2.417905064000e+03  1.685383049000e-01
8.306156472000e+02  3.705627997000e-01
3.225523621000e+02  4.164915298000e-01
1.328448752000e+02  1.303340841000e-01
S 6   1
4.111116333000e+03 -1.325278809000e-02
8.136972125000e+02 -4.699171014000e-02
2.528964871000e+02 -3.378537151000e-02
9.729839414000e+01  2.502417861000e-01
4.225675888000e+01  5.951172526000e-01
1.936936434000e+01  2.407061763000e-01
P 6   1
4.111116333000e+03  3.759696623000e-03
8.136972125000e+02  3.767936984000e-02
2.528964871000e+02  1.738967435000e-01
9.729839414000e+01  4.180364347000e-01
4.225675888000e+01  4.258595477000e-01
1.936936434000e+01  1.017082955000e-01
S 6   1
2.895473226000e+01  3.713770150000e-03
9.407242872000e+00 -5.212196567000e-02
4.054570317000e+00 -3.077625125000e-01
2.018917733000e+00 -6.451244293000e-02
1.088466873000e+00  8.980784432000e-01
6.023253540000e-01  3.690956849000e-01
P 6   1
2.895473226000e+01 -6.877310609000e-03
9.407242872000e+00 -5.085106480000e-02
4.054570317000e+00 -4.206448162000e-02
2.018917733000e+00  3.652395431000e-01
1.088466873000e+00  5.915908715000e-01
6.023253540000e-01  1.344127135000e-01
S 6   1
2.495260164000e+00  1.267447151000e-02
8.930311285000e-01  3.266734788000e-03
4.217985835000e-01 -4.307553998000e-01
2.252915189000e-01 -3.231998962000e-01
1.296824743000e-01  1.104322879000e+00
7.608778121000e-02  4.368498702000e-01
P 6   1
2.495260164000e+00 -1.105673292000e-03
8.930311285000e-01 -6.243132446000e-02
4.217985835000e-01 -1.628476766000e-01
2.252915189000e-01  3.210328714000e-01
1.296824743000e-01  6.964579592000e-01
7.608778121000e-02  1.493146125000e-01
S 6   1
2.779877501000e+02 -9.737395526000e-03
8.004631893000e+01 -7.265876782000e-02
3.148422134000e+01 -1.716155198000e-01
1.438935923000e+01  1.289776243000e-01
7.161094983000e+00  7.288614510000e-01
3.677666690000e+00  3.013317422000e-01
P 6   1
2.779877501000e+02 -8.104943356000e-03
8.004631893000e+01 -1.715478915000e-02
3.148422134000e+01  7.369785762000e-02
1.438935923000e+01  3.965149986000e-01
7.161094983000e+00  4.978084880000e-01
3.677666690000e+00  1.174825823000e-01
D 6   1
2.779877501000e+02  6.633434386000e-03
8.004631893000e+01  5.958177963000e-02
3.148422134000e+01  2.401949582000e-01
1.438935923000e+01  4.648114679000e-01
7.161094983000e+00  3.434092326000e-01
3.677666690000e+00  5.389056980000e-02
D 6   1
1.781144622000e+01 -4.346377641000e-03
5.786846826000e+00  4.891225526000e-03
2.494160902000e+00  1.634802602000e-01
1.241933246000e+00  4.807480840000e-01
6.695682418000e-01  3.906920727000e-01
3.705192489000e-01  5.786627339000e-02
@END

@ATOMBASIS AG
S 6   1
4.920535629000e+04  9.163596281000e-03
9.021748212000e+03  4.936149294000e-02
2.523960038000e+03  1.685383049000e-01
8.670483931000e+02  3.705627997000e-01
3.367002635000e+02  4.164915298000e-01
1.386717623000e+02  1.303340841000e-01
S 6   1
4.302693097000e+03 -1.325278809000e-02
8.516152538000e+02 -4.699171014000e-02
2.646813861000e+02 -3.378537151000e-02
1.018324696000e+02  2.502417861000e-01
4.422591092000e+01  5.951172526000e-01
2.027197080000e+01  2.407061763000e-01
P 6   1
4.302693097000e+03  3.759696623000e-03
8.516152538000e+02  3.767936984000e-02
2.646813861000e+02  1.738967435000e-01
1.018324696000e+02  4.180364347000e-01
4.422591092000e+01  4.258595477000e-01
2.027197080000e+01  1.017082955000e-01
S 6   1
3.113924567000e+01  3.713770150000e-03
1.011697999000e+01 -5.212196567000e-02
4.360470684000e+00 -3.077625125000e-01
2.171236629000e+00 -6.451244293000e-02
1.170587145000e+00  8.980784432000e-01
6.477682820000e-01  3.690956849000e-01
P 6   1
3.113924567000e+01 -6.877310609000e-03
1.011697999000e+01 -5.085106480000e-02
4.360470684000e+00 -4.206448162000e-02
2.171236629000e+00  3.652395431000e-01
1.170587145000e+00  5.915908715000e-01
6.477682820000e-01  1.344127135000e-01
S 6   1
2.495260164000e+00  1.267447151000e-02
8.930311285000e-01  3.266734788000e-03
4.217985835000e-01 -4.307553998000e-01
2.252915189000e-01 -3.231998962000e-01
1.296824743000e-01  1.104322879000e+00
7.608778121000e-02  4.368498702000e-01
P 6   1
2.495260164000e+00 -1.105673292000e-03
8.930311285000e-01 -6.243132446000e-02
4.217985835000e-01 -1.628476766000e-01
2.252915189000e-01  3.210328714000e-01
1.296824743000e-01  6.964579592000e-01
7.608778121000e-02  1.493146125000e-01
S 6   1
2.958998773000e+02 -9.737395526000e-03
8.520409962000e+01 -7.265876782000e-02
3.351290562000e+01 -1.716155198000e-01
1.531653690000e+01  1.289776243000e-01
7.622519792000e+00  7.288614510000e-01
3.914636965000e+00  3.013317422000e-01
P 6   1
2.958998773000e+02 -8.104943356000e-03
8.520409962000e+01 -1.715478915000e-02
3.351290562000e+01  7.369785762000e-02
1.531653690000e+01  3.965149986000e-01
7.622519792000e+00  4.978084880000e-01
3.914636965000e+00  1.174825823000e-01
D 6   1
2.958998773000e+02  6.633434386000e-03
8.520409962000e+01  5.958177963000e-02
3.351290562000e+01  2.401949582000e-01
1.531653690000e+01  4.648114679000e-01
7.622519792000e+00  3.434092326000e-01
3.914636965000e+00  5.389056980000e-02
D 6   1
1.932665605000e+01 -4.346377641000e-03
6.279130671000e+00  4.891225526000e-03
2.706337785000e+00  1.634802602000e-01
1.347583817000e+00  4.807480840000e-01
7.265280402000e-01  3.906920727000e-01
4.020391156000e-01  5.786627339000e-02
@END

@ATOMBASIS CD
S 6   1
5.133908528000e+04  9.163596281000e-03
9.412965087000e+03  4.936149294000e-02
2.633408421000e+03  1.685383049000e-01
9.046468668000e+02  3.705627997000e-01
3.513008510000e+02  4.164915298000e-01
1.446850905000e+02  1.303340841000e-01
S 6   1
4.494326559000e+03 -1.325278809000e-02
8.895445171000e+02 -4.699171014000e-02
2.764697729000e+02 -3.378537151000e-02
1.063678868000e+02  2.502417861000e-01
4.619564574000e+01  5.951172526000e-01
2.117484438000e+01  2.407061763000e-01
P 6   1
4.494326559000e+03  3.759696623000e-03
8.895445171000e+02  3.767936984000e-02
2.764697729000e+02  1.738967435000e-01
1.063678868000e+02  4.180364347000e-01
4.619564574000e+01  4.258595477000e-01
2.117484438000e+01  1.017082955000e-01
S 6   1
3.340319593000e+01  3.713770150000e-03
1.085252573000e+01 -5.212196567000e-02
4.677494700000e+00 -3.077625125000e-01
2.329094395000e+00 -6.451244293000e-02
1.255693608000e+00  8.980784432000e-01
6.948636800000e-01  3.690956849000e-01
P 6   1
3.340319593000e+01 -6.877310609000e-03
1.085252573000e+01 -5.085106480000e-02
4.677494700000e+00 -4.206448162000e-02
2.329094395000e+00  3.652395431000e-01
1.255693608000e+00  5.915908715000e-01
6.948636800000e-01  1.344127135000e-01
S 6   1
3.396326334000e+00  1.267447151000e-02
1.215514592000e+00  3.266734788000e-03
5.741147387000e-01 -4.307553998000e-01
3.066467896000e-01 -3.231998962000e-01
1.765122566000e-01  1.104322879000e+00
1.035639244000e-01  4.368498702000e-01
P 6   1
3.396326334000e+00 -1.105673292000e-03
1.215514592000e+00 -6.243132446000e-02
5.741147387000e-01 -1.628476766000e-01
3.066467896000e-01  3.210328714000e-01
1.765122566000e-01  6.964579592000e-01
1.035639244000e-01  1.493146125000e-01
S 6   1
3.149574523000e+02 -9.737395526000e-03
9.069171095000e+01 -7.265876782000e-02
3.567132055000e+01 -1.716155198000e-01
1.630300588000e+01  1.289776243000e-01
8.113451873000e+00  7.288614510000e-01
4.166761056000e+00  3.013317422000e-01
P 6   1
3.149574523000e+02 -8.104943356000e-03
9.069171095000e+01 -1.715478915000e-02
3.567132055000e+01  7.369785762000e-02
1.630300588000e+01  3.965149986000e-01
8.113451873000e+00  4.978084880000e-01
4.166761056000e+00  1.174825823000e-01
D 6   1
3.149574523000e+02  6.633434386000e-03
9.069171095000e+01  5.958177963000e-02
3.567132055000e+01  2.401949582000e-01
1.630300588000e+01  4.648114679000e-01
8.113451873000e+00  3.434092326000e-01
4.166761056000e+00  5.389056980000e-02
D 6   1
2.144313963000e+01 -4.346377641000e-03
6.966765247000e+00  4.891225526000e-03
3.002711842000e+00  1.634802602000e-01
1.495159219000e+00  4.807480840000e-01
8.060909331000e-01  3.906920727000e-01
4.460668659000e-01  5.786627339000e-02
@END

@ATOMBASIS IN
S 6   1
5.349586416000e+04  9.163596281000e-03
9.808408134000e+03  4.936149294000e-02
2.744039136000e+03  1.685383049000e-01
9.426515030000e+02  3.705627997000e-01
3.660591634000e+02  4.164915298000e-01
1.507633786000e+02  1.303340841000e-01
S 6   1
4.690135042000e+03 -1.325278809000e-02
9.283001260000e+02 -4.699171014000e-02
2.885149872000e+02 -3.378537151000e-02
1.110021150000e+02  2.502417861000e-01
4.820829418000e+01  5.951172526000e-01
2.209738842000e+01  2.407061763000e-01
P 6   1
4.690135042000e+03  3.759696623000e-03
9.283001260000e+02  3.767936984000e-02
2.885149872000e+02  1.738967435000e-01
1.110021150000e+02  4.180364347000e-01
4.820829418000e+01  4.258595477000e-01
2.209738842000e+01  1.017082955000e-01
S 6   1
3.236521863000e+00  1.267447151000e-02
1.158322012000e+00  3.266734788000e-03
5.471014035000e-01 -4.307553998000e-01
2.922183975000e-01 -3.231998962000e-01
1.682069747000e-01  1.104322879000e+00
9.869101869000e-02  4.368498702000e-01
P 6   1
3.236521863000e+00 -1.105673292000e-03
1.158322012000e+00 -6.243132446000e-02
5.471014035000e-01 -1.628476766000e-01
2.922183975000e-01  3.210328714000e-01
1.682069747000e-01  6.964579592000e-01
9.869101869000e-02  1.493146125000e-01
S 6   1
3.352145391000e+02 -9.737395526000e-03
9.652472061000e+01 -7.265876782000e-02
3.796558929000e+01 -1.716155198000e-01
1.735156467000e+01  1.289776243000e-01
8.635283942000e+00  7.288614510000e-01
4.434754209000e+00  3.013317422000e-01
P 6   1
3.352145391000e+02 -8.104943356000e-03
9.652472061000e+01 -1.715478915000e-02
3.796558929000e+01  7.369785762000e-02
1.735156467000e+01  3.965149986000e-01
8.635283942000e+00  4.978084880000e-01
4.434754209000e+00  1.174825823000e-01
S 6   1
2.971666635000e+01  3.713770150000e-03
9.654791319000e+00 -5.212196567000e-02
4.161264977000e+00 -3.077625125000e-01
2.072044878000e+00 -6.451244293000e-02
1.117109515000e+00  8.980784432000e-01
6.181753441000e-01  3.690956849000e-01
P 6   1
2.971666635000e+01 -6.877310609000e-03
9.654791319000e+00 -5.085106480000e-02
4.161264977000e+00 -4.206448162000e-02
2.072044878000e+00  3.652395431000e-01
1.117109515000e+00  5.915908715000e-01
6.181753441000e-01  1.344127135000e-01
D 6   1
3.352145391000e+02  6.633434386000e-03
9.652472061000e+01  5.958177963000e-02
3.796558929000e+01  2.401949582000e-01
1.735156467000e+01  4.648114679000e-01
8.635283942000e+00  3.434092326000e-01
4.434754209000e+00  5.389056980000e-02
D 6   1
2.971666635000e+01 -4.346377641000e-03
9.654791319000e+00  4.891225526000e-03
4.161264977000e+00  1.634802602000e-01
2.072044878000e+00  4.807480840000e-01
1.117109515000e+00  3.906920727000e-01
6.181753441000e-01  5.786627339000e-02
@END

@ATOMBASIS SN
S 6   1
5.569701935000e+04  9.163596281000e-03
1.021198753000e+04  4.936149294000e-02
2.856946107000e+03  1.685383049000e-01
9.814380948000e+02  3.705627997000e-01
3.811211320000e+02  4.164915298000e-01
1.569667290000e+02  1.303340841000e-01
S 6   1
4.894610044000e+03 -1.325278809000e-02
9.687710651000e+02 -4.699171014000e-02
3.010933249000e+02 -3.378537151000e-02
1.158414549000e+02  2.502417861000e-01
5.031002279000e+01  5.951172526000e-01
2.306076442000e+01  2.407061763000e-01
P 6   1
4.894610044000e+03  3.759696623000e-03
9.687710651000e+02  3.767936984000e-02
3.010933249000e+02  1.738967435000e-01
1.158414549000e+02  4.180364347000e-01
5.031002279000e+01  4.258595477000e-01
2.306076442000e+01  1.017082955000e-01
S 6   1
3.559981514000e+00  1.267447151000e-02
1.274085306000e+00  3.266734788000e-03
6.017789976000e-01 -4.307553998000e-01
3.214228537000e-01 -3.231998962000e-01
1.850176658000e-01  1.104322879000e+00
1.085542496000e-01  4.368498702000e-01
P 6   1
3.559981514000e+00 -1.105673292000e-03
1.274085306000e+00 -6.243132446000e-02
6.017789976000e-01 -1.628476766000e-01
3.214228537000e-01  3.210328714000e-01
1.850176658000e-01  6.964579592000e-01
1.085542496000e-01  1.493146125000e-01
S 6   1
3.542344331000e+02 -9.737395526000e-03
1.020014817000e+02 -7.265876782000e-02
4.011973656000e+01 -1.716155198000e-01
1.833608319000e+01  1.289776243000e-01
9.125245343000e+00  7.288614510000e-01
4.686379795000e+00  3.013317422000e-01
P 6   1
3.542344331000e+02 -8.104943356000e-03
1.020014817000e+02 -1.715478915000e-02
4.011973656000e+01  7.369785762000e-02
1.833608319000e+01  3.965149986000e-01
9.125245343000e+00  4.978084880000e-01
4.686379795000e+00  1.174825823000e-01
S 6   1
3.286335518000e+01  3.713770150000e-03
1.067713426000e+01 -5.212196567000e-02
4.601900070000e+00 -3.077625125000e-01
2.291453084000e+00 -6.451244293000e-02
1.235399904000e+00  8.980784432000e-01
6.836337448000e-01  3.690956849000e-01
P 6   1
3.286335518000e+01 -6.877310609000e-03
1.067713426000e+01 -5.085106480000e-02
4.601900070000e+00 -4.206448162000e-02
2.291453084000e+00  3.652395431000e-01
1.235399904000e+00  5.915908715000e-01
6.836337448000e-01  1.344127135000e-01
D 6   1
3.542344331000e+02  6.633434386000e-03
1.020014817000e+02  5.958177963000e-02
4.011973656000e+01  2.401949582000e-01
1.833608319000e+01  4.648114679000e-01
9.125245343000e+00  3.434092326000e-01
4.686379795000e+00  5.389056980000e-02
D 6   1
3.286335518000e+01 -4.346377641000e-03
1.067713426000e+01  4.891225526000e-03
4.601900070000e+00  1.634802602000e-01
2.291453084000e+00  4.807480840000e-01
1.235399904000e+00  3.906920727000e-01
6.836337448000e-01  5.786627339000e-02
@END

@ATOMBASIS SB
S 6   1
5.794255084000e+04  9.163596281000e-03
1.062370327000e+04  4.936149294000e-02
2.972129334000e+03  1.685383049000e-01
1.021006642000e+03  3.705627997000e-01
3.964867568000e+02  4.164915298000e-01
1.632951419000e+02  1.303340841000e-01
S 6   1
5.103447685000e+03 -1.325278809000e-02
1.010105484000e+03 -4.699171014000e-02
3.139400317000e+02 -3.378537151000e-02
1.207840460000e+02  2.502417861000e-01
5.245659348000e+01  5.951172526000e-01
2.404469482000e+01  2.407061763000e-01
P 6   1
5.103447685000e+03  3.759696623000e-03
1.010105484000e+03  3.767936984000e-02
3.139400317000e+02  1.738967435000e-01
1.207840460000e+02  4.180364347000e-01
5.245659348000e+01  4.258595477000e-01
2.404469482000e+01  1.017082955000e-01
S 6   1
3.727487405000e+00  1.267447151000e-02
1.334034155000e+00  3.266734788000e-03
6.300941803000e-01 -4.307553998000e-01
3.365465899000e-01 -3.231998962000e-01
1.937232023000e-01  1.104322879000e+00
1.136619942000e-01  4.368498702000e-01
P 6   1
3.727487405000e+00 -1.105673292000e-03
1.334034155000e+00 -6.243132446000e-02
6.300941803000e-01 -1.628476766000e-01
3.365465899000e-01  3.210328714000e-01
1.937232023000e-01  6.964579592000e-01
1.136619942000e-01  1.493146125000e-01
S 6   1
3.744183423000e+02 -9.737395526000e-03
1.078134200000e+02 -7.265876782000e-02
4.240571738000e+01 -1.716155198000e-01
1.938085412000e+01  1.289776243000e-01
9.645192323000e+00  7.288614510000e-01
4.953404837000e+00  3.013317422000e-01
P 6   1
3.744183423000e+02 -8.104943356000e-03
1.078134200000e+02 -1.715478915000e-02
4.240571738000e+01  7.369785762000e-02
1.938085412000e+01  3.965149986000e-01
9.645192323000e+00  4.978084880000e-01
4.953404837000e+00  1.174825823000e-01
S 6   1
3.602749813000e+01  3.713770150000e-03
1.170514795000e+01 -5.212196567000e-02
5.044979287000e+00 -3.077625125000e-01
2.512078309000e+00 -6.451244293000e-02
1.354346429000e+00  8.980784432000e-01
7.494552314000e-01  3.690956849000e-01
P 6   1
3.602749813000e+01 -6.877310609000e-03
1.170514795000e+01 -5.085106480000e-02
5.044979287000e+00 -4.206448162000e-02
2.512078309000e+00  3.652395431000e-01
1.354346429000e+00  5.915908715000e-01
7.494552314000e-01  1.344127135000e-01
D 6   1
3.744183423000e+02  6.633434386000e-03
1.078134200000e+02  5.958177963000e-02
4.240571738000e+01  2.401949582000e-01
1.938085412000e+01  4.648114679000e-01
9.645192323000e+00  3.434092326000e-01
4.953404837000e+00  5.389056980000e-02
D 6   1
3.602749813000e+01 -4.346377641000e-03
1.170514795000e+01  4.891225526000e-03
5.044979287000e+00  1.634802602000e-01
2.512078309000e+00  4.807480840000e-01
1.354346429000e+00  3.906920727000e-01
7.494552314000e-01  5.786627339000e-02
@END

@ATOMBASIS TE
S 6   1
6.025605376000e+04  9.163596281000e-03
1.104788150000e+04  4.936149294000e-02
3.090799116000e+03  1.685383049000e-01
1.061772915000e+03  3.705627997000e-01
4.123174936000e+02  4.164915298000e-01
1.698151135000e+02  1.303340841000e-01
S 6   1
5.316647965000e+03 -1.325278809000e-02
1.052303384000e+03 -4.699171014000e-02
3.270551073000e+02 -3.378537151000e-02
1.258298883000e+02  2.502417861000e-01
5.464800625000e+01  5.951172526000e-01
2.504917963000e+01  2.407061763000e-01
P 6   1
5.316647965000e+03  3.759696623000e-03
1.052303384000e+03  3.767936984000e-02
3.270551073000e+02  1.738967435000e-01
1.258298883000e+02  4.180364347000e-01
5.464800625000e+01  4.258595477000e-01
2.504917963000e+01  1.017082955000e-01
S 6   1
4.003506307000e+00  1.267447151000e-02
1.432818833000e+00  3.266734788000e-03
6.767523940000e-01 -4.307553998000e-01
3.614677258000e-01 -3.231998962000e-01
2.080683254000e-01  1.104322879000e+00
1.220786179000e-01  4.368498702000e-01
P 6   1
4.003506307000e+00 -1.105673292000e-03
1.432818833000e+00 -6.243132446000e-02
6.767523940000e-01 -1.628476766000e-01
3.614677258000e-01  3.210328714000e-01
2.080683254000e-01  6.964579592000e-01
1.220786179000e-01  1.493146125000e-01
S 6   1
3.951614594000e+02 -9.737395526000e-03
1.137863816000e+02 -7.265876782000e-02
4.475503274000e+01 -1.716155198000e-01
2.045457109000e+01  1.289776243000e-01
1.017954476000e+01  7.288614510000e-01
5.227827975000e+00  3.013317422000e-01
P 6   1
3.951614594000e+02 -8.104943356000e-03
1.137863816000e+02 -1.715478915000e-02
4.475503274000e+01  7.369785762000e-02
2.045457109000e+01  3.965149986000e-01
1.017954476000e+01  4.978084880000e-01
5.227827975000e+00  1.174825823000e-01
S 6   1
3.948423806000e+01  3.713770150000e-03
1.282822489000e+01 -5.212196567000e-02
5.529031254000e+00 -3.077625125000e-01
2.753105354000e+00 -6.451244293000e-02
1.484292265000e+00  8.980784432000e-01
8.213634116000e-01  3.690956849000e-01
P 6   1
3.948423806000e+01 -6.877310609000e-03
1.282822489000e+01 -5.085106480000e-02
5.529031254000e+00 -4.206448162000e-02
2.753105354000e+00  3.652395431000e-01
1.484292265000e+00  5.915908715000e-01
8.213634116000e-01  1.344127135000e-01
D 6   1
3.951614594000e+02  6.633434386000e-03
1.137863816000e+02  5.958177963000e-02
4.475503274000e+01  2.401949582000e-01
2.045457109000e+01  4.648114679000e-01
1.017954476000e+01  3.434092326000e-01
5.227827975000e+00  5.389056980000e-02
D 6   1
3.948423806000e+01 -4.346377641000e-03
1.282822489000e+01  4.891225526000e-03
5.529031254000e+00  1.634802602000e-01
2.753105354000e+00  4.807480840000e-01
1.484292265000e+00  3.906920727000e-01
8.213634116000e-01  5.786627339000e-02
@END

@ATOMBASIS I
S 6   1
6.259079067000e+04  9.163596281000e-03
1.147595295000e+04  4.936149294000e-02
3.210558084000e+03  1.685383049000e-01
1.102913353000e+03  3.705627997000e-01
4.282935294000e+02  4.164915298000e-01
1.763949273000e+02  1.303340841000e-01
S 6   1
5.534210884000e+03 -1.325278809000e-02
1.095364763000e+03 -4.699171014000e-02
3.404385520000e+02 -3.378537151000e-02
1.309789819000e+02  2.502417861000e-01
5.688426110000e+01  5.951172526000e-01
2.607421884000e+01  2.407061763000e-01
P 6   1
5.534210884000e+03  3.759696623000e-03
1.095364763000e+03  3.767936984000e-02
3.404385520000e+02  1.738967435000e-01
1.309789819000e+02  4.180364347000e-01
5.688426110000e+01  4.258595477000e-01
2.607421884000e+01  1.017082955000e-01
S 6   1
4.510259760000e+00  1.267447151000e-02
1.614181327000e+00  3.266734788000e-03
7.624139582000e-01 -4.307553998000e-01
4.072213738000e-01 -3.231998962000e-01
2.344050748000e-01  1.104322879000e+00
1.375310129000e-01  4.368498702000e-01
P 6   1
4.510259760000e+00 -1.105673292000e-03
1.614181327000e+00 -6.243132446000e-02
7.624139582000e-01 -1.628476766000e-01
4.072213738000e-01  3.210328714000e-01
2.344050748000e-01  6.964579592000e-01
1.375310129000e-01  1.493146125000e-01
S 6   1
4.164637844000e+02 -9.737395526000e-03
1.199203666000e+02 -7.265876782000e-02
4.716768263000e+01 -1.716155198000e-01
2.155723409000e+01  1.289776243000e-01
1.072830266000e+01  7.288614510000e-01
5.509649210000e+00  3.013317422000e-01
P 6   1
4.164637844000e+02 -8.104943356000e-03
1.199203666000e+02 -1.715478915000e-02
4.716768263000e+01  7.369785762000e-02
2.155723409000e+01  3.965149986000e-01
1.072830266000e+01  4.978084880000e-01
5.509649210000e+00  1.174825823000e-01
S 6   1
4.294551332000e+01  3.713770150000e-03
1.395277533000e+01 -5.212196567000e-02
6.013718309000e+00 -3.077625125000e-01
2.994448632000e+00 -6.451244293000e-02
1.614408594000e+00  8.980784432000e-01
8.933659369000e-01  3.690956849000e-01
P 6   1
4.294551332000e+01 -6.877310609000e-03
1.395277533000e+01 -5.085106480000e-02
6.013718309000e+00 -4.206448162000e-02
2.994448632000e+00  3.652395431000e-01
1.614408594000e+00  5.915908715000e-01
8.933659369000e-01  1.344127135000e-01
D 6   1
4.164637844000e+02  6.633434386000e-03
1.199203666000e+02  5.958177963000e-02
4.716768263000e+01  2.401949582000e-01
2.155723409000e+01  4.648114679000e-01
1.072830266000e+01  3.434092326000e-01
5.509649210000e+00  5.389056980000e-02
D 6   1
4.294551332000e+01 -4.346377641000e-03
1.395277533000e+01  4.891225526000e-03
6.013718309000e+00  1.634802602000e-01
2.994448632000e+00  4.807480840000e-01
1.614408594000e+00  3.906920727000e-01
8.933659369000e-01  5.786627339000e-02
@END

@ATOMBASIS XE
S 6   1
6.496990389000e+04  9.163596281000e-03
1.191216076000e+04  4.936149294000e-02
3.332593308000e+03  1.685383049000e-01
1.144835746000e+03  3.705627997000e-01
4.445732215000e+02  4.164915298000e-01
1.830998035000e+02  1.303340841000e-01
S 6   1
5.756136442000e+03 -1.325278809000e-02
1.139289623000e+03 -4.699171014000e-02
3.540903657000e+02 -3.378537151000e-02
1.362313267000e+02  2.502417861000e-01
5.916535802000e+01  5.951172526000e-01
2.711981246000e+01  2.407061763000e-01
P 6   1
5.756136442000e+03  3.759696623000e-03
1.139289623000e+03  3.767936984000e-02
3.540903657000e+02  1.738967435000e-01
1.362313267000e+02  4.180364347000e-01
5.916535802000e+01  4.258595477000e-01
2.711981246000e+01  1.017082955000e-01
S 6   1
5.086711066000e+00  1.267447151000e-02
1.820488056000e+00  3.266734788000e-03
8.598572421000e-01 -4.307553998000e-01
4.592678867000e-01 -3.231998962000e-01
2.643641279000e-01  1.104322879000e+00
1.551086994000e-01  4.368498702000e-01
P 6   1
5.086711066000e+00 -1.105673292000e-03
1.820488056000e+00 -6.243132446000e-02
8.598572421000e-01 -1.628476766000e-01
4.592678867000e-01  3.210328714000e-01
2.643641279000e-01  6.964579592000e-01
1.551086994000e-01  1.493146125000e-01
S 6   1
4.376336798000e+02 -9.737395526000e-03
1.260162187000e+02 -7.265876782000e-02
4.956533386000e+01 -1.716155198000e-01
2.265304219000e+01  1.289776243000e-01
1.127364910000e+01  7.288614510000e-01
5.789718454000e+00  3.013317422000e-01
P 6   1
4.376336798000e+02 -8.104943356000e-03
1.260162187000e+02 -1.715478915000e-02
4.956533386000e+01  7.369785762000e-02
2.265304219000e+01  3.965149986000e-01
1.127364910000e+01  4.978084880000e-01
5.789718454000e+00  1.174825823000e-01
S 6   1
4.655219374000e+01  3.713770150000e-03
1.512456716000e+01 -5.212196567000e-02
6.518766647000e+00 -3.077625125000e-01
3.245930531000e+00 -6.451244293000e-02
1.749990996000e+00  8.980784432000e-01
9.683932259000e-01  3.690956849000e-01
P 6   1
4.655219374000e+01 -6.877310609000e-03
1.512456716000e+01 -5.085106480000e-02
6.518766647000e+00 -4.206448162000e-02
3.245930531000e+00  3.652395431000e-01
1.749990996000e+00  5.915908715000e-01
9.683932259000e-01  1.344127135000e-01
D 6   1
4.376336798000e+02  6.633434386000e-03
1.260162187000e+02  5.958177963000e-02
4.956533386000e+01  2.401949582000e-01
2.265304219000e+01  4.648114679000e-01
1.127364910000e+01  3.434092326000e-01
5.789718454000e+00  5.389056980000e-02
D 6   1
4.655219374000e+01 -4.346377641000e-03
1.512456716000e+01  4.891225526000e-03
6.518766647000e+00  1.634802602000e-01
3.245930531000e+00  4.807480840000e-01
1.749990996000e+00  3.906920727000e-01
9.683932259000e-01  5.786627339000e-02
@END
8c6b41b3f8c8c4f895aec778c63ba9ac