@BASIS_SET STO-3G-OLD

@ATOMBASIS H
S 3  1
3.425250910000e+00  1.543289700000e-01
6.239137300000e-01  5.353281400000e-01
1.688554000000e-01  4.446345400000e-01
@END

@ATOMBASIS HE
S 3  1
6.362421390000e+00  1.543289700000e-01
1.158923000000e+00  5.353281400000e-01
3.136497900000e-01  4.446345400000e-01
@END

@ATOMBASIS LI
S 3  1
1.611957500000e+01  1.543289700000e-01
2.936200700000e+00  5.353281400000e-01
7.946505000000e-01  4.446345400000e-01
S 3  1
6.362897000000e-01 -9.996723000000e-02
1.478601000000e-01  3.995128300000e-01
4.808870000000e-02  7.001154700000e-01
P 3  1
6.362897000000e-01  1.559162700000e-01
1.478601000000e-01  6.076837200000e-01
4.808870000000e-02  3.919573900000e-01
@END

@ATOMBASIS BE
S 3  1
3.016787100000e+01  1.543289700000e-01
5.495115300000e+00  5.353281400000e-01
1.487192700000e+00  4.446345400000e-01
S 3  1
1.314833100000e+00 -9.996723000000e-02
3.055389000000e-01  3.995128300000e-01
9.937070000000e-02  7.001154700000e-01
P 3  1
1.314833100000e+00  1.559162700000e-01
3.055389000000e-01  6.076837200000e-01
9.937070000000e-02  3.919573900000e-01
@END

@ATOMBASIS B
S 3  1
4.879111300000e+01  1.543289700000e-01
8.887362200000e+00  5.353281400000e-01
2.405267000000e+00  4.446345400000e-01
S 3  1
2.236956100000e+00 -9.996723000000e-02
5.198205000000e-01  3.995128300000e-01
1.690618000000e-01  7.001154700000e-01
P 3  1
2.236956100000e+00  1.559162700000e-01
5.198205000000e-01  6.076837200000e-01
1.690618000000e-01  3.919573900000e-01
@END

@ATOMBASIS C
S 3  1
7.161683700000e+01  1.543289700000e-01
1.304509600000e+01  5.353281400000e-01
3.530512200000e+00  4.446345400000e-01
S 3  1
2.941249400000e+00 -9.996723000000e-02
6.834831000000e-01  3.995128300000e-01
2.222899000000e-01  7.001154700000e-01
P 3  1
2.941249400000e+00  1.559162700000e-01
6.834831000000e-01  6.076837200000e-01
2.222899000000e-01  3.919573900000e-01
@END

@ATOMBASIS N
S 3  1
9.910616900000e+01  1.543289700000e-01
1.805231200000e+01  5.353281400000e-01
4.885660200000e+00  4.446345400000e-01
S 3  1
3.780455900000e+00 -9.996723000000e-02
8.784966000000e-01  3.995128300000e-01
2.857144000000e-01  7.001154700000e-01
P 3  1
3.780455900000e+00  1.559162700000e-01
8.784966000000e-01  6.076837200000e-01
2.857144000000e-01  3.919573900000e-01
@END

@ATOMBASIS O
S 3  1
1.307093200000e+02  1.543289700000e-01
2.380886100000e+01  5.353281400000e-01
6.443608300000e+00  4.446345400000e-01
S 3  1
5.033151300000e+00 -9.996723000000e-02
1.169596100000e+00  3.995128300000e-01
3.803890000000e-01  7.001154700000e-01
P 3  1
5.033151300000e+00  1.559162700000e-01
1.169596100000e+00  6.076837200000e-01
3.803890000000e-01  3.919573900000e-01
@END

@ATOMBASIS F
S 3  1
1.666791300000e+02  1.543289700000e-01
3.036081200000e+01  5.353281400000e-01
8.216820700000e+00  4.446345400000e-01
S 3  1
6.464803200000e+00 -9.996723000000e-02
1.502281200000e+00  3.995128300000e-01
4.885885000000e-01  7.001154700000e-01
P 3  1
6.464803200000e+00  1.559162700000e-01
1.502281200000e+00  6.076837200000e-01
4.885885000000e-01  3.919573900000e-01
@END

@ATOMBASIS NE
S 3  1
2.070156100000e+02  1.543289700000e-01
3.770815100000e+01  5.353281400000e-01
1.020529700000e+01  4.446345400000e-01
S 3  1
8.246315100000e+00 -9.996723000000e-02
1.916266200000e+00  3.995128300000e-01
6.232293000000e-01  7.001154700000e-01
P 3  1
8.246315100000e+00  1.559162700000e-01
1.916266200000e+00  6.076837200000e-01
6.232293000000e-01  3.919573900000e-01
@END

@ATOMBASIS NA
S 3  1
2.507724300000e+02  1.543289673000e-01
4.567851100000e+01  5.353281423000e-01
1.236238800000e+01  4.446345422000e-01
S 3  1
1.204019300000e+01 -9.996722919000e-02
2.797881900000e+00  3.995128261000e-01
9.099580000000e-01  7.001154689000e-01
P 3  1
1.204019300000e+01  1.559162750000e-01
2.797881900000e+00  6.076837186000e-01
9.099580000000e-01  3.919573931000e-01
S 3  1
1.478740600000e+00 -2.196203690000e-01
4.125649000000e-01  2.255954336000e-01
1.614751000000e-01  9.003984260000e-01
P 3  1
1.478740600000e+00  1.058760429000e-02
4.125649000000e-01  5.951670053000e-01
1.614751000000e-01  4.620010120000e-01
@END

@ATOMBASIS MG
S 3  1
2.992374000000e+02  1.543289673000e-01
5.450647000000e+01  5.353281423000e-01
1.475158000000e+01  4.446345422000e-01
S 3  1
1.512182000000e+01 -9.996722919000e-02
3.513987000000e+00  3.995128261000e-01
1.142857000000e+00  7.001154689000e-01
P 3  1
1.512182000000e+01  1.559162750000e-01
3.513987000000e+00  6.076837186000e-01
1.142857000000e+00  3.919573931000e-01
S 3  1
1.395448000000e+00 -2.196203690000e-01
3.893260000000e-01  2.255954336000e-01
1.523800000000e-01  9.003984260000e-01
P 3  1
1.395448000000e+00  1.058760429000e-02
3.893260000000e-01  5.951670053000e-01
1.523800000000e-01  4.620010120000e-01
@END

@ATOMBASIS AL
S 3  1
3.514214767000e+02  1.543289673000e-01
6.401186067000e+01  5.353281423000e-01
1.732410761000e+01  4.446345422000e-01
S 3  1
1.889939621000e+01 -9.996722919000e-02
4.391813233000e+00  3.995128261000e-01
1.428353970000e+00  7.001154689000e-01
P 3  1
1.889939621000e+01  1.559162750000e-01
4.391813233000e+00  6.076837186000e-01
1.428353970000e+00  3.919573931000e-01
S 3  1
1.395448293000e+00 -2.196203690000e-01
3.893265318000e-01  2.255954336000e-01
1.523797659000e-01  9.003984260000e-01
P 3  1
1.395448293000e+00  1.058760429000e-02
3.893265318000e-01  5.951670053000e-01
1.523797659000e-01  4.620010120000e-01
@END

@ATOMBASIS SI
S 3  1
4.077975514000e+02  1.543289673000e-01
7.428083305000e+01  5.353281423000e-01
2.010329229000e+01  4.446345422000e-01
S 3  1
2.319365606000e+01 -9.996722919000e-02
5.389706871000e+00  3.995128261000e-01
1.752899952000e+00  7.001154689000e-01
P 3  1
2.319365606000e+01  1.559162750000e-01
5.389706871000e+00  6.076837186000e-01
1.752899952000e+00  3.919573931000e-01
S 3  1
1.478740622000e+00 -2.196203690000e-01
4.125648801000e-01  2.255954336000e-01
1.614750979000e-01  9.003984260000e-01
P 3  1
1.478740622000e+00  1.058760429000e-02
4.125648801000e-01  5.951670053000e-01
1.614750979000e-01  4.620010120000e-01
@END

@ATOMBASIS P
S 3  1
4.683656378000e+02  1.543289673000e-01
8.531338559000e+01  5.353281423000e-01
2.308913156000e+01  4.446345422000e-01
S 3  1
2.803263958000e+01 -9.996722919000e-02
6.514182577000e+00  3.995128261000e-01
2.118614352000e+00  7.001154689000e-01
P 3  1
2.803263958000e+01  1.559162750000e-01
6.514182577000e+00  6.076837186000e-01
2.118614352000e+00  3.919573931000e-01
S 3  1
1.743103231000e+00 -2.196203690000e-01
4.863213771000e-01  2.255954336000e-01
1.903428909000e-01  9.003984260000e-01
P 3  1
1.743103231000e+00  1.058760429000e-02
4.863213771000e-01  5.951670053000e-01
1.903428909000e-01  4.620010120000e-01
@END

@ATOMBASIS S
S 3  1
5.331257359000e+02  1.543289673000e-01
9.710951830000e+01  5.353281423000e-01
2.628162542000e+01  4.446345422000e-01
S 3  1
3.332975173000e+01 -9.996722919000e-02
7.745117521000e+00  3.995128261000e-01
2.518952599000e+00  7.001154689000e-01
P 3  1
3.332975173000e+01  1.559162750000e-01
7.745117521000e+00  6.076837186000e-01
2.518952599000e+00  3.919573931000e-01
S 3  1
2.029194274000e+00 -2.196203690000e-01
5.661400518000e-01  2.255954336000e-01
2.215833792000e-01  9.003984260000e-01
P 3  1
2.029194274000e+00  1.058760429000e-02
5.661400518000e-01  5.951670053000e-01
2.215833792000e-01  4.620010120000e-01
@END

@ATOMBASIS CL
S 3  1
6.013456136000e+02  1.543289673000e-01
1.095358542000e+02  5.353281423000e-01
2.964467686000e+01  4.446345422000e-01
S 3  1
3.896041889000e+01 -9.996722919000e-02
9.053563477000e+00  3.995128261000e-01
2.944499834000e+00  7.001154689000e-01
P 3  1
3.896041889000e+01  1.559162750000e-01
9.053563477000e+00  6.076837186000e-01
2.944499834000e+00  3.919573931000e-01
S 3  1
2.129386495000e+00 -2.196203690000e-01
5.940934274000e-01  2.255954336000e-01
2.325241410000e-01  9.003984260000e-01
P 3  1
2.129386495000e+00  1.058760429000e-02
5.940934274000e-01  5.951670053000e-01
2.325241410000e-01  4.620010120000e-01
@END

@ATOMBASIS AR
S 3  1
6.744465184000e+02  1.543289673000e-01
1.228512753000e+02  5.353281423000e-01
3.324834945000e+01  4.446345422000e-01
S 3  1
4.516424392000e+01 -9.996722919000e-02
1.049519900000e+01  3.995128261000e-01
3.413364448000e+00  7.001154689000e-01
P 3  1
4.516424392000e+01  1.559162750000e-01
1.049519900000e+01  6.076837186000e-01
3.413364448000e+00  3.919573931000e-01
S 3  1
2.621366518000e+00 -2.196203690000e-01
7.313546050000e-01  2.255954336000e-01
2.862472356000e-01  9.003984260000e-01
P 3  1
2.621366518000e+00  1.058760429000e-02
7.313546050000e-01  5.951670053000e-01
2.862472356000e-01  4.620010120000e-01
@END

@ATOMBASIS K
S 3  1
7.715103681000e+02  1.543289673000e-01
1.405315766000e+02  5.353281423000e-01
3.803332899000e+01  4.446345422000e-01
S 3  1
5.240203979000e+01 -9.996722920000e-02
1.217710710000e+01  3.995128261000e-01
3.960373165000e+00  7.001154689000e-01
P 3  1
5.240203979000e+01  1.559162750000e-01
1.217710710000e+01  6.076837186000e-01
3.960373165000e+00  3.919573931000e-01
S 3  1
3.651583985000e+00 -2.196203690000e-01
1.018782663000e+00  2.255954336000e-01
3.987446295000e-01  9.003984260000e-01
P 3  1
3.651583985000e+00  1.058760430000e-02
1.018782663000e+00  5.951670053000e-01
3.987446295000e-01  4.620010120000e-01
S 3  1
5.039822505000e-01 -3.088441215000e-01
1.860011465000e-01  1.960641170000e-02
8.214006743000e-02  1.131034442000e+00
P 3  1
5.039822505000e-01 -1.215468600000e-01
1.860011465000e-01  5.715227604000e-01
8.214006743000e-02  5.498949471000e-01
@END

@ATOMBASIS CA
S 3  1
8.540324951000e+02  1.543289673000e-01
1.555630851000e+02  5.353281423000e-01
4.210144179000e+01  4.446345422000e-01
S 3  1
5.956029944000e+01 -9.996722920000e-02
1.384053270000e+01  3.995128261000e-01
4.501370797000e+00  7.001154689000e-01
P 3  1
5.956029944000e+01  1.559162750000e-01
1.384053270000e+01  6.076837186000e-01
4.501370797000e+00  3.919573931000e-01
S 3  1
4.374706256000e+00 -2.196203690000e-01
1.220531941000e+00  2.255954336000e-01
4.777079300000e-01  9.003984260000e-01
P 3  1
4.374706256000e+00  1.058760430000e-02
1.220531941000e+00  5.951670053000e-01
4.777079300000e-01  4.620010120000e-01
S 3  1
4.558489757000e-01 -3.088441215000e-01
1.682369410000e-01  1.960641170000e-02
7.429520700000e-02  1.131034442000e+00
P 3  1
4.558489757000e-01 -1.215468600000e-01
1.682369410000e-01  5.715227604000e-01
7.429520700000e-02  5.498949471000e-01
@END

@ATOMBASIS SC
S 3  1
9.416624250000e+02  1.543289673000e-01
1.715249862000e+02  5.353281423000e-01
4.642135516000e+01  4.446345422000e-01
S 3  1
6.717668771000e+01 -9.996722920000e-02
1.561041754000e+01  3.995128261000e-01
5.076992278000e+00  7.001154689000e-01
P 3  1
6.717668771000e+01  1.559162750000e-01
1.561041754000e+01  6.076837186000e-01
5.076992278000e+00  3.919573931000e-01
S 3  1
4.698159231000e+00 -2.277635023000e-01
1.433088313000e+00  2.175436044000e-01
5.529300240000e-01  9.166769611000e-01
P 3  1
4.698159231000e+00  4.951511200000e-03
1.433088313000e+00  5.777664691000e-01
5.529300240000e-01  4.846460366000e-01
S 3  1
6.309328384000e-01 -3.088441215000e-01
2.328538976000e-01  1.960641170000e-02
1.028307363000e-01  1.131034442000e+00
P 3  1
6.309328384000e-01 -1.215468600000e-01
2.328538976000e-01  5.715227604000e-01
1.028307363000e-01  5.498949471000e-01
D 3  1
5.517000679000e-01  2.197679508000e-01
1.682861055000e-01  6.555473627000e-01
6.493001120000e-02  2.865732590000e-01
@END

@ATOMBASIS TI
S 3  1
1.033571245000e+03  1.543289673000e-01
1.882662926000e+02  5.353281423000e-01
5.095220601000e+01  4.446345422000e-01
S 3  1
7.525120460000e+01 -9.996722920000e-02
1.748676162000e+01  3.995128261000e-01
5.687237606000e+00  7.001154689000e-01
P 3  1
7.525120460000e+01  1.559162750000e-01
1.748676162000e+01  6.076837186000e-01
5.687237606000e+00  3.919573931000e-01
S 3  1
5.395535474000e+00 -2.277635023000e-01
1.645810296000e+00  2.175436044000e-01
6.350047770000e-01  9.166769611000e-01
P 3  1
5.395535474000e+00  4.951511200000e-03
1.645810296000e+00  5.777664691000e-01
6.350047770000e-01  4.846460366000e-01
S 3  1
7.122640246000e-01 -3.088441215000e-01
2.628702203000e-01  1.960641170000e-02
1.160862609000e-01  1.131034442000e+00
P 3  1
7.122640246000e-01 -1.215468600000e-01
2.628702203000e-01  5.715227604000e-01
1.160862609000e-01  5.498949471000e-01
D 3  1
1.645981194000e+00  2.197679508000e-01
5.020767280000e-01  6.555473627000e-01
1.937168100000e-01  2.865732590000e-01
@END

@ATOMBASIS V
S 3  1
1.130762517000e+03  1.543289673000e-01
2.059698041000e+02  5.353281423000e-01
5.574346711000e+01  4.446345422000e-01
S 3  1
8.378385011000e+01 -9.996722920000e-02
1.946956493000e+01  3.995128261000e-01
6.332106784000e+00  7.001154689000e-01
P 3  1
8.378385011000e+01  1.559162750000e-01
1.946956493000e+01  6.076837186000e-01
6.332106784000e+00  3.919573931000e-01
S 3  1
6.141151276000e+00 -2.277635023000e-01
1.873246881000e+00  2.175436044000e-01
7.227568825000e-01  9.166769611000e-01
P 3  1
6.141151276000e+00  4.951511200000e-03
1.873246881000e+00  5.777664691000e-01
7.227568825000e-01  4.846460366000e-01
S 3  1
7.122640246000e-01 -3.088441215000e-01
2.628702203000e-01  1.960641170000e-02
1.160862609000e-01  1.131034442000e+00
P 3  1
7.122640246000e-01 -1.215468600000e-01
2.628702203000e-01  5.715227604000e-01
1.160862609000e-01  5.498949471000e-01
D 3  1
2.964817927000e+00  2.197679508000e-01
9.043639676000e-01  6.555473627000e-01
3.489317337000e-01  2.865732590000e-01
@END

@ATOMBASIS CR
S 3  1
1.232320450000e+03  1.543289673000e-01
2.244687082000e+02  5.353281423000e-01
6.074999251000e+01  4.446345422000e-01
S 3  1
9.277462423000e+01 -9.996722920000e-02
2.155882749000e+01  3.995128261000e-01
7.011599810000e+00  7.001154689000e-01
P 3  1
9.277462423000e+01  1.559162750000e-01
2.155882749000e+01  6.076837186000e-01
7.011599810000e+00  3.919573931000e-01
S 3  1
6.899488096000e+00 -2.277635023000e-01
2.104563782000e+00  2.175436044000e-01
8.120061343000e-01  9.166769611000e-01
P 3  1
6.899488096000e+00  4.951511200000e-03
2.104563782000e+00  5.777664691000e-01
8.120061343000e-01  4.846460366000e-01
S 3  1
7.547780537000e-01 -3.088441215000e-01
2.785605708000e-01  1.960641170000e-02
1.230152851000e-01  1.131034442000e+00
P 3  1
7.547780537000e-01 -1.215468600000e-01
2.785605708000e-01  5.715227604000e-01
1.230152851000e-01  5.498949471000e-01
D 3  1
4.241479241000e+00  2.197679508000e-01
1.293786360000e+00  6.555473627000e-01
4.991829993000e-01  2.865732590000e-01
@END

@ATOMBASIS MN
S 3  1
1.337153266000e+03  1.543289673000e-01
2.435641365000e+02  5.353281423000e-01
6.591796062000e+01  4.446345422000e-01
S 3  1
1.020220021000e+02 -9.996722920000e-02
2.370771923000e+01  3.995128261000e-01
7.710486098000e+00  7.001154689000e-01
P 3  1
1.020220021000e+02  1.559162750000e-01
2.370771923000e+01  6.076837186000e-01
7.710486098000e+00  3.919573931000e-01
S 3  1
7.701960922000e+00 -2.277635023000e-01
2.349343572000e+00  2.175436044000e-01
9.064497870000e-01  9.166769611000e-01
P 3  1
7.701960922000e+00  4.951511200000e-03
2.349343572000e+00  5.777664691000e-01
9.064497870000e-01  4.846460366000e-01
S 3  1
6.709822860000e-01 -3.088441215000e-01
2.476346630000e-01  1.960641170000e-02
1.093580780000e-01  1.131034442000e+00
P 3  1
6.709822860000e-01 -1.215468600000e-01
2.476346630000e-01  5.715227604000e-01
1.093580780000e-01  5.498949471000e-01
D 3  1
5.426950461000e+00  2.197679508000e-01
1.655392868000e+00  6.555473627000e-01
6.387020320000e-01  2.865732590000e-01
@END

@ATOMBASIS FE
S 3  1
1.447400411000e+03  1.543289673000e-01
2.636457916000e+02  5.353281423000e-01
7.135284019000e+01  4.446345422000e-01
S 3  1
1.119194891000e+02 -9.996722920000e-02
2.600768236000e+01  3.995128261000e-01
8.458505490000e+00  7.001154689000e-01
P 3  1
1.119194891000e+02  1.559162750000e-01
2.600768236000e+01  6.076837186000e-01
8.458505490000e+00  3.919573931000e-01
S 3  1
8.548569754000e+00 -2.277635023000e-01
2.607586250000e+00  2.175436044000e-01
1.006087840000e+00  9.166769611000e-01
P 3  1
8.548569754000e+00  4.951511200000e-03
2.607586250000e+00  5.777664691000e-01
1.006087840000e+00  4.846460366000e-01
S 3  1
5.921156814000e-01 -3.088441215000e-01
2.185279254000e-01  1.960641170000e-02
9.650423590000e-02  1.131034442000e+00
P 3  1
5.921156814000e-01 -1.215468600000e-01
2.185279254000e-01  5.715227604000e-01
9.650423590000e-02  5.498949471000e-01
D 3  1
6.411803475000e+00  2.197679508000e-01
1.955804428000e+00  6.555473627000e-01
7.546101510000e-01  2.865732590000e-01
@END

@ATOMBASIS CO
S 3  1
1.557298704000e+03  1.543289673000e-01
2.836639029000e+02  5.353281423000e-01
7.677052234000e+01  4.446345422000e-01
S 3  1
1.218344741000e+02 -9.996722920000e-02
2.831171164000e+01  3.995128261000e-01
9.207847321000e+00  7.001154689000e-01
P 3  1
1.218344741000e+02  1.559162750000e-01
2.831171164000e+01  6.076837186000e-01
9.207847321000e+00  3.919573931000e-01
S 3  1
9.480851678000e+00 -2.277635023000e-01
2.891961952000e+00  2.175436044000e-01
1.115808827000e+00  9.166769611000e-01
P 3  1
9.480851678000e+00  4.951511200000e-03
2.891961952000e+00  5.777664691000e-01
1.115808827000e+00  4.846460366000e-01
S 3  1
5.921156814000e-01 -3.088441215000e-01
2.185279254000e-01  1.960641170000e-02
9.650423590000e-02  1.131034442000e+00
P 3  1
5.921156814000e-01 -1.215468600000e-01
2.185279254000e-01  5.715227604000e-01
9.650423590000e-02  5.498949471000e-01
D 3  1
7.664527389000e+00  2.197679508000e-01
2.337925151000e+00  6.555473627000e-01
9.020442050000e-01  2.865732590000e-01
@END

@ATOMBASIS NI
S 3  1
1.679771028000e+03  1.543289673000e-01
3.059723896000e+02  5.353281423000e-01
8.280806943000e+01  4.446345422000e-01
S 3  1
1.328588899000e+02 -9.996722920000e-02
3.087354878000e+01  3.995128261000e-01
1.004103627000e+01  7.001154689000e-01
P 3  1
1.328588899000e+02  1.559162750000e-01
3.087354878000e+01  6.076837186000e-01
1.004103627000e+01  3.919573931000e-01
S 3  1
1.033074335000e+01 -2.277635023000e-01
3.151206003000e+00  2.175436044000e-01
1.215833241000e+00  9.166769611000e-01
P 3  1
1.033074335000e+01  4.951511200000e-03
3.151206003000e+00  5.777664691000e-01
1.215833241000e+00  4.846460366000e-01
S 3  1
6.309328384000e-01 -3.088441215000e-01
2.328538976000e-01  1.960641170000e-02
1.028307363000e-01  1.131034442000e+00
P 3  1
6.309328384000e-01 -1.215468600000e-01
2.328538976000e-01  5.715227604000e-01
1.028307363000e-01  5.498949471000e-01
D 3  1
8.627722755000e+00  2.197679508000e-01
2.631730438000e+00  6.555473627000e-01
1.015403419000e+00  2.865732590000e-01
@END

@ATOMBASIS CU
S 3  1
1.801806730000e+03  1.543289673000e-01
3.282013450000e+02  5.353281423000e-01
8.882409228000e+01  4.446345422000e-01
S 3  1
1.441212184000e+02 -9.996722920000e-02
3.349067173000e+01  3.995128261000e-01
1.089220588000e+01  7.001154689000e-01
P 3  1
1.441212184000e+02  1.559162750000e-01
3.349067173000e+01  6.076837186000e-01
1.089220588000e+01  3.919573931000e-01
S 3  1
1.130775402000e+01 -2.277635023000e-01
3.449225397000e+00  2.175436044000e-01
1.330818388000e+00  9.166769611000e-01
P 3  1
1.130775402000e+01  4.951511200000e-03
3.449225397000e+00  5.777664691000e-01
1.330818388000e+00  4.846460366000e-01
S 3  1
6.309328384000e-01 -3.088441215000e-01
2.328538976000e-01  1.960641170000e-02
1.028307363000e-01  1.131034442000e+00
P 3  1
6.309328384000e-01 -1.215468600000e-01
2.328538976000e-01  5.715227604000e-01
1.028307363000e-01  5.498949471000e-01
D 3  1
9.647911930000e+00  2.197679508000e-01
2.942920654000e+00  6.555473627000e-01
1.135470278000e+00  2.865732590000e-01
@END

@ATOMBASIS ZN
S 3  1
1.929432301000e+03  1.543289673000e-01
3.514485021000e+02  5.353281423000e-01
9.511568021000e+01  4.446345422000e-01
S 3  1
1.558416755000e+02 -9.996722920000e-02
3.621425391000e+01  3.995128261000e-01
1.177799934000e+01  7.001154689000e-01
P 3  1
1.558416755000e+02  1.559162750000e-01
3.621425391000e+01  6.076837186000e-01
1.177799934000e+01  3.919573931000e-01
S 3  1
1.228152744000e+01 -2.277635023000e-01
3.746257327000e+00  2.175436044000e-01
1.445422541000e+00  9.166769611000e-01
P 3  1
1.228152744000e+01  4.951511200000e-03
3.746257327000e+00  5.777664691000e-01
1.445422541000e+00  4.846460366000e-01
S 3  1
8.897138854000e-01 -3.088441215000e-01
3.283603790000e-01  1.960641170000e-02
1.450074055000e-01  1.131034442000e+00
P 3  1
8.897138854000e-01 -1.215468600000e-01
3.283603790000e-01  5.715227604000e-01
1.450074055000e-01  5.498949471000e-01
D 3  1
1.094737077000e+01  2.197679508000e-01
3.339297018000e+00  6.555473627000e-01
1.288404602000e+00  2.865732590000e-01
@END

@ATOMBASIS GA
S 3  1
2.061424532000e+03  1.543289673000e-01
3.754910517000e+02  5.353281423000e-01
1.016225324000e+02  4.446345422000e-01
S 3  1
1.677618680000e+02 -9.996722920000e-02
3.898425028000e+01  3.995128261000e-01
1.267888813000e+01  7.001154689000e-01
P 3  1
1.677618680000e+02  1.559162750000e-01
3.898425028000e+01  6.076837186000e-01
1.267888813000e+01  3.919573931000e-01
S 3  1
1.261505520000e+01 -2.277635023000e-01
3.847993927000e+00  2.175436044000e-01
1.484675684000e+00  9.166769611000e-01
P 3  1
1.261505520000e+01  4.951511200000e-03
3.847993927000e+00  5.777664691000e-01
1.484675684000e+00  4.846460366000e-01
S 3  1
7.985243736000e-01 -3.088441215000e-01
2.947057141000e-01  1.960641170000e-02
1.301451506000e-01  1.131034442000e+00
P 3  1
7.985243736000e-01 -1.215468600000e-01
2.947057141000e-01  5.715227604000e-01
1.301451506000e-01  5.498949471000e-01
D 3  1
1.261505520000e+01  2.197679508000e-01
3.847993927000e+00  6.555473627000e-01
1.484675684000e+00  2.865732590000e-01
@END

@ATOMBASIS GE
S 3  1
2.196384229000e+03  1.543289673000e-01
4.000741292000e+02  5.353281423000e-01
1.082756726000e+02  4.446345422000e-01
S 3  1
1.803890380000e+02 -9.996722920000e-02
4.191853304000e+01  3.995128261000e-01
1.363320795000e+01  7.001154689000e-01
P 3  1
1.803890380000e+02  1.559162750000e-01
4.191853304000e+01  6.076837186000e-01
1.363320795000e+01  3.919573931000e-01
S 3  1
1.419665619000e+01 -2.277635023000e-01
4.330432640000e+00  2.175436044000e-01
1.670815538000e+00  9.166769611000e-01
P 3  1
1.419665619000e+01  4.951511200000e-03
4.330432640000e+00  5.777664691000e-01
1.670815538000e+00  4.846460366000e-01
S 3  1
9.858325600000e-01 -3.088441215000e-01
3.638342150000e-01  1.960641170000e-02
1.606730254000e-01  1.131034442000e+00
P 3  1
9.858325600000e-01 -1.215468600000e-01
3.638342150000e-01  5.715227604000e-01
1.606730254000e-01  5.498949471000e-01
D 3  1
1.419665619000e+01  2.197679508000e-01
4.330432640000e+00  6.555473627000e-01
1.670815538000e+00  2.865732590000e-01
@END

@ATOMBASIS AS
S 3  1
2.337065673000e+03  1.543289673000e-01
4.256994298000e+02  5.353281423000e-01
1.152108790000e+02  4.446345422000e-01
S 3  1
1.931970535000e+02 -9.996722920000e-02
4.489484040000e+01  3.995128261000e-01
1.460119548000e+01  7.001154689000e-01
P 3  1
1.931970535000e+02  1.559162750000e-01
4.489484040000e+01  6.076837186000e-01
1.460119548000e+01  3.919573931000e-01
S 3  1
1.587163584000e+01 -2.277635023000e-01
4.841354819000e+00  2.175436044000e-01
1.867945198000e+00  9.166769611000e-01
P 3  1
1.587163584000e+01  4.951511200000e-03
4.841354819000e+00  5.777664691000e-01
1.867945198000e+00  4.846460366000e-01
S 3  1
1.107681464000e+00 -3.088441215000e-01
4.088041239000e-01  1.960641170000e-02
1.805322114000e-01  1.131034442000e+00
P 3  1
1.107681464000e+00 -1.215468600000e-01
4.088041239000e-01  5.715227604000e-01
1.805322114000e-01  5.498949471000e-01
D 3  1
1.587163584000e+01  2.197679508000e-01
4.841354819000e+00  6.555473627000e-01
1.867945198000e+00  2.865732590000e-01
@END

@ATOMBASIS SE
S 3  1
2.480626814000e+03  1.543289673000e-01
4.518492708000e+02  5.353281423000e-01
1.222880464000e+02  4.446345422000e-01
S 3  1
2.061578780000e+02 -9.996722920000e-02
4.790665727000e+01  3.995128261000e-01
1.558073180000e+01  7.001154689000e-01
P 3  1
2.061578780000e+02  1.559162750000e-01
4.790665727000e+01  6.076837186000e-01
1.558073180000e+01  3.919573931000e-01
S 3  1
1.763999414000e+01 -2.277635023000e-01
5.380760465000e+00  2.175436044000e-01
2.076064666000e+00  9.166769611000e-01
P 3  1
1.763999414000e+01  4.951511200000e-03
5.380760465000e+00  5.777664691000e-01
2.076064666000e+00  4.846460366000e-01
S 3  1
1.214644297000e+00 -3.088441215000e-01
4.482801363000e-01  1.960641170000e-02
1.979652346000e-01  1.131034442000e+00
P 3  1
1.214644297000e+00 -1.215468600000e-01
4.482801363000e-01  5.715227604000e-01
1.979652346000e-01  5.498949471000e-01
D 3  1
1.763999414000e+01  2.197679508000e-01
5.380760465000e+00  6.555473627000e-01
2.076064666000e+00  2.865732590000e-01
@END

@ATOMBASIS BR
S 3  1
2.629997471000e+03  1.543289673000e-01
4.790573224000e+02  5.353281423000e-01
1.296516070000e+02  4.446345422000e-01
S 3  1
2.198350255000e+02 -9.996722920000e-02
5.108493222000e+01  3.995128261000e-01
1.661440546000e+01  7.001154689000e-01
P 3  1
2.198350255000e+02  1.559162750000e-01
5.108493222000e+01  6.076837186000e-01
1.661440546000e+01  3.919573931000e-01
S 3  1
1.950173109000e+01 -2.277635023000e-01
5.948649577000e+00  2.175436044000e-01
2.295173940000e+00  9.166769611000e-01
P 3  1
1.950173109000e+01  4.951511200000e-03
5.948649577000e+00  5.777664691000e-01
2.295173940000e+00  4.846460366000e-01
S 3  1
1.396037488000e+00 -3.088441215000e-01
5.152256318000e-01  1.960641170000e-02
2.275290713000e-01  1.131034442000e+00
P 3  1
1.396037488000e+00 -1.215468600000e-01
5.152256318000e-01  5.715227604000e-01
2.275290713000e-01  5.498949471000e-01
D 3  1
1.950173109000e+01  2.197679508000e-01
5.948649577000e+00  6.555473627000e-01
2.295173940000e+00  2.865732590000e-01
@END

@ATOMBASIS KR
S 3  1
2.782160055000e+03  1.543289673000e-01
5.067739270000e+02  5.353281423000e-01
1.371528019000e+02  4.446345422000e-01
S 3  1
2.339514118000e+02 -9.996722920000e-02
5.436527681000e+01  3.995128261000e-01
1.768127533000e+01  7.001154689000e-01
P 3  1
2.339514118000e+02  1.559162750000e-01
5.436527681000e+01  6.076837186000e-01
1.768127533000e+01  3.919573931000e-01
S 3  1
2.145684671000e+01 -2.277635023000e-01
6.545022156000e+00  2.175436044000e-01
2.525273021000e+00  9.166769611000e-01
P 3  1
2.145684671000e+01  4.951511200000e-03
6.545022156000e+00  5.777664691000e-01
2.525273021000e+00  4.846460366000e-01
S 3  1
1.590049336000e+00 -3.088441215000e-01
5.868282053000e-01  1.960641170000e-02
2.591495227000e-01  1.131034442000e+00
P 3  1
1.590049336000e+00 -1.215468600000e-01
5.868282053000e-01  5.715227604000e-01
2.591495227000e-01  5.498949471000e-01
D 3  1
2.145684671000e+01  2.197679508000e-01
6.545022156000e+00  6.555473627000e-01
2.525273021000e+00  2.865732590000e-01
@END

@ATOMBASIS RB
S 3  1
2.938601529000e+03  1.543289673000e-01
5.352699370000e+02  5.353281423000e-01
1.448649340000e+02  4.446345422000e-01
S 3  1
2.485070370000e+02 -9.996722920000e-02
5.774769100000e+01  3.995128261000e-01
1.878134100000e+01  7.001154689000e-01
P 3  1
2.485070370000e+02  1.559162750000e-01
5.774769100000e+01  6.076837186000e-01
1.878134100000e+01  3.919573931000e-01
S 3  1
2.350534097000e+01 -2.277635023000e-01
7.169878201000e+00  2.175436044000e-01
2.766361909000e+00  9.166769611000e-01
P 3  1
2.350534097000e+01  4.951511100000e-03
7.169878201000e+00  5.777664691000e-01
2.766361909000e+00  4.846460366000e-01
S 3  1
2.247796820000e+00 -3.088441215000e-01
8.295783930000e-01  1.960641170000e-02
3.663505650000e-01  1.131034442000e+00
P 3  1
2.247796820000e+00 -1.215468600000e-01
8.295783930000e-01  5.715227604000e-01
3.663505650000e-01  5.498949471000e-01
S 3  1
4.869939919000e-01 -3.842642607000e-01
2.622161565000e-01 -1.972567438000e-01
1.158254875000e-01  1.375495512000e+00
P 3  1
4.869939919000e-01 -3.481691526000e-01
2.622161565000e-01  6.290323690000e-01
1.158254875000e-01  6.662832743000e-01
D 3  1
2.350534097000e+01  2.197679508000e-01
7.169878201000e+00  6.555473627000e-01
2.766361909000e+00  2.865732590000e-01
@END

@ATOMBASIS SR
S 3  1
3.100983951000e+03  1.543289673000e-01
5.648480978000e+02  5.353281423000e-01
1.528699389000e+02  4.446345422000e-01
S 3  1
2.635019007000e+02 -9.996722920000e-02
6.123217493000e+01  3.995128261000e-01
1.991460372000e+01  7.001154689000e-01
P 3  1
2.635019007000e+02  1.559162750000e-01
6.123217493000e+01  6.076837186000e-01
1.991460372000e+01  3.919573931000e-01
S 3  1
2.557886692000e+01 -2.277635023000e-01
7.802369707000e+00  2.175436044000e-01
3.010396794000e+00  9.166769611000e-01
P 3  1
2.557886692000e+01  4.951511100000e-03
7.802369707000e+00  5.777664691000e-01
3.010396794000e+00  4.846460366000e-01
S 3  1
2.461032403000e+00 -3.088441215000e-01
9.082757340000e-01  1.960641170000e-02
4.011041400000e-01  1.131034442000e+00
P 3  1
2.461032403000e+00 -1.215468600000e-01
9.082757340000e-01  5.715227604000e-01
4.011041400000e-01  5.498949471000e-01
S 3  1
4.370804803000e-01 -3.842642607000e-01
2.353408164000e-01 -1.972567438000e-01
1.039541771000e-01  1.375495512000e+00
P 3  1
4.370804803000e-01 -3.481691526000e-01
2.353408164000e-01  6.290323690000e-01
1.039541771000e-01  6.662832743000e-01
D 3  1
2.557886692000e+01  2.197679508000e-01
7.802369707000e+00  6.555473627000e-01
3.010396794000e+00  2.865732590000e-01
@END

@ATOMBASIS Y
S 3  1
3.266026869000e+03  1.543289673000e-01
5.949108710000e+02  5.353281423000e-01
1.610060990000e+02  4.446345422000e-01
S 3  1
2.779377240000e+02 -9.996722920000e-02
6.458675000000e+01  3.995128261000e-01
2.100561600000e+01  7.001154689000e-01
P 3  1
2.779377240000e+02  1.559162750000e-01
6.458675000000e+01  6.076837186000e-01
2.100561600000e+01  3.919573931000e-01
S 3  1
3.067132600000e+01 -2.277635023000e-01
8.557222000000e+00  2.175436044000e-01
3.349239000000e+00  9.166769611000e-01
P 3  1
3.067132600000e+01  4.951511100000e-03
8.557222000000e+00  5.777664691000e-01
3.349239000000e+00  4.846460366000e-01
S 3  1
2.667688000000e+00 -3.306100626000e-01
9.845440000000e-01  5.761095330000e-02
4.347850000000e-01  1.155787450000e+00
P 3  1
2.667688000000e+00 -1.283927634000e-01
9.845440000000e-01  5.852047641000e-01
4.347850000000e-01  5.439442040000e-01
S 3  1
2.074240000000e-01 -3.842642607000e-01
1.116850000000e-01 -1.972567438000e-01
4.933300000000e-02  1.375495512000e+00
P 3  1
2.074240000000e-01 -3.481691526000e-01
1.116850000000e-01  6.290323690000e-01
4.933300000000e-02  6.662832743000e-01
D 3  1
5.660043000000e+00  2.197679508000e-01
1.774715000000e+00  6.555473627000e-01
6.912950000000e-01  2.865732590000e-01
D 3  1
2.128212000000e+00  1.250662138000e-01
9.625940000000e-01  6.686785577000e-01
4.728610000000e-01  3.052468245000e-01
@END

@ATOMBASIS ZR
S 3  1
3.435348677000e+03  1.543289673000e-01
6.257530498000e+02  5.353281423000e-01
1.693531958000e+02  4.446345422000e-01
S 3  1
2.937830292000e+02 -9.996722920000e-02
6.826885797000e+01  3.995128261000e-01
2.220315144000e+01  7.001154689000e-01
P 3  1
2.937830292000e+02  1.559162750000e-01
6.826885797000e+01  6.076837186000e-01
2.220315144000e+01  3.919573931000e-01
S 3  1
3.073293103000e+01 -2.277635023000e-01
9.374523538000e+00  2.175436044000e-01
3.616982618000e+00  9.166769611000e-01
P 3  1
3.073293103000e+01  4.951511100000e-03
9.374523538000e+00  5.777664691000e-01
3.616982618000e+00  4.846460366000e-01
S 3  1
2.827607815000e+00 -3.306100626000e-01
1.101055827000e+00  5.761095330000e-02
4.846874856000e-01  1.155787450000e+00
P 3  1
2.827607815000e+00 -1.283927634000e-01
1.101055827000e+00  5.852047641000e-01
4.846874856000e-01  5.439442040000e-01
S 3  1
8.878301887000e-01 -3.842642607000e-01
3.457164736000e-01 -1.972567438000e-01
1.521852428000e-01  1.375495512000e+00
P 3  1
8.878301887000e-01 -3.481691526000e-01
3.457164736000e-01  6.290323690000e-01
1.521852428000e-01  6.662832743000e-01
D 3  1
3.073293103000e+01  2.197679508000e-01
9.374523538000e+00  6.555473627000e-01
3.616982618000e+00  2.865732590000e-01
D 3  1
4.869939919000e-01  1.250662138000e-01
2.622161565000e-01  6.686785577000e-01
1.158254875000e-01  3.052468245000e-01
@END

@ATOMBASIS NB
S 3  1
3.610742864000e+03  1.543289673000e-01
6.577013201000e+02  5.353281423000e-01
1.779996445000e+02  4.446345422000e-01
S 3  1
3.100675728000e+02 -9.996722920000e-02
7.205303569000e+01  3.995128261000e-01
2.343388348000e+01  7.001154689000e-01
P 3  1
3.100675728000e+02  1.559162750000e-01
7.205303569000e+01  6.076837186000e-01
2.343388348000e+01  3.919573931000e-01
S 3  1
3.301997858000e+01 -2.277635023000e-01
1.007214594000e+01  2.175436044000e-01
3.886147028000e+00  9.166769611000e-01
P 3  1
3.301997858000e+01  4.951511100000e-03
1.007214594000e+01  5.777664691000e-01
3.886147028000e+00  4.846460366000e-01
S 3  1
3.144798430000e+00 -3.306100626000e-01
1.224568208000e+00  5.761095330000e-02
5.390579399000e-01  1.155787450000e+00
P 3  1
3.144798430000e+00 -1.283927634000e-01
1.224568208000e+00  5.852047641000e-01
5.390579399000e-01  5.439442040000e-01
S 3  1
4.869939919000e-01 -3.842642607000e-01
2.622161565000e-01 -1.972567438000e-01
1.158254875000e-01  1.375495512000e+00
P 3  1
4.869939919000e-01 -3.481691526000e-01
2.622161565000e-01  6.290323690000e-01
1.158254875000e-01  6.662832743000e-01
D 3  1
3.301997858000e+01  2.197679508000e-01
1.007214594000e+01  6.555473627000e-01
3.886147028000e+00  2.865732590000e-01
D 3  1
1.344878866000e+00  1.250662138000e-01
5.236888594000e-01  6.686785577000e-01
2.305291251000e-01  3.052468245000e-01
@END

@ATOMBASIS MO
S 3  1
3.788666115000e+03  1.543289673000e-01
6.901102623000e+02  5.353281423000e-01
1.867707691000e+02  4.446345422000e-01
S 3  1
3.264309567000e+02 -9.996722920000e-02
7.585553420000e+01  3.995128261000e-01
2.467057401000e+01  7.001154689000e-01
P 3  1
3.264309567000e+02  1.559162750000e-01
7.585553420000e+01  6.076837186000e-01
2.467057401000e+01  3.919573931000e-01
S 3  1
3.546948129000e+01 -2.277635023000e-01
1.081932234000e+01  2.175436044000e-01
4.174430912000e+00  9.166769611000e-01
P 3  1
3.546948129000e+01  4.951511100000e-03
1.081932234000e+01  5.777664691000e-01
4.174430912000e+00  4.846460366000e-01
S 3  1
3.496895188000e+00 -3.306100626000e-01
1.361672861000e+00  5.761095330000e-02
5.994117456000e-01  1.155787450000e+00
P 3  1
3.496895188000e+00 -1.283927634000e-01
1.361672861000e+00  5.852047641000e-01
5.994117456000e-01  5.439442040000e-01
S 3  1
5.129625081000e-01 -3.842642607000e-01
2.761985970000e-01 -1.972567438000e-01
1.220017773000e-01  1.375495512000e+00
P 3  1
5.129625081000e-01 -3.481691526000e-01
2.761985970000e-01  6.290323690000e-01
1.220017773000e-01  6.662832743000e-01
D 3  1
3.546948129000e+01  2.197679508000e-01
1.081932234000e+01  6.555473627000e-01
4.174430912000e+00  2.865732590000e-01
D 3  1
1.702112315000e+00  1.250662138000e-01
6.627937127000e-01  6.686785577000e-01
2.917634240000e-01  3.052468245000e-01
@END

@ATOMBASIS TC
S 3  1
3.970868257000e+03  1.543289673000e-01
7.232986098000e+02  5.353281423000e-01
1.957528311000e+02  4.446345422000e-01
S 3  1
3.435846323000e+02 -9.996722920000e-02
7.984167952000e+01  3.995128261000e-01
2.596699219000e+01  7.001154689000e-01
P 3  1
3.435846323000e+02  1.559162750000e-01
7.984167952000e+01  6.076837186000e-01
2.596699219000e+01  3.919573931000e-01
S 3  1
3.808991983000e+01 -2.277635023000e-01
1.161863962000e+01  2.175436044000e-01
4.482832367000e+00  9.166769611000e-01
P 3  1
3.808991983000e+01  4.951511100000e-03
1.161863962000e+01  5.777664691000e-01
4.482832367000e+00  4.846460366000e-01
S 3  1
3.829752708000e+00 -3.306100626000e-01
1.491285854000e+00  5.761095330000e-02
6.564677040000e-01  1.155787450000e+00
P 3  1
3.829752708000e+00 -1.283927634000e-01
1.491285854000e+00  5.852047641000e-01
6.564677040000e-01  5.439442040000e-01
S 3  1
4.616999826000e-01 -3.842642607000e-01
2.485968963000e-01 -1.972567438000e-01
1.098096207000e-01  1.375495512000e+00
P 3  1
4.616999826000e-01 -3.481691526000e-01
2.485968963000e-01  6.290323690000e-01
1.098096207000e-01  6.662832743000e-01
D 3  1
3.808991983000e+01  2.197679508000e-01
1.161863962000e+01  6.555473627000e-01
4.482832367000e+00  2.865732590000e-01
D 3  1
2.101373228000e+00  1.250662138000e-01
8.182638428000e-01  6.686785577000e-01
3.602017580000e-01  3.052468245000e-01
@END

@ATOMBASIS RU
S 3  1
4.159274210000e+03  1.543289673000e-01
7.576169894000e+02  5.353281423000e-01
2.050407239000e+02  4.446345422000e-01
S 3  1
3.607986561000e+02 -9.996722920000e-02
8.384184843000e+01  3.995128261000e-01
2.726797127000e+01  7.001154689000e-01
P 3  1
3.607986561000e+02  1.559162750000e-01
8.384184843000e+01  6.076837186000e-01
2.726797127000e+01  3.919573931000e-01
S 3  1
4.071751678000e+01 -2.277635023000e-01
1.242014044000e+01  2.175436044000e-01
4.792076302000e+00  9.166769611000e-01
P 3  1
4.071751678000e+01  4.951511100000e-03
1.242014044000e+01  5.777664691000e-01
4.792076302000e+00  4.846460366000e-01
S 3  1
4.197516371000e+00 -3.306100626000e-01
1.634491118000e+00  5.761095330000e-02
7.195070139000e-01  1.155787450000e+00
P 3  1
4.197516371000e+00 -1.283927634000e-01
1.634491118000e+00  5.852047641000e-01
7.195070139000e-01  5.439442040000e-01
S 3  1
4.131354848000e-01 -3.842642607000e-01
2.224479167000e-01 -1.972567438000e-01
9.825915660000e-02  1.375495512000e+00
P 3  1
4.131354848000e-01 -3.481691526000e-01
2.224479167000e-01  6.290323690000e-01
9.825915660000e-02  6.662832743000e-01
D 3  1
4.071751678000e+01  2.197679508000e-01
1.242014044000e+01  6.555473627000e-01
4.792076302000e+00  2.865732590000e-01
D 3  1
2.390895761000e+00  1.250662138000e-01
9.310024167000e-01  6.686785577000e-01
4.098295558000e-01  3.052468245000e-01
@END

@ATOMBASIS RH
S 3  1
4.350077794000e+03  1.543289673000e-01
7.923721005000e+02  5.353281423000e-01
2.144468133000e+02  4.446345422000e-01
S 3  1
3.784334264000e+02 -9.996722920000e-02
8.793978981000e+01  3.995128261000e-01
2.860074899000e+01  7.001154689000e-01
P 3  1
3.784334264000e+02  1.559162750000e-01
8.793978981000e+01  6.076837186000e-01
2.860074899000e+01  3.919573931000e-01
S 3  1
4.352179455000e+01 -2.277635023000e-01
1.327553454000e+01  2.175436044000e-01
5.122113939000e+00  9.166769611000e-01
P 3  1
4.352179455000e+01  4.951511100000e-03
1.327553454000e+01  5.777664691000e-01
5.122113939000e+00  4.846460366000e-01
S 3  1
4.540857408000e+00 -3.306100626000e-01
1.768186338000e+00  5.761095330000e-02
7.783599789000e-01  1.155787450000e+00
P 3  1
4.540857408000e+00 -1.283927634000e-01
1.768186338000e+00  5.852047641000e-01
7.783599789000e-01  5.439442040000e-01
S 3  1
4.131354848000e-01 -3.842642607000e-01
2.224479167000e-01 -1.972567438000e-01
9.825915660000e-02  1.375495512000e+00
P 3  1
4.131354848000e-01 -3.481691526000e-01
2.224479167000e-01  6.290323690000e-01
9.825915660000e-02  6.662832743000e-01
D 3  1
4.352179455000e+01  2.197679508000e-01
1.327553454000e+01  6.555473627000e-01
5.122113939000e+00  2.865732590000e-01
D 3  1
2.779066094000e+00  1.250662138000e-01
1.082153932000e+00  6.686785577000e-01
4.763668250000e-01  3.052468245000e-01
@END

@ATOMBASIS PD
S 3  1
4.545160269000e+03  1.543289673000e-01
8.279066168000e+02  5.353281423000e-01
2.240638402000e+02  4.446345422000e-01
S 3  1
3.964889433000e+02 -9.996722920000e-02
9.213550365000e+01  3.995128261000e-01
2.996532535000e+01  7.001154689000e-01
P 3  1
3.964889433000e+02  1.559162750000e-01
9.213550365000e+01  6.076837186000e-01
2.996532535000e+01  3.919573931000e-01
S 3  1
4.641945097000e+01 -2.277635023000e-01
1.415941211000e+01  2.175436044000e-01
5.463141383000e+00  9.166769611000e-01
P 3  1
4.641945097000e+01  4.951511100000e-03
1.415941211000e+01  5.777664691000e-01
5.463141383000e+00  4.846460366000e-01
S 3  1
4.919104589000e+00 -3.306100626000e-01
1.915473830000e+00  5.761095330000e-02
8.431962954000e-01  1.155787450000e+00
P 3  1
4.919104589000e+00 -1.283927634000e-01
1.915473830000e+00  5.852047641000e-01
8.431962954000e-01  5.439442040000e-01
S 3  1
4.370804803000e-01 -3.842642607000e-01
2.353408164000e-01 -1.972567438000e-01
1.039541771000e-01  1.375495512000e+00
P 3  1
4.370804803000e-01 -3.481691526000e-01
2.353408164000e-01  6.290323690000e-01
1.039541771000e-01  6.662832743000e-01
D 3  1
4.641945097000e+01  2.197679508000e-01
1.415941211000e+01  6.555473627000e-01
5.463141383000e+00  2.865732590000e-01
D 3  1
3.025977448000e+00  1.250662138000e-01
1.178299934000e+00  6.686785577000e-01
5.186905316000e-01  3.052468245000e-01
@END

@ATOMBASIS AG
S 3  1
4.744521634000e+03  1.543289673000e-01
8.642205383000e+02  5.353281423000e-01
2.338918045000e+02  4.446345422000e-01
S 3  1
4.149652069000e+02 -9.996722920000e-02
9.642898995000e+01  3.995128261000e-01
3.136170035000e+01  7.001154689000e-01
P 3  1
4.149652069000e+02  1.559162750000e-01
9.642898995000e+01  6.076837186000e-01
3.136170035000e+01  3.919573931000e-01
S 3  1
4.941048605000e+01 -2.277635023000e-01
1.507177314000e+01  2.175436044000e-01
5.815158634000e+00  9.166769611000e-01
P 3  1
4.941048605000e+01  4.951511100000e-03
1.507177314000e+01  5.777664691000e-01
5.815158634000e+00  4.846460366000e-01
S 3  1
5.290230450000e+00 -3.306100626000e-01
2.059988316000e+00  5.761095330000e-02
9.068119281000e-01  1.155787450000e+00
P 3  1
5.290230450000e+00 -1.283927634000e-01
2.059988316000e+00  5.852047641000e-01
9.068119281000e-01  5.439442040000e-01
S 3  1
4.370804803000e-01 -3.842642607000e-01
2.353408164000e-01 -1.972567438000e-01
1.039541771000e-01  1.375495512000e+00
P 3  1
4.370804803000e-01 -3.481691526000e-01
2.353408164000e-01  6.290323690000e-01
1.039541771000e-01  6.662832743000e-01
D 3  1
4.941048605000e+01  2.197679508000e-01
1.507177314000e+01  6.555473627000e-01
5.815158634000e+00  2.865732590000e-01
D 3  1
3.283395668000e+00  1.250662138000e-01
1.278537254000e+00  6.686785577000e-01
5.628152469000e-01  3.052468245000e-01
@END

@ATOMBASIS CD
S 3  1
4.950261905000e+03  1.543289673000e-01
9.016963856000e+02  5.353281423000e-01
2.440342313000e+02  4.446345422000e-01
S 3  1
4.334469385000e+02 -9.996722920000e-02
1.007237469000e+02  3.995128261000e-01
3.275848861000e+01  7.001154689000e-01
P 3  1
4.334469385000e+02  1.559162750000e-01
1.007237469000e+02  6.076837186000e-01
3.275848861000e+01  3.919573931000e-01
S 3  1
5.259279235000e+01 -2.277635023000e-01
1.604247800000e+01  2.175436044000e-01
6.189686744000e+00  9.166769611000e-01
P 3  1
5.259279235000e+01  4.951511100000e-03
1.604247800000e+01  5.777664691000e-01
6.189686744000e+00  4.846460366000e-01
S 3  1
5.674851796000e+00 -3.306100626000e-01
2.209757875000e+00  5.761095330000e-02
9.727408566000e-01  1.155787450000e+00
P 3  1
5.674851796000e+00 -1.283927634000e-01
2.209757875000e+00  5.852047641000e-01
9.727408566000e-01  5.439442040000e-01
S 3  1
5.949150981000e-01 -3.842642607000e-01
3.203250000000e-01 -1.972567438000e-01
1.414931855000e-01  1.375495512000e+00
P 3  1
5.949150981000e-01 -3.481691526000e-01
3.203250000000e-01  6.290323690000e-01
1.414931855000e-01  6.662832743000e-01
D 3  1
5.259279235000e+01  2.197679508000e-01
1.604247800000e+01  6.555473627000e-01
6.189686744000e+00  2.865732590000e-01
D 3  1
3.642963976000e+00  1.250662138000e-01
1.418551290000e+00  6.686785577000e-01
6.244497700000e-01  3.052468245000e-01
@END

@ATOMBASIS IN
S 3  1
5.158224714000e+03  1.543289673000e-01
9.395770707000e+02  5.353281423000e-01
2.542862231000e+02  4.446345422000e-01
S 3  1
4.523313223000e+02 -9.996722920000e-02
1.051120716000e+02  3.995128261000e-01
3.418570799000e+01  7.001154689000e-01
P 3  1
4.523313223000e+02  1.559162750000e-01
1.051120716000e+02  6.076837186000e-01
3.418570799000e+01  3.919573931000e-01
S 3  1
5.597539769000e+01 -2.277635023000e-01
1.707428044000e+01  2.175436044000e-01
6.587788204000e+00  9.166769611000e-01
P 3  1
5.597539769000e+01  4.951511200000e-03
1.707428044000e+01  5.777664691000e-01
6.587788204000e+00  4.846460366000e-01
S 3  1
5.048549180000e+00 -3.306100626000e-01
1.965878882000e+00  5.761095340000e-02
8.653847237000e-01  1.115578745000e+00
P 3  1
5.048549180000e+00 -1.283927634000e-01
1.965878882000e+00  5.852047641000e-01
8.653847237000e-01  5.439442040000e-01
S 3  1
5.669230612000e-01 -3.842642607000e-01
3.052530187000e-01 -1.972567438000e-01
1.348356264000e-01  1.375495512000e+00
P 3  1
5.669230612000e-01 -3.481691526000e-01
3.052530187000e-01  6.290323690000e-01
1.348356264000e-01  6.662832743000e-01
D 3  1
5.597539769000e+01  2.197679508000e-01
1.707428044000e+01  6.555473627000e-01
6.587788204000e+00  2.865732590000e-01
D 3  1
5.048549180000e+00  1.250662138000e-01
1.965878882000e+00  6.686785577000e-01
8.653847237000e-01  3.052468245000e-01
@END

@ATOMBASIS SN
S 3  1
5.370466413000e+03  1.543289673000e-01
9.782371611000e+02  5.353281423000e-01
2.647491522000e+02  4.446345422000e-01
S 3  1
4.720515322000e+02 -9.996722920000e-02
1.096946243000e+02  3.995128261000e-01
3.567609636000e+01  7.001154689000e-01
P 3  1
4.720515322000e+02  1.559162750000e-01
1.096946243000e+02  6.076837186000e-01
3.567609636000e+01  3.919573931000e-01
S 3  1
5.915141188000e+01 -2.277635023000e-01
1.804306600000e+01  2.175436044000e-01
6.961575790000e+00  9.166769611000e-01
P 3  1
5.915141188000e+01  4.951511200000e-03
1.804306600000e+01  5.777664691000e-01
6.961575790000e+00  4.846460366000e-01
S 3  1
5.583138529000e+00 -3.306100626000e-01
2.174045204000e+00  5.761095340000e-02
9.570200509000e-01  1.115578745000e+00
P 3  1
5.583138529000e+00 -1.283927634000e-01
2.174045204000e+00  5.852047641000e-01
9.570200509000e-01  5.439442040000e-01
S 3  1
6.235816420000e-01 -3.842642607000e-01
3.357601616000e-01 -1.972567438000e-01
1.483111678000e-01  1.375495512000e+00
P 3  1
6.235816420000e-01 -3.481691526000e-01
3.357601616000e-01  6.290323690000e-01
1.483111678000e-01  6.662832743000e-01
D 3  1
5.915141188000e+01  2.197679508000e-01
1.804306600000e+01  6.555473627000e-01
6.961575790000e+00  2.865732590000e-01
D 3  1
5.583138529000e+00  1.250662138000e-01
2.174045204000e+00  6.686785577000e-01
9.570200509000e-01  3.052468245000e-01
@END

@ATOMBASIS SB
S 3  1
5.586987002000e+03  1.543289673000e-01
1.017676657000e+03  5.353281423000e-01
2.754230189000e+02  4.446345422000e-01
S 3  1
4.921924888000e+02 -9.996722920000e-02
1.143749494000e+02  3.995128261000e-01
3.719828336000e+01  7.001154689000e-01
P 3  1
4.921924888000e+02  1.559162750000e-01
1.143749494000e+02  6.076837186000e-01
3.719828336000e+01  3.919573931000e-01
S 3  1
6.252179775000e+01 -2.277635023000e-01
1.907114112000e+01  2.175436044000e-01
7.358239131000e+00  9.166769611000e-01
P 3  1
6.252179775000e+01  4.951511200000e-03
1.907114112000e+01  5.777664691000e-01
7.358239131000e+00  4.846460366000e-01
S 3  1
6.120693149000e+00 -3.306100626000e-01
2.383366187000e+00  5.761095340000e-02
1.049163663000e+00  1.115578745000e+00
P 3  1
6.120693149000e+00 -1.283927634000e-01
2.383366187000e+00  5.852047641000e-01
1.049163663000e+00  5.439442040000e-01
S 3  1
6.529226928000e-01 -3.842642607000e-01
3.515585034000e-01 -1.972567438000e-01
1.552895732000e-01  1.375495512000e+00
P 3  1
6.529226928000e-01 -3.481691526000e-01
3.515585034000e-01  6.290323690000e-01
1.552895732000e-01  6.662832743000e-01
D 3  1
6.252179775000e+01  2.197679508000e-01
1.907114112000e+01  6.555473627000e-01
7.358239131000e+00  2.865732590000e-01
D 3  1
6.120693149000e+00  1.250662138000e-01
2.383366187000e+00  6.686785577000e-01
1.049163663000e+00  3.052468245000e-01
@END

@ATOMBASIS TE
S 3  1
5.810061591000e+03  1.543289673000e-01
1.058309972000e+03  5.353281423000e-01
2.864199797000e+02  4.446345422000e-01
S 3  1
5.127541920000e+02 -9.996722920000e-02
1.191530471000e+02  3.995128261000e-01
3.875226900000e+01  7.001154689000e-01
P 3  1
5.127541920000e+02  1.559162750000e-01
1.191530471000e+02  6.076837186000e-01
3.875226900000e+01  3.919573931000e-01
S 3  1
6.598556227000e+01 -2.277635023000e-01
2.012769970000e+01  2.175436044000e-01
7.765892279000e+00  9.166769611000e-01
P 3  1
6.598556227000e+01  4.951511200000e-03
2.012769970000e+01  5.777664691000e-01
7.765892279000e+00  4.846460366000e-01
S 3  1
6.707956921000e+00 -3.306100626000e-01
2.612043655000e+00  5.761095340000e-02
1.149828048000e+00  1.115578745000e+00
P 3  1
6.707956921000e+00 -1.283927634000e-01
2.612043655000e+00  5.852047641000e-01
1.149828048000e+00  5.439442040000e-01
S 3  1
7.012713483000e-01 -3.842642607000e-01
3.775912653000e-01 -1.972567438000e-01
1.667887020000e-01  1.375495512000e+00
P 3  1
7.012713483000e-01 -3.481691526000e-01
3.775912653000e-01  6.290323690000e-01
1.667887020000e-01  6.662832743000e-01
D 3  1
6.598556227000e+01  2.197679508000e-01
2.012769970000e+01  6.555473627000e-01
7.765892279000e+00  2.865732590000e-01
D 3  1
6.707956921000e+00  1.250662138000e-01
2.612043655000e+00  6.686785577000e-01
1.149828048000e+00  3.052468245000e-01
@END

@ATOMBASIS I
S 3  1
6.035183623000e+03  1.543289673000e-01
1.099316231000e+03  5.353281423000e-01
2.975178737000e+02  4.446345422000e-01
S 3  1
5.337366418000e+02 -9.996722920000e-02
1.240289171000e+02  3.995128261000e-01
4.033805328000e+01  7.001154689000e-01
P 3  1
5.337366418000e+02  1.559162750000e-01
1.240289171000e+02  6.076837186000e-01
4.033805328000e+01  3.919573931000e-01
S 3  1
6.954270545000e+01 -2.277635023000e-01
2.121274175000e+01  2.175436044000e-01
8.184535234000e+00  9.166769611000e-01
P 3  1
6.954270545000e+01  4.951511200000e-03
2.121274175000e+01  5.777664691000e-01
8.184535234000e+00  4.846460366000e-01
S 3  1
7.295991196000e+00 -3.306100626000e-01
2.841021154000e+00  5.761095340000e-02
1.250624506000e+00  1.115578745000e+00
P 3  1
7.295991196000e+00 -1.283927634000e-01
2.841021154000e+00  5.852047641000e-01
1.250624506000e+00  5.439442040000e-01
S 3  1
7.900364582000e-01 -3.842642607000e-01
4.253857892000e-01 -1.972567438000e-01
1.879003836000e-01  1.375495512000e+00
P 3  1
7.900364582000e-01 -3.481691526000e-01
4.253857892000e-01  6.290323690000e-01
1.879003836000e-01  6.662832743000e-01
D 3  1
6.954270545000e+01  2.197679508000e-01
2.121274175000e+01  6.555473627000e-01
8.184535234000e+00  2.865732590000e-01
D 3  1
7.295991196000e+00  1.250662138000e-01
2.841021154000e+00  6.686785577000e-01
1.250624506000e+00  3.052468245000e-01
@END
71aeb15ceb4200e71f7300609e002e4a
