@BASIS_SET TAUG-CC-PCVQZ

@ATOMBASIS H
S 3   1
8.264000000000e+01  2.006000000000e-03
1.241000000000e+01  1.534300000000e-02
2.824000000000e+00  7.557900000000e-02
S 1   1
7.977000000000e-01  1.000000000000e+00
S 1   1
2.581000000000e-01  1.000000000000e+00
S 1   1
8.989000000000e-02  1.000000000000e+00
S 1   1
2.363000000000e-02  1.000000000000e+00
S 1   1
6.211780000000e-03  1.000000000000e+00
S 1   1
1.632933000000e-03  1.000000000000e+00
P 1   1
2.292000000000e+00  1.000000000000e+00
P 1   1
8.380000000000e-01  1.000000000000e+00
P 1   1
2.920000000000e-01  1.000000000000e+00
P 1   1
8.480000000000e-02  1.000000000000e+00
P 1   1
2.462685000000e-02  1.000000000000e+00
P 1   1
7.151907000000e-03  1.000000000000e+00
D 1   1
2.062000000000e+00  1.000000000000e+00
D 1   1
6.620000000000e-01  1.000000000000e+00
D 1   1
1.900000000000e-01  1.000000000000e+00
D 1   1
5.453172000000e-02  1.000000000000e+00
D 1   1
1.565110000000e-02  1.000000000000e+00
F 1   1
1.397000000000e+00  1.000000000000e+00
F 1   1
3.600000000000e-01  1.000000000000e+00
F 1   1
9.277022000000e-02  1.000000000000e+00
F 1   1
2.390643000000e-02  1.000000000000e+00
@END

@ATOMBASIS HE
S 4   1
5.285000000000e+02  9.400000000000e-04
7.931000000000e+01  7.214000000000e-03
1.805000000000e+01  3.597500000000e-02
5.085000000000e+00  1.277820000000e-01
S 1   1
1.609000000000e+00  1.000000000000e+00
S 1   1
5.363000000000e-01  1.000000000000e+00
S 1   1
1.833000000000e-01  1.000000000000e+00
S 1   1
4.819000000000e-02  1.000000000000e+00
S 1   1
1.266926000000e-02  1.000000000000e+00
S 1   1
3.330779000000e-03  1.000000000000e+00
P 1   1
5.994000000000e+00  1.000000000000e+00
P 1   1
1.745000000000e+00  1.000000000000e+00
P 1   1
5.600000000000e-01  1.000000000000e+00
P 1   1
1.626000000000e-01  1.000000000000e+00
P 1   1
4.721207000000e-02  1.000000000000e+00
P 1   1
1.370836000000e-02  1.000000000000e+00
D 1   1
4.299000000000e+00  1.000000000000e+00
D 1   1
1.223000000000e+00  1.000000000000e+00
D 1   1
3.510000000000e-01  1.000000000000e+00
D 1   1
1.007367000000e-01  1.000000000000e+00
D 1   1
2.891135000000e-02  1.000000000000e+00
F 1   1
2.680000000000e+00  1.000000000000e+00
F 1   1
6.906000000000e-01  1.000000000000e+00
F 1   1
1.779583000000e-01  1.000000000000e+00
F 1   1
4.585747000000e-02  1.000000000000e+00
@END

@ATOMBASIS LI
S 9   1
6.601000000000e+03  1.170000000000e-04
9.897000000000e+02  9.110000000000e-04
2.257000000000e+02  4.728000000000e-03
6.429000000000e+01  1.919700000000e-02
2.118000000000e+01  6.304700000000e-02
7.724000000000e+00  1.632080000000e-01
3.003000000000e+00  3.148270000000e-01
1.212000000000e+00  3.939360000000e-01
4.930000000000e-01  1.969180000000e-01
S 9   1
6.601000000000e+03 -1.800000000000e-05
9.897000000000e+02 -1.420000000000e-04
2.257000000000e+02 -7.410000000000e-04
6.429000000000e+01 -3.020000000000e-03
2.118000000000e+01 -1.012300000000e-02
7.724000000000e+00 -2.709400000000e-02
3.003000000000e+00 -5.735900000000e-02
1.212000000000e+00 -9.389500000000e-02
4.930000000000e-01 -1.210910000000e-01
S 1   1
9.515000000000e-02  1.000000000000e+00
S 1   1
4.791000000000e-02  1.000000000000e+00
S 1   1
2.220000000000e-02  1.000000000000e+00
S 1   1
6.360000000000e-03  1.000000000000e+00
S 1   1
5.614000000000e+00  1.000000000000e+00
S 1   1
1.860000000000e+00  1.000000000000e+00
S 1   1
6.160000000000e-01  1.000000000000e+00
S 1   1
1.822054000000e-03  1.000000000000e+00
S 1   1
5.219939000000e-04  1.000000000000e+00
P 3   1
6.250000000000e+00  3.388000000000e-03
1.370000000000e+00  1.931600000000e-02
3.672000000000e-01  7.910400000000e-02
P 1   1
1.192000000000e-01  1.000000000000e+00
P 1   1
4.474000000000e-02  1.000000000000e+00
P 1   1
1.795000000000e-02  1.000000000000e+00
P 1   1
7.560000000000e-03  1.000000000000e+00
P 1   1
9.785000000000e+00  1.000000000000e+00
P 1   1
2.593000000000e+00  1.000000000000e+00
P 1   1
6.870000000000e-01  1.000000000000e+00
P 1   1
3.184045000000e-03  1.000000000000e+00
P 1   1
1.341024000000e-03  1.000000000000e+00
D 1   1
3.440000000000e-01  1.000000000000e+00
D 1   1
1.530000000000e-01  1.000000000000e+00
D 1   1
6.800000000000e-02  1.000000000000e+00
D 1   1
2.660000000000e-02  1.000000000000e+00
D 1   1
1.060200000000e+01  1.000000000000e+00
D 1   1
3.066000000000e+00  1.000000000000e+00
D 1   1
1.040529000000e-02  1.000000000000e+00
D 1   1
4.070306000000e-03  1.000000000000e+00
F 1   1
2.460000000000e-01  1.000000000000e+00
F 1   1
1.292000000000e-01  1.000000000000e+00
F 1   1
5.520000000000e-02  1.000000000000e+00
F 1   1
6.683000000000e+00  1.000000000000e+00
F 1   1
2.358390000000e-02  1.000000000000e+00
F 1   1
1.007609000000e-02  1.000000000000e+00
G 1   1
2.380000000000e-01  1.000000000000e+00
G 1   1
1.050000000000e-01  1.000000000000e+00
G 1   1
4.632353000000e-02  1.000000000000e+00
G 1   1
2.043685000000e-02  1.000000000000e+00
@END

@ATOMBASIS BE
S 9   1
1.463000000000e+04  9.200000000000e-05
2.191000000000e+03  7.130000000000e-04
4.982000000000e+02  3.735000000000e-03
1.409000000000e+02  1.546800000000e-02
4.586000000000e+01  5.287400000000e-02
1.647000000000e+01  1.456940000000e-01
6.319000000000e+00  3.026810000000e-01
2.535000000000e+00  4.049360000000e-01
1.035000000000e+00  2.223870000000e-01
S 9   1
1.463000000000e+04 -1.700000000000e-05
2.191000000000e+03 -1.300000000000e-04
4.982000000000e+02 -6.790000000000e-04
1.409000000000e+02 -2.857000000000e-03
4.586000000000e+01 -9.813000000000e-03
1.647000000000e+01 -2.860900000000e-02
6.319000000000e+00 -6.376000000000e-02
2.535000000000e+00 -1.172310000000e-01
1.035000000000e+00 -1.212020000000e-01
S 1   1
2.528000000000e-01  1.000000000000e+00
S 1   1
1.052000000000e-01  1.000000000000e+00
S 1   1
4.261000000000e-02  1.000000000000e+00
S 1   1
1.439000000000e-02  1.000000000000e+00
S 1   1
2.172600000000e+01  1.000000000000e+00
S 1   1
7.866000000000e+00  1.000000000000e+00
S 1   1
2.848000000000e+00  1.000000000000e+00
S 1   1
4.859707000000e-03  1.000000000000e+00
S 1   1
1.641192000000e-03  1.000000000000e+00
P 3   1
1.403000000000e+01  4.099000000000e-03
3.168000000000e+00  2.562600000000e-02
9.024000000000e-01  1.037680000000e-01
P 1   1
3.036000000000e-01  1.000000000000e+00
P 1   1
1.130000000000e-01  1.000000000000e+00
P 1   1
4.286000000000e-02  1.000000000000e+00
P 1   1
6.500000000000e-03  1.000000000000e+00
P 1   1
3.089800000000e+01  1.000000000000e+00
P 1   1
1.036500000000e+01  1.000000000000e+00
P 1   1
3.477000000000e+00  1.000000000000e+00
P 1   1
9.857676000000e-04  1.000000000000e+00
P 1   1
1.494981000000e-04  1.000000000000e+00
D 1   1
1.072000000000e+00  1.000000000000e+00
D 1   1
4.410000000000e-01  1.000000000000e+00
D 1   1
1.811000000000e-01  1.000000000000e+00
D 1   1
5.540000000000e-02  1.000000000000e+00
D 1   1
3.039000000000e+01  1.000000000000e+00
D 1   1
6.092000000000e+00  1.000000000000e+00
D 1   1
1.694732000000e-02  1.000000000000e+00
D 1   1
5.184327000000e-03  1.000000000000e+00
F 1   1
4.810000000000e-01  1.000000000000e+00
F 1   1
2.550000000000e-01  1.000000000000e+00
F 1   1
9.300000000000e-02  1.000000000000e+00
F 1   1
1.248200000000e+01  1.000000000000e+00
F 1   1
3.391765000000e-02  1.000000000000e+00
F 1   1
1.236997000000e-02  1.000000000000e+00
G 1   1
4.150000000000e-01  1.000000000000e+00
G 1   1
1.834000000000e-01  1.000000000000e+00
G 1   1
8.104954000000e-02  1.000000000000e+00
G 1   1
3.581804000000e-02  1.000000000000e+00
@END

@ATOMBASIS B
S 9   1
2.387000000000e+04  8.800000000000e-05
3.575000000000e+03  6.870000000000e-04
8.128000000000e+02  3.600000000000e-03
2.297000000000e+02  1.494900000000e-02
7.469000000000e+01  5.143500000000e-02
2.681000000000e+01  1.433020000000e-01
1.032000000000e+01  3.009350000000e-01
4.178000000000e+00  4.035260000000e-01
1.727000000000e+00  2.253400000000e-01
S 9   1
2.387000000000e+04 -1.800000000000e-05
3.575000000000e+03 -1.390000000000e-04
8.128000000000e+02 -7.250000000000e-04
2.297000000000e+02 -3.063000000000e-03
7.469000000000e+01 -1.058100000000e-02
2.681000000000e+01 -3.136500000000e-02
1.032000000000e+01 -7.101200000000e-02
4.178000000000e+00 -1.321030000000e-01
1.727000000000e+00 -1.230720000000e-01
S 1   1
4.704000000000e-01  1.000000000000e+00
S 1   1
1.896000000000e-01  1.000000000000e+00
S 1   1
7.394000000000e-02  1.000000000000e+00
S 1   1
2.721000000000e-02  1.000000000000e+00
S 1   1
4.864000000000e+00  1.000000000000e+00
S 1   1
1.328800000000e+01  1.000000000000e+00
S 1   1
3.630400000000e+01  1.000000000000e+00
S 1   1
1.001331000000e-02  1.000000000000e+00
S 1   1
3.684909000000e-03  1.000000000000e+00
P 3   1
2.226000000000e+01  5.095000000000e-03
5.058000000000e+00  3.320600000000e-02
1.487000000000e+00  1.323140000000e-01
P 1   1
5.071000000000e-01  1.000000000000e+00
P 1   1
1.812000000000e-01  1.000000000000e+00
P 1   1
6.463000000000e-02  1.000000000000e+00
P 1   1
1.878000000000e-02  1.000000000000e+00
P 1   1
5.489000000000e+00  1.000000000000e+00
P 1   1
1.630200000000e+01  1.000000000000e+00
P 1   1
4.841800000000e+01  1.000000000000e+00
P 1   1
5.457039000000e-03  1.000000000000e+00
P 1   1
1.585691000000e-03  1.000000000000e+00
D 1   1
1.110000000000e+00  1.000000000000e+00
D 1   1
4.020000000000e-01  1.000000000000e+00
D 1   1
1.450000000000e-01  1.000000000000e+00
D 1   1
4.660000000000e-02  1.000000000000e+00
D 1   1
6.640000000000e+00  1.000000000000e+00
D 1   1
2.446200000000e+01  1.000000000000e+00
D 1   1
1.497628000000e-02  1.000000000000e+00
D 1   1
4.813065000000e-03  1.000000000000e+00
F 1   1
8.820000000000e-01  1.000000000000e+00
F 1   1
3.110000000000e-01  1.000000000000e+00
F 1   1
1.130000000000e-01  1.000000000000e+00
F 1   1
1.879400000000e+01  1.000000000000e+00
F 1   1
4.105788000000e-02  1.000000000000e+00
F 1   1
1.491814000000e-02  1.000000000000e+00
G 1   1
6.730000000000e-01  1.000000000000e+00
G 1   1
2.730000000000e-01  1.000000000000e+00
G 1   1
1.107415000000e-01  1.000000000000e+00
G 1   1
4.492187000000e-02  1.000000000000e+00
@END

@ATOMBASIS C
S 9   1
3.398000000000e+04  9.100000000000e-05
5.089000000000e+03  7.040000000000e-04
1.157000000000e+03  3.693000000000e-03
3.266000000000e+02  1.536000000000e-02
1.061000000000e+02  5.292900000000e-02
3.811000000000e+01  1.470430000000e-01
1.475000000000e+01  3.056310000000e-01
6.035000000000e+00  3.993450000000e-01
2.530000000000e+00  2.170510000000e-01
S 9   1
3.398000000000e+04 -1.900000000000e-05
5.089000000000e+03 -1.510000000000e-04
1.157000000000e+03 -7.850000000000e-04
3.266000000000e+02 -3.324000000000e-03
1.061000000000e+02 -1.151200000000e-02
3.811000000000e+01 -3.416000000000e-02
1.475000000000e+01 -7.717300000000e-02
6.035000000000e+00 -1.414930000000e-01
2.530000000000e+00 -1.180190000000e-01
S 1   1
7.355000000000e-01  1.000000000000e+00
S 1   1
2.905000000000e-01  1.000000000000e+00
S 1   1
1.111000000000e-01  1.000000000000e+00
S 1   1
4.145000000000e-02  1.000000000000e+00
S 1   1
7.216000000000e+00  1.000000000000e+00
S 1   1
1.957000000000e+01  1.000000000000e+00
S 1   1
5.307300000000e+01  1.000000000000e+00
S 1   1
1.546447000000e-02  1.000000000000e+00
S 1   1
5.769597000000e-03  1.000000000000e+00
P 3   1
3.451000000000e+01  5.378000000000e-03
7.915000000000e+00  3.613200000000e-02
2.368000000000e+00  1.424930000000e-01
P 1   1
8.132000000000e-01  1.000000000000e+00
P 1   1
2.890000000000e-01  1.000000000000e+00
P 1   1
1.007000000000e-01  1.000000000000e+00
P 1   1
3.218000000000e-02  1.000000000000e+00
P 1   1
8.182000000000e+00  1.000000000000e+00
P 1   1
2.418600000000e+01  1.000000000000e+00
P 1   1
7.149400000000e+01  1.000000000000e+00
P 1   1
1.028354000000e-02  1.000000000000e+00
P 1   1
3.286239000000e-03  1.000000000000e+00
D 1   1
1.848000000000e+00  1.000000000000e+00
D 1   1
6.490000000000e-01  1.000000000000e+00
D 1   1
2.280000000000e-01  1.000000000000e+00
D 1   1
7.660000000000e-02  1.000000000000e+00
D 1   1
8.656000000000e+00  1.000000000000e+00
D 1   1
3.321300000000e+01  1.000000000000e+00
D 1   1
2.573491000000e-02  1.000000000000e+00
D 1   1
8.646028000000e-03  1.000000000000e+00
F 1   1
1.419000000000e+00  1.000000000000e+00
F 1   1
4.850000000000e-01  1.000000000000e+00
F 1   1
1.870000000000e-01  1.000000000000e+00
F 1   1
2.469400000000e+01  1.000000000000e+00
F 1   1
7.210103000000e-02  1.000000000000e+00
F 1   1
2.779978000000e-02  1.000000000000e+00
G 1   1
1.011000000000e+00  1.000000000000e+00
G 1   1
4.240000000000e-01  1.000000000000e+00
G 1   1
1.778200000000e-01  1.000000000000e+00
G 1   1
7.457534000000e-02  1.000000000000e+00
@END

@ATOMBASIS N
S 9   1
4.584000000000e+04  9.200000000000e-05
6.868000000000e+03  7.170000000000e-04
1.563000000000e+03  3.749000000000e-03
4.424000000000e+02  1.553200000000e-02
1.443000000000e+02  5.314600000000e-02
5.218000000000e+01  1.467870000000e-01
2.034000000000e+01  3.046630000000e-01
8.381000000000e+00  3.976840000000e-01
3.529000000000e+00  2.176410000000e-01
S 9   1
4.584000000000e+04 -2.000000000000e-05
6.868000000000e+03 -1.590000000000e-04
1.563000000000e+03 -8.240000000000e-04
4.424000000000e+02 -3.478000000000e-03
1.443000000000e+02 -1.196600000000e-02
5.218000000000e+01 -3.538800000000e-02
2.034000000000e+01 -8.007700000000e-02
8.381000000000e+00 -1.467220000000e-01
3.529000000000e+00 -1.163600000000e-01
S 1   1
1.054000000000e+00  1.000000000000e+00
S 1   1
4.118000000000e-01  1.000000000000e+00
S 1   1
1.552000000000e-01  1.000000000000e+00
S 1   1
5.464000000000e-02  1.000000000000e+00
S 1   1
9.862000000000e+00  1.000000000000e+00
S 1   1
2.662700000000e+01  1.000000000000e+00
S 1   1
7.189400000000e+01  1.000000000000e+00
S 1   1
1.923666000000e-02  1.000000000000e+00
S 1   1
6.772494000000e-03  1.000000000000e+00
P 3   1
4.933000000000e+01  5.533000000000e-03
1.137000000000e+01  3.796200000000e-02
3.435000000000e+00  1.490280000000e-01
P 1   1
1.182000000000e+00  1.000000000000e+00
P 1   1
4.173000000000e-01  1.000000000000e+00
P 1   1
1.428000000000e-01  1.000000000000e+00
P 1   1
4.402000000000e-02  1.000000000000e+00
P 1   1
1.132000000000e+01  1.000000000000e+00
P 1   1
3.334900000000e+01  1.000000000000e+00
P 1   1
9.824500000000e+01  1.000000000000e+00
P 1   1
1.356975000000e-02  1.000000000000e+00
P 1   1
4.183056000000e-03  1.000000000000e+00
D 1   1
2.837000000000e+00  1.000000000000e+00
D 1   1
9.680000000000e-01  1.000000000000e+00
D 1   1
3.350000000000e-01  1.000000000000e+00
D 1   1
1.110000000000e-01  1.000000000000e+00
D 1   1
1.182800000000e+01  1.000000000000e+00
D 1   1
4.521800000000e+01  1.000000000000e+00
D 1   1
3.677910000000e-02  1.000000000000e+00
D 1   1
1.218651000000e-02  1.000000000000e+00
F 1   1
2.027000000000e+00  1.000000000000e+00
F 1   1
6.850000000000e-01  1.000000000000e+00
F 1   1
2.450000000000e-01  1.000000000000e+00
F 1   1
2.836400000000e+01  1.000000000000e+00
F 1   1
8.762774000000e-02  1.000000000000e+00
F 1   1
3.134131000000e-02  1.000000000000e+00
G 1   1
1.427000000000e+00  1.000000000000e+00
G 1   1
5.590000000000e-01  1.000000000000e+00
G 1   1
2.189776000000e-01  1.000000000000e+00
G 1   1
8.578028000000e-02  1.000000000000e+00
@END

@ATOMBASIS O
S 9   1
6.142000000000e+04  9.000000000000e-05
9.199000000000e+03  6.980000000000e-04
2.091000000000e+03  3.664000000000e-03
5.909000000000e+02  1.521800000000e-02
1.923000000000e+02  5.242300000000e-02
6.932000000000e+01  1.459210000000e-01
2.697000000000e+01  3.052580000000e-01
1.110000000000e+01  3.985080000000e-01
4.682000000000e+00  2.169800000000e-01
S 9   1
6.142000000000e+04 -2.000000000000e-05
9.199000000000e+03 -1.590000000000e-04
2.091000000000e+03 -8.290000000000e-04
5.909000000000e+02 -3.508000000000e-03
1.923000000000e+02 -1.215600000000e-02
6.932000000000e+01 -3.626100000000e-02
2.697000000000e+01 -8.299200000000e-02
1.110000000000e+01 -1.520900000000e-01
4.682000000000e+00 -1.153310000000e-01
S 1   1
1.428000000000e+00  1.000000000000e+00
S 1   1
5.547000000000e-01  1.000000000000e+00
S 1   1
2.067000000000e-01  1.000000000000e+00
S 1   1
6.959000000000e-02  1.000000000000e+00
S 1   1
1.297400000000e+01  1.000000000000e+00
S 1   1
3.490000000000e+01  1.000000000000e+00
S 1   1
9.388100000000e+01  1.000000000000e+00
S 1   1
2.342897000000e-02  1.000000000000e+00
S 1   1
7.887867000000e-03  1.000000000000e+00
P 3   1
6.342000000000e+01  6.044000000000e-03
1.466000000000e+01  4.179900000000e-02
4.459000000000e+00  1.611430000000e-01
P 1   1
1.531000000000e+00  1.000000000000e+00
P 1   1
5.302000000000e-01  1.000000000000e+00
P 1   1
1.750000000000e-01  1.000000000000e+00
P 1   1
5.348000000000e-02  1.000000000000e+00
P 1   1
1.447500000000e+01  1.000000000000e+00
P 1   1
4.273000000000e+01  1.000000000000e+00
P 1   1
1.261400000000e+02  1.000000000000e+00
P 1   1
1.634349000000e-02  1.000000000000e+00
P 1   1
4.994570000000e-03  1.000000000000e+00
D 1   1
3.775000000000e+00  1.000000000000e+00
D 1   1
1.300000000000e+00  1.000000000000e+00
D 1   1
4.440000000000e-01  1.000000000000e+00
D 1   1
1.540000000000e-01  1.000000000000e+00
D 1   1
1.492700000000e+01  1.000000000000e+00
D 1   1
5.754400000000e+01  1.000000000000e+00
D 1   1
5.341441000000e-02  1.000000000000e+00
D 1   1
1.852662000000e-02  1.000000000000e+00
F 1   1
2.666000000000e+00  1.000000000000e+00
F 1   1
8.590000000000e-01  1.000000000000e+00
F 1   1
3.240000000000e-01  1.000000000000e+00
F 1   1
2.648300000000e+01  1.000000000000e+00
F 1   1
1.222072000000e-01  1.000000000000e+00
F 1   1
4.609446000000e-02  1.000000000000e+00
G 1   1
1.846000000000e+00  1.000000000000e+00
G 1   1
7.140000000000e-01  1.000000000000e+00
G 1   1
2.761625000000e-01  1.000000000000e+00
G 1   1
1.068148000000e-01  1.000000000000e+00
@END

@ATOMBASIS F
S 9   1
7.453000000000e+04  9.500000000000e-05
1.117000000000e+04  7.380000000000e-04
2.543000000000e+03  3.858000000000e-03
7.210000000000e+02  1.592600000000e-02
2.359000000000e+02  5.428900000000e-02
8.560000000000e+01  1.495130000000e-01
3.355000000000e+01  3.082520000000e-01
1.393000000000e+01  3.948530000000e-01
5.915000000000e+00  2.110310000000e-01
S 9   1
7.453000000000e+04 -2.200000000000e-05
1.117000000000e+04 -1.720000000000e-04
2.543000000000e+03 -8.910000000000e-04
7.210000000000e+02 -3.748000000000e-03
2.359000000000e+02 -1.286200000000e-02
8.560000000000e+01 -3.806100000000e-02
3.355000000000e+01 -8.623900000000e-02
1.393000000000e+01 -1.558650000000e-01
5.915000000000e+00 -1.109140000000e-01
S 1   1
1.843000000000e+00  1.000000000000e+00
S 1   1
7.124000000000e-01  1.000000000000e+00
S 1   1
2.637000000000e-01  1.000000000000e+00
S 1   1
8.594000000000e-02  1.000000000000e+00
S 1   1
1.631900000000e+01  1.000000000000e+00
S 1   1
4.378400000000e+01  1.000000000000e+00
S 1   1
1.174720000000e+02  1.000000000000e+00
S 1   1
2.800790000000e-02  1.000000000000e+00
S 1   1
9.127793000000e-03  1.000000000000e+00
P 3   1
8.039000000000e+01  6.347000000000e-03
1.863000000000e+01  4.420400000000e-02
5.694000000000e+00  1.685140000000e-01
P 1   1
1.953000000000e+00  1.000000000000e+00
P 1   1
6.702000000000e-01  1.000000000000e+00
P 1   1
2.166000000000e-01  1.000000000000e+00
P 1   1
6.568000000000e-02  1.000000000000e+00
P 1   1
1.811900000000e+01  1.000000000000e+00
P 1   1
5.350500000000e+01  1.000000000000e+00
P 1   1
1.580010000000e+02  1.000000000000e+00
P 1   1
1.991626000000e-02  1.000000000000e+00
P 1   1
6.039243000000e-03  1.000000000000e+00
D 1   1
5.014000000000e+00  1.000000000000e+00
D 1   1
1.725000000000e+00  1.000000000000e+00
D 1   1
5.860000000000e-01  1.000000000000e+00
D 1   1
2.070000000000e-01  1.000000000000e+00
D 1   1
1.894300000000e+01  1.000000000000e+00
D 1   1
7.279800000000e+01  1.000000000000e+00
D 1   1
7.312116000000e-02  1.000000000000e+00
D 1   1
2.582949000000e-02  1.000000000000e+00
F 1   1
3.562000000000e+00  1.000000000000e+00
F 1   1
1.148000000000e+00  1.000000000000e+00
F 1   1
4.600000000000e-01  1.000000000000e+00
F 1   1
2.516100000000e+01  1.000000000000e+00
F 1   1
1.843206000000e-01  1.000000000000e+00
F 1   1
7.385667000000e-02  1.000000000000e+00
G 1   1
2.376000000000e+00  1.000000000000e+00
G 1   1
9.240000000000e-01  1.000000000000e+00
G 1   1
3.593333000000e-01  1.000000000000e+00
G 1   1
1.397407000000e-01  1.000000000000e+00
@END

@ATOMBASIS NE
S 9   1
9.992000000000e+04  8.600000000000e-05
1.496000000000e+04  6.690000000000e-04
3.399000000000e+03  3.518000000000e-03
9.589000000000e+02  1.466700000000e-02
3.112000000000e+02  5.096200000000e-02
1.117000000000e+02  1.437440000000e-01
4.332000000000e+01  3.045620000000e-01
1.780000000000e+01  4.001050000000e-01
7.503000000000e+00  2.186440000000e-01
S 9   1
9.992000000000e+04 -2.000000000000e-05
1.496000000000e+04 -1.580000000000e-04
3.399000000000e+03 -8.240000000000e-04
9.589000000000e+02 -3.500000000000e-03
3.112000000000e+02 -1.223300000000e-02
1.117000000000e+02 -3.701700000000e-02
4.332000000000e+01 -8.611300000000e-02
1.780000000000e+01 -1.583810000000e-01
7.503000000000e+00 -1.142880000000e-01
S 1   1
2.337000000000e+00  1.000000000000e+00
S 1   1
9.001000000000e-01  1.000000000000e+00
S 1   1
3.301000000000e-01  1.000000000000e+00
S 1   1
1.054000000000e-01  1.000000000000e+00
S 1   1
2.018000000000e+01  1.000000000000e+00
S 1   1
5.404200000000e+01  1.000000000000e+00
S 1   1
1.447250000000e+02  1.000000000000e+00
S 1   1
3.365392000000e-02  1.000000000000e+00
S 1   1
1.074560000000e-02  1.000000000000e+00
P 3   1
9.968000000000e+01  6.566000000000e-03
2.315000000000e+01  4.597900000000e-02
7.108000000000e+00  1.734190000000e-01
P 1   1
2.441000000000e+00  1.000000000000e+00
P 1   1
8.339000000000e-01  1.000000000000e+00
P 1   1
2.662000000000e-01  1.000000000000e+00
P 1   1
8.178000000000e-02  1.000000000000e+00
P 1   1
2.222200000000e+01  1.000000000000e+00
P 1   1
6.562200000000e+01  1.000000000000e+00
P 1   1
1.937800000000e+02  1.000000000000e+00
P 1   1
2.512385000000e-02  1.000000000000e+00
P 1   1
7.718363000000e-03  1.000000000000e+00
D 1   1
6.471000000000e+00  1.000000000000e+00
D 1   1
2.213000000000e+00  1.000000000000e+00
D 1   1
7.470000000000e-01  1.000000000000e+00
D 1   1
2.730000000000e-01  1.000000000000e+00
D 1   1
2.361300000000e+01  1.000000000000e+00
D 1   1
9.010700000000e+01  1.000000000000e+00
D 1   1
9.977108000000e-02  1.000000000000e+00
D 1   1
3.646252000000e-02  1.000000000000e+00
F 1   1
4.657000000000e+00  1.000000000000e+00
F 1   1
1.524000000000e+00  1.000000000000e+00
F 1   1
6.890000000000e-01  1.000000000000e+00
F 1   1
2.883000000000e+01  1.000000000000e+00
F 1   1
3.114967000000e-01  1.000000000000e+00
F 1   1
1.408276000000e-01  1.000000000000e+00
G 1   1
2.983000000000e+00  1.000000000000e+00
G 1   1
1.224000000000e+00  1.000000000000e+00
G 1   1
5.022380000000e-01  1.000000000000e+00
G 1   1
2.060809000000e-01  1.000000000000e+00
@END

@ATOMBASIS NA
S 16   1
1.224000000000e+06  4.788940000000e-06
1.832000000000e+05  3.723950000000e-05
4.170000000000e+04  1.958310000000e-04
1.181000000000e+04  8.266980000000e-04
3.853000000000e+03  3.002510000000e-03
1.391000000000e+03  9.703100000000e-03
5.425000000000e+02  2.823370000000e-02
2.249000000000e+02  7.320580000000e-02
9.793000000000e+01  1.628970000000e-01
4.431000000000e+01  2.887080000000e-01
2.065000000000e+01  3.468290000000e-01
9.729000000000e+00  2.068650000000e-01
4.228000000000e+00  3.280090000000e-02
1.969000000000e+00 -6.477360000000e-04
8.890000000000e-01  1.458780000000e-03
3.964000000000e-01 -1.783460000000e-04
S 16   1
1.224000000000e+06 -1.169580000000e-06
1.832000000000e+05 -9.091100000000e-06
4.170000000000e+04 -4.784990000000e-05
1.181000000000e+04 -2.019620000000e-04
3.853000000000e+03 -7.358370000000e-04
1.391000000000e+03 -2.387460000000e-03
5.425000000000e+02 -7.049690000000e-03
2.249000000000e+02 -1.878560000000e-02
9.793000000000e+01 -4.461530000000e-02
4.431000000000e+01 -8.977410000000e-02
2.065000000000e+01 -1.429400000000e-01
9.729000000000e+00 -1.243150000000e-01
4.228000000000e+00  9.996480000000e-02
1.969000000000e+00  4.170800000000e-01
8.890000000000e-01  4.751230000000e-01
3.964000000000e-01  1.632680000000e-01
S 16   1
1.224000000000e+06  1.758710000000e-07
1.832000000000e+05  1.365940000000e-06
4.170000000000e+04  7.197950000000e-06
1.181000000000e+04  3.033490000000e-05
3.853000000000e+03  1.107520000000e-04
1.391000000000e+03  3.585960000000e-04
5.425000000000e+02  1.062720000000e-03
2.249000000000e+02  2.826870000000e-03
9.793000000000e+01  6.767420000000e-03
4.431000000000e+01  1.364800000000e-02
2.065000000000e+01  2.228140000000e-02
9.729000000000e+00  1.960110000000e-02
4.228000000000e+00 -1.677080000000e-02
1.969000000000e+00 -7.737340000000e-02
8.890000000000e-01 -1.135010000000e-01
3.964000000000e-01 -1.391300000000e-01
S 1   1
6.993000000000e-02  1.000000000000e+00
S 1   1
3.289000000000e-02  1.000000000000e+00
S 1   1
1.612000000000e-02  1.000000000000e+00
S 1   1
5.030000000000e-03  1.000000000000e+00
S 1   1
2.428200000000e+01  1.000000000000e+00
S 1   1
4.874000000000e+00  1.000000000000e+00
S 1   1
9.780000000000e-01  1.000000000000e+00
S 1   1
1.569535000000e-03  1.000000000000e+00
S 1   1
4.897494000000e-04  1.000000000000e+00
P 9   1
4.134000000000e+02  9.081960000000e-04
9.798000000000e+01  7.417730000000e-03
3.137000000000e+01  3.574640000000e-02
1.162000000000e+01  1.185200000000e-01
4.671000000000e+00  2.614030000000e-01
1.918000000000e+00  3.783950000000e-01
7.775000000000e-01  3.346320000000e-01
3.013000000000e-01  1.268440000000e-01
2.275000000000e-01 -1.471170000000e-02
P 9   1
4.134000000000e+02 -9.017410000000e-05
9.798000000000e+01 -7.393420000000e-04
3.137000000000e+01 -3.573090000000e-03
1.162000000000e+01 -1.201420000000e-02
4.671000000000e+00 -2.671780000000e-02
1.918000000000e+00 -3.927530000000e-02
7.775000000000e-01 -3.760830000000e-02
3.013000000000e-01 -4.332280000000e-02
2.275000000000e-01  5.180030000000e-02
P 1   1
7.527000000000e-02  1.000000000000e+00
P 1   1
3.126000000000e-02  1.000000000000e+00
P 1   1
1.342000000000e-02  1.000000000000e+00
P 1   1
7.720000000000e-03  1.000000000000e+00
P 1   1
4.466000000000e+00  1.000000000000e+00
P 1   1
1.689000000000e+00  1.000000000000e+00
P 1   1
6.380000000000e-01  1.000000000000e+00
P 1   1
4.441013000000e-03  1.000000000000e+00
P 1   1
2.554741000000e-03  1.000000000000e+00
D 1   1
1.538000000000e-01  1.000000000000e+00
D 1   1
8.650000000000e-02  1.000000000000e+00
D 1   1
4.870000000000e-02  1.000000000000e+00
D 1   1
2.100000000000e-02  1.000000000000e+00
D 1   1
8.606000000000e+00  1.000000000000e+00
D 1   1
3.137000000000e+00  1.000000000000e+00
D 1   1
1.144000000000e+00  1.000000000000e+00
D 1   1
9.055441000000e-03  1.000000000000e+00
D 1   1
3.904810000000e-03  1.000000000000e+00
F 1   1
1.912000000000e-01  1.000000000000e+00
F 1   1
1.036000000000e-01  1.000000000000e+00
F 1   1
4.530000000000e-02  1.000000000000e+00
F 1   1
6.258000000000e+00  1.000000000000e+00
F 1   1
2.173000000000e+00  1.000000000000e+00
F 1   1
1.980782000000e-02  1.000000000000e+00
F 1   1
8.661141000000e-03  1.000000000000e+00
G 1   1
1.722000000000e-01  1.000000000000e+00
G 1   1
8.660000000000e-02  1.000000000000e+00
G 1   1
4.097000000000e+00  1.000000000000e+00
G 1   1
4.355145000000e-02  1.000000000000e+00
G 1   1
2.190218000000e-02  1.000000000000e+00
@END

@ATOMBASIS MG
S 13   1
3.276000000000e+05  3.096080000000e-05
4.905000000000e+04  2.409540000000e-04
1.115000000000e+04  1.266600000000e-03
3.152000000000e+03  5.333590000000e-03
1.025000000000e+03  1.907700000000e-02
3.688000000000e+02  5.880580000000e-02
1.432000000000e+02  1.514540000000e-01
5.896000000000e+01  3.007160000000e-01
2.540000000000e+01  3.811490000000e-01
1.115000000000e+01  2.135840000000e-01
4.004000000000e+00  2.312100000000e-02
1.701000000000e+00 -2.307570000000e-03
7.060000000000e-01  1.289000000000e-03
S 13   1
3.276000000000e+05 -7.831730000000e-06
4.905000000000e+04 -6.079350000000e-05
1.115000000000e+04 -3.211970000000e-04
3.152000000000e+03 -1.349550000000e-03
1.025000000000e+03 -4.905700000000e-03
3.688000000000e+02 -1.535610000000e-02
1.432000000000e+02 -4.234090000000e-02
5.896000000000e+01 -9.406030000000e-02
2.540000000000e+01 -1.634250000000e-01
1.115000000000e+01 -1.247540000000e-01
4.004000000000e+00  2.356230000000e-01
1.701000000000e+00  5.775630000000e-01
7.060000000000e-01  3.352320000000e-01
S 13   1
3.276000000000e+05  1.509080000000e-06
4.905000000000e+04  1.171340000000e-05
1.115000000000e+04  6.189800000000e-05
3.152000000000e+03  2.600880000000e-04
1.025000000000e+03  9.462180000000e-04
3.688000000000e+02  2.965950000000e-03
1.432000000000e+02  8.212450000000e-03
5.896000000000e+01  1.839770000000e-02
2.540000000000e+01  3.266570000000e-02
1.115000000000e+01  2.573150000000e-02
4.004000000000e+00 -5.353510000000e-02
1.701000000000e+00 -1.568950000000e-01
7.060000000000e-01 -2.066590000000e-01
S 1   1
1.410000000000e-01  1.000000000000e+00
S 1   1
6.808000000000e-02  1.000000000000e+00
S 1   1
3.063000000000e-02  1.000000000000e+00
S 1   1
1.239000000000e-02  1.000000000000e+00
S 1   1
2.324300000000e+01  1.000000000000e+00
S 1   1
9.561000000000e+00  1.000000000000e+00
S 1   1
3.933000000000e+00  1.000000000000e+00
S 1   1
5.011822000000e-03  1.000000000000e+00
S 1   1
2.027309000000e-03  1.000000000000e+00
P 9   1
5.396000000000e+02  8.339690000000e-04
1.279000000000e+02  6.892150000000e-03
4.102000000000e+01  3.378740000000e-02
1.525000000000e+01  1.144010000000e-01
6.166000000000e+00  2.595140000000e-01
2.561000000000e+00  3.850950000000e-01
1.060000000000e+00  3.353730000000e-01
4.176000000000e-01  1.106410000000e-01
2.690000000000e-01 -1.213150000000e-02
P 9   1
5.396000000000e+02 -1.320760000000e-04
1.279000000000e+02 -1.095380000000e-03
4.102000000000e+01 -5.394950000000e-03
1.525000000000e+01 -1.855720000000e-02
6.166000000000e+00 -4.273750000000e-02
2.561000000000e+00 -6.476840000000e-02
1.060000000000e+00 -6.278180000000e-02
4.176000000000e-01 -2.449120000000e-02
2.690000000000e-01  1.047610000000e-01
P 1   1
1.223000000000e-01  1.000000000000e+00
P 1   1
5.476000000000e-02  1.000000000000e+00
P 1   1
2.388000000000e-02  1.000000000000e+00
P 1   1
7.060000000000e-03  1.000000000000e+00
P 1   1
3.953600000000e+01  1.000000000000e+00
P 1   1
1.277800000000e+01  1.000000000000e+00
P 1   1
4.130000000000e+00  1.000000000000e+00
P 1   1
2.087253000000e-03  1.000000000000e+00
P 1   1
6.170857000000e-04  1.000000000000e+00
D 1   1
1.060000000000e-01  1.000000000000e+00
D 1   1
1.944000000000e-01  1.000000000000e+00
D 1   1
3.570000000000e-01  1.000000000000e+00
D 1   1
3.820000000000e-02  1.000000000000e+00
D 1   1
1.253300000000e+01  1.000000000000e+00
D 1   1
4.677000000000e+00  1.000000000000e+00
D 1   1
1.745000000000e+00  1.000000000000e+00
D 1   1
1.376642000000e-02  1.000000000000e+00
D 1   1
4.961104000000e-03  1.000000000000e+00
F 1   1
1.810000000000e-01  1.000000000000e+00
F 1   1
3.590000000000e-01  1.000000000000e+00
F 1   1
7.000000000000e-02  1.000000000000e+00
F 1   1
7.876000000000e+00  1.000000000000e+00
F 1   1
2.805000000000e+00  1.000000000000e+00
F 1   1
2.707182000000e-02  1.000000000000e+00
F 1   1
1.046977000000e-02  1.000000000000e+00
G 1   1
3.070000000000e-01  1.000000000000e+00
G 1   1
1.480000000000e-01  1.000000000000e+00
G 1   1
5.394000000000e+00  1.000000000000e+00
G 1   1
7.134853000000e-02  1.000000000000e+00
G 1   1
3.439604000000e-02  1.000000000000e+00
@END

@ATOMBASIS AL
S 13   1
4.196000000000e+05  2.782190000000e-05
6.283000000000e+04  2.163300000000e-04
1.429000000000e+04  1.137540000000e-03
4.038000000000e+03  4.796350000000e-03
1.312000000000e+03  1.723890000000e-02
4.705000000000e+02  5.380660000000e-02
1.818000000000e+02  1.413260000000e-01
7.446000000000e+01  2.892680000000e-01
3.190000000000e+01  3.848250000000e-01
1.396000000000e+01  2.328520000000e-01
5.180000000000e+00  2.933300000000e-02
2.265000000000e+00 -3.005740000000e-03
9.664000000000e-01  1.666730000000e-03
S 13   1
4.196000000000e+05 -7.237540000000e-06
6.283000000000e+04 -5.617330000000e-05
1.429000000000e+04 -2.965280000000e-04
4.038000000000e+03 -1.249130000000e-03
1.312000000000e+03 -4.551010000000e-03
4.705000000000e+02 -1.443930000000e-02
1.818000000000e+02 -4.034640000000e-02
7.446000000000e+01 -9.226180000000e-02
3.190000000000e+01 -1.645100000000e-01
1.396000000000e+01 -1.412960000000e-01
5.180000000000e+00  1.953650000000e-01
2.265000000000e+00  5.724750000000e-01
9.664000000000e-01  3.740410000000e-01
S 13   1
4.196000000000e+05  1.671500000000e-06
6.283000000000e+04  1.296410000000e-05
1.429000000000e+04  6.851010000000e-05
4.038000000000e+03  2.882740000000e-04
1.312000000000e+03  1.052760000000e-03
4.705000000000e+02  3.338780000000e-03
1.818000000000e+02  9.392170000000e-03
7.446000000000e+01  2.160470000000e-02
3.190000000000e+01  3.958730000000e-02
1.396000000000e+01  3.491800000000e-02
5.180000000000e+00 -5.284150000000e-02
2.265000000000e+00 -1.918780000000e-01
9.664000000000e-01 -2.541150000000e-01
S 1   1
2.447000000000e-01  1.000000000000e+00
S 1   1
1.184000000000e-01  1.000000000000e+00
S 1   1
5.021000000000e-02  1.000000000000e+00
S 1   1
1.830000000000e-02  1.000000000000e+00
S 1   1
9.729000000000e+00  1.000000000000e+00
S 1   1
4.870000000000e+00  1.000000000000e+00
S 1   1
2.437000000000e+00  1.000000000000e+00
S 1   1
6.669787000000e-03  1.000000000000e+00
S 1   1
2.430932000000e-03  1.000000000000e+00
P 8   1
8.913000000000e+02  4.917550000000e-04
2.113000000000e+02  4.158430000000e-03
6.828000000000e+01  2.125380000000e-02
2.570000000000e+01  7.640580000000e-02
1.063000000000e+01  1.942770000000e-01
4.602000000000e+00  3.344280000000e-01
2.015000000000e+00  3.750260000000e-01
8.706000000000e-01  2.040410000000e-01
P 8   1
8.913000000000e+02 -8.886950000000e-05
2.113000000000e+02 -7.458230000000e-04
6.828000000000e+01 -3.870250000000e-03
2.570000000000e+01 -1.393500000000e-02
1.063000000000e+01 -3.668600000000e-02
4.602000000000e+00 -6.277970000000e-02
2.015000000000e+00 -7.896020000000e-02
8.706000000000e-01 -2.885890000000e-02
P 1   1
2.972000000000e-01  1.000000000000e+00
P 1   1
1.100000000000e-01  1.000000000000e+00
P 1   1
3.989000000000e-02  1.000000000000e+00
P 1   1
1.210000000000e-02  1.000000000000e+00
P 1   1
1.000000000000e+01  1.000000000000e+00
P 1   1
4.514000000000e+00  1.000000000000e+00
P 1   1
2.038000000000e+00  1.000000000000e+00
P 1   1
3.670343000000e-03  1.000000000000e+00
P 1   1
1.113341000000e-03  1.000000000000e+00
D 1   1
8.040000000000e-02  1.000000000000e+00
D 1   1
1.990000000000e-01  1.000000000000e+00
D 1   1
4.940000000000e-01  1.000000000000e+00
D 1   1
2.820000000000e-02  1.000000000000e+00
D 1   1
1.483500000000e+01  1.000000000000e+00
D 1   1
5.637000000000e+00  1.000000000000e+00
D 1   1
2.142000000000e+00  1.000000000000e+00
D 1   1
9.891045000000e-03  1.000000000000e+00
D 1   1
3.469247000000e-03  1.000000000000e+00
F 1   1
1.540000000000e-01  1.000000000000e+00
F 1   1
4.010000000000e-01  1.000000000000e+00
F 1   1
5.820000000000e-02  1.000000000000e+00
F 1   1
9.853000000000e+00  1.000000000000e+00
F 1   1
3.525000000000e+00  1.000000000000e+00
F 1   1
2.199506000000e-02  1.000000000000e+00
F 1   1
8.312421000000e-03  1.000000000000e+00
G 1   1
3.570000000000e-01  1.000000000000e+00
G 1   1
1.530000000000e-01  1.000000000000e+00
G 1   1
6.894000000000e+00  1.000000000000e+00
G 1   1
6.557143000000e-02  1.000000000000e+00
G 1   1
2.810204000000e-02  1.000000000000e+00
@END

@ATOMBASIS SI
S 13   1
5.130000000000e+05  2.609200000000e-05
7.682000000000e+04  2.029050000000e-04
1.747000000000e+04  1.067150000000e-03
4.935000000000e+03  4.505970000000e-03
1.602000000000e+03  1.623590000000e-02
5.741000000000e+02  5.089130000000e-02
2.215000000000e+02  1.351550000000e-01
9.054000000000e+01  2.812920000000e-01
3.874000000000e+01  3.853360000000e-01
1.695000000000e+01  2.456510000000e-01
6.452000000000e+00  3.431450000000e-02
2.874000000000e+00 -3.348840000000e-03
1.250000000000e+00  1.876250000000e-03
S 13   1
5.130000000000e+05 -6.948800000000e-06
7.682000000000e+04 -5.396410000000e-05
1.747000000000e+04 -2.847160000000e-04
4.935000000000e+03 -1.202030000000e-03
1.602000000000e+03 -4.383970000000e-03
5.741000000000e+02 -1.397760000000e-02
2.215000000000e+02 -3.935160000000e-02
9.054000000000e+01 -9.142830000000e-02
3.874000000000e+01 -1.656090000000e-01
1.695000000000e+01 -1.525050000000e-01
6.452000000000e+00  1.685240000000e-01
2.874000000000e+00  5.692840000000e-01
1.250000000000e+00  3.980560000000e-01
S 13   1
5.130000000000e+05  1.780680000000e-06
7.682000000000e+04  1.381480000000e-05
1.747000000000e+04  7.300050000000e-05
4.935000000000e+03  3.076660000000e-04
1.602000000000e+03  1.125630000000e-03
5.741000000000e+02  3.584350000000e-03
2.215000000000e+02  1.017280000000e-02
9.054000000000e+01  2.375200000000e-02
3.874000000000e+01  4.434830000000e-02
1.695000000000e+01  4.190410000000e-02
6.452000000000e+00 -5.025040000000e-02
2.874000000000e+00 -2.165780000000e-01
1.250000000000e+00 -2.864480000000e-01
S 1   1
3.599000000000e-01  1.000000000000e+00
S 1   1
1.699000000000e-01  1.000000000000e+00
S 1   1
7.066000000000e-02  1.000000000000e+00
S 1   1
2.750000000000e-02  1.000000000000e+00
S 1   1
1.216400000000e+01  1.000000000000e+00
S 1   1
6.187000000000e+00  1.000000000000e+00
S 1   1
3.147000000000e+00  1.000000000000e+00
S 1   1
1.070266000000e-02  1.000000000000e+00
S 1   1
4.165343000000e-03  1.000000000000e+00
P 8   1
1.122000000000e+03  4.481430000000e-04
2.660000000000e+02  3.816390000000e-03
8.592000000000e+01  1.981050000000e-02
3.233000000000e+01  7.270170000000e-02
1.337000000000e+01  1.898390000000e-01
5.800000000000e+00  3.356720000000e-01
2.559000000000e+00  3.793650000000e-01
1.124000000000e+00  2.011930000000e-01
P 8   1
1.122000000000e+03 -9.648830000000e-05
2.660000000000e+02 -8.119710000000e-04
8.592000000000e+01 -4.300870000000e-03
3.233000000000e+01 -1.575020000000e-02
1.337000000000e+01 -4.295410000000e-02
5.800000000000e+00 -7.525740000000e-02
2.559000000000e+00 -9.714460000000e-02
1.124000000000e+00 -2.275070000000e-02
P 1   1
3.988000000000e-01  1.000000000000e+00
P 1   1
1.533000000000e-01  1.000000000000e+00
P 1   1
5.728000000000e-02  1.000000000000e+00
P 1   1
2.000000000000e-02  1.000000000000e+00
P 1   1
1.264600000000e+01  1.000000000000e+00
P 1   1
5.747000000000e+00  1.000000000000e+00
P 1   1
2.612000000000e+00  1.000000000000e+00
P 1   1
6.983240000000e-03  1.000000000000e+00
P 1   1
2.438282000000e-03  1.000000000000e+00
D 1   1
1.200000000000e-01  1.000000000000e+00
D 1   1
3.020000000000e-01  1.000000000000e+00
D 1   1
7.600000000000e-01  1.000000000000e+00
D 1   1
4.350000000000e-02  1.000000000000e+00
D 1   1
1.901500000000e+01  1.000000000000e+00
D 1   1
7.401000000000e+00  1.000000000000e+00
D 1   1
2.881000000000e+00  1.000000000000e+00
D 1   1
1.576875000000e-02  1.000000000000e+00
D 1   1
5.716172000000e-03  1.000000000000e+00
F 1   1
2.120000000000e-01  1.000000000000e+00
F 1   1
5.410000000000e-01  1.000000000000e+00
F 1   1
8.460000000000e-02  1.000000000000e+00
F 1   1
1.192500000000e+01  1.000000000000e+00
F 1   1
4.304000000000e+00  1.000000000000e+00
F 1   1
3.376019000000e-02  1.000000000000e+00
F 1   1
1.347223000000e-02  1.000000000000e+00
G 1   1
4.610000000000e-01  1.000000000000e+00
G 1   1
2.120000000000e-01  1.000000000000e+00
G 1   1
8.577000000000e+00  1.000000000000e+00
G 1   1
9.749241000000e-02  1.000000000000e+00
G 1   1
4.483382000000e-02  1.000000000000e+00
@END

@ATOMBASIS P
S 13   1
6.152000000000e+05  2.474500000000e-05
9.212000000000e+04  1.924650000000e-04
2.095000000000e+04  1.012020000000e-03
5.920000000000e+03  4.272610000000e-03
1.922000000000e+03  1.541610000000e-02
6.880000000000e+02  4.859760000000e-02
2.650000000000e+02  1.300600000000e-01
1.082000000000e+02  2.745140000000e-01
4.622000000000e+01  3.854020000000e-01
2.023000000000e+01  2.559340000000e-01
7.859000000000e+00  3.912370000000e-02
3.547000000000e+00 -3.680100000000e-03
1.564000000000e+00  2.082110000000e-03
S 13   1
6.152000000000e+05 -6.722050000000e-06
9.212000000000e+04 -5.223110000000e-05
2.095000000000e+04 -2.753610000000e-04
5.920000000000e+03 -1.163070000000e-03
1.922000000000e+03 -4.242810000000e-03
6.880000000000e+02 -1.361140000000e-02
2.650000000000e+02 -3.851140000000e-02
1.082000000000e+02 -9.066430000000e-02
4.622000000000e+01 -1.665840000000e-01
2.023000000000e+01 -1.614470000000e-01
7.859000000000e+00  1.467810000000e-01
3.547000000000e+00  5.666820000000e-01
1.564000000000e+00  4.164330000000e-01
S 13   1
6.152000000000e+05  1.847400000000e-06
9.212000000000e+04  1.433800000000e-05
2.095000000000e+04  7.572280000000e-05
5.920000000000e+03  3.192050000000e-04
1.922000000000e+03  1.168510000000e-03
6.880000000000e+02  3.742670000000e-03
2.650000000000e+02  1.068170000000e-02
1.082000000000e+02  2.526570000000e-02
4.622000000000e+01  4.792830000000e-02
2.023000000000e+01  4.770960000000e-02
7.859000000000e+00 -4.665250000000e-02
3.547000000000e+00 -2.349680000000e-01
1.564000000000e+00 -3.113370000000e-01
S 1   1
4.888000000000e-01  1.000000000000e+00
S 1   1
2.266000000000e-01  1.000000000000e+00
S 1   1
9.331000000000e-02  1.000000000000e+00
S 1   1
3.540000000000e-02  1.000000000000e+00
S 1   1
1.483100000000e+01  1.000000000000e+00
S 1   1
7.640000000000e+00  1.000000000000e+00
S 1   1
3.935000000000e+00  1.000000000000e+00
S 1   1
1.343007000000e-02  1.000000000000e+00
S 1   1
5.095108000000e-03  1.000000000000e+00
P 8   1
1.367000000000e+03  4.210150000000e-04
3.240000000000e+02  3.609850000000e-03
1.046000000000e+02  1.892170000000e-02
3.937000000000e+01  7.055600000000e-02
1.626000000000e+01  1.881570000000e-01
7.056000000000e+00  3.387090000000e-01
3.130000000000e+00  3.819430000000e-01
1.394000000000e+00  1.952610000000e-01
P 8   1
1.367000000000e+03 -1.008270000000e-04
3.240000000000e+02 -8.544990000000e-04
1.046000000000e+02 -4.571160000000e-03
3.937000000000e+01 -1.703270000000e-02
1.626000000000e+01 -4.752040000000e-02
7.056000000000e+00 -8.527860000000e-02
3.130000000000e+00 -1.096760000000e-01
1.394000000000e+00 -1.611810000000e-02
P 1   1
5.179000000000e-01  1.000000000000e+00
P 1   1
2.032000000000e-01  1.000000000000e+00
P 1   1
7.698000000000e-02  1.000000000000e+00
P 1   1
2.720000000000e-02  1.000000000000e+00
P 1   1
1.552300000000e+01  1.000000000000e+00
P 1   1
7.073000000000e+00  1.000000000000e+00
P 1   1
3.223000000000e+00  1.000000000000e+00
P 1   1
9.610808000000e-03  1.000000000000e+00
P 1   1
3.395869000000e-03  1.000000000000e+00
D 1   1
1.650000000000e-01  1.000000000000e+00
D 1   1
4.130000000000e-01  1.000000000000e+00
D 1   1
1.036000000000e+00  1.000000000000e+00
D 1   1
5.940000000000e-02  1.000000000000e+00
D 1   1
2.341700000000e+01  1.000000000000e+00
D 1   1
9.250000000000e+00  1.000000000000e+00
D 1   1
3.654000000000e+00  1.000000000000e+00
D 1   1
2.138400000000e-02  1.000000000000e+00
D 1   1
7.698240000000e-03  1.000000000000e+00
F 1   1
2.800000000000e-01  1.000000000000e+00
F 1   1
7.030000000000e-01  1.000000000000e+00
F 1   1
1.090000000000e-01  1.000000000000e+00
F 1   1
1.420700000000e+01  1.000000000000e+00
F 1   1
5.161000000000e+00  1.000000000000e+00
F 1   1
4.243214000000e-02  1.000000000000e+00
F 1   1
1.651823000000e-02  1.000000000000e+00
G 1   1
5.970000000000e-01  1.000000000000e+00
G 1   1
2.500000000000e-01  1.000000000000e+00
G 1   1
1.044800000000e+01  1.000000000000e+00
G 1   1
1.046901000000e-01  1.000000000000e+00
G 1   1
4.384008000000e-02  1.000000000000e+00
@END

@ATOMBASIS S
S 13   1
7.278000000000e+05  2.360250000000e-05
1.090000000000e+05  1.834820000000e-04
2.480000000000e+04  9.642780000000e-04
7.014000000000e+03  4.065370000000e-03
2.278000000000e+03  1.469730000000e-02
8.147000000000e+02  4.650810000000e-02
3.134000000000e+02  1.255080000000e-01
1.277000000000e+02  2.684330000000e-01
5.448000000000e+01  3.848090000000e-01
2.385000000000e+01  2.653720000000e-01
9.428000000000e+00  4.373260000000e-02
4.290000000000e+00 -3.788070000000e-03
1.909000000000e+00  2.180830000000e-03
S 13   1
7.278000000000e+05 -6.521790000000e-06
1.090000000000e+05 -5.066310000000e-05
2.480000000000e+04 -2.668330000000e-04
7.014000000000e+03 -1.126010000000e-03
2.278000000000e+03 -4.111860000000e-03
8.147000000000e+02 -1.324540000000e-02
3.134000000000e+02 -3.770040000000e-02
1.277000000000e+02 -8.985540000000e-02
5.448000000000e+01 -1.670980000000e-01
2.385000000000e+01 -1.693540000000e-01
9.428000000000e+00  1.278240000000e-01
4.290000000000e+00  5.648620000000e-01
1.909000000000e+00  4.317670000000e-01
S 13   1
7.278000000000e+05  1.894060000000e-06
1.090000000000e+05  1.469480000000e-05
2.480000000000e+04  7.754600000000e-05
7.014000000000e+03  3.265090000000e-04
2.278000000000e+03  1.196860000000e-03
8.147000000000e+02  3.847990000000e-03
3.134000000000e+02  1.105390000000e-02
1.277000000000e+02  2.646450000000e-02
5.448000000000e+01  5.087710000000e-02
2.385000000000e+01  5.300300000000e-02
9.428000000000e+00 -4.255180000000e-02
4.290000000000e+00 -2.508530000000e-01
1.909000000000e+00 -3.331520000000e-01
S 1   1
6.270000000000e-01  1.000000000000e+00
S 1   1
2.873000000000e-01  1.000000000000e+00
S 1   1
1.172000000000e-01  1.000000000000e+00
S 1   1
4.280000000000e-02  1.000000000000e+00
S 1   1
1.759900000000e+01  1.000000000000e+00
S 1   1
9.186000000000e+00  1.000000000000e+00
S 1   1
4.795000000000e+00  1.000000000000e+00
S 1   1
1.563003000000e-02  1.000000000000e+00
S 1   1
5.707896000000e-03  1.000000000000e+00
P 8   1
1.546000000000e+03  4.411830000000e-04
3.664000000000e+02  3.775710000000e-03
1.184000000000e+02  1.983600000000e-02
4.453000000000e+01  7.420630000000e-02
1.838000000000e+01  1.973270000000e-01
7.965000000000e+00  3.518510000000e-01
3.541000000000e+00  3.786870000000e-01
1.591000000000e+00  1.709310000000e-01
P 8   1
1.546000000000e+03 -1.131100000000e-04
3.664000000000e+02 -9.585810000000e-04
1.184000000000e+02 -5.134710000000e-03
4.453000000000e+01 -1.926410000000e-02
1.838000000000e+01 -5.359800000000e-02
7.965000000000e+00 -9.603330000000e-02
3.541000000000e+00 -1.181830000000e-01
1.591000000000e+00  9.231940000000e-03
P 1   1
6.205000000000e-01  1.000000000000e+00
P 1   1
2.420000000000e-01  1.000000000000e+00
P 1   1
9.014000000000e-02  1.000000000000e+00
P 1   1
3.170000000000e-02  1.000000000000e+00
P 1   1
1.812700000000e+01  1.000000000000e+00
P 1   1
8.219000000000e+00  1.000000000000e+00
P 1   1
3.726000000000e+00  1.000000000000e+00
P 1   1
1.114810000000e-02  1.000000000000e+00
P 1   1
3.920511000000e-03  1.000000000000e+00
D 1   1
2.030000000000e-01  1.000000000000e+00
D 1   1
5.040000000000e-01  1.000000000000e+00
D 1   1
1.250000000000e+00  1.000000000000e+00
D 1   1
7.480000000000e-02  1.000000000000e+00
D 1   1
2.741700000000e+01  1.000000000000e+00
D 1   1
1.089300000000e+01  1.000000000000e+00
D 1   1
4.319000000000e+00  1.000000000000e+00
D 1   1
2.756177000000e-02  1.000000000000e+00
D 1   1
1.015577000000e-02  1.000000000000e+00
F 1   1
3.350000000000e-01  1.000000000000e+00
F 1   1
8.690000000000e-01  1.000000000000e+00
F 1   1
1.400000000000e-01  1.000000000000e+00
F 1   1
1.653500000000e+01  1.000000000000e+00
F 1   1
6.008000000000e+00  1.000000000000e+00
F 1   1
5.850746000000e-02  1.000000000000e+00
F 1   1
2.445088000000e-02  1.000000000000e+00
G 1   1
6.830000000000e-01  1.000000000000e+00
G 1   1
2.970000000000e-01  1.000000000000e+00
G 1   1
1.251800000000e+01  1.000000000000e+00
G 1   1
1.291493000000e-01  1.000000000000e+00
G 1   1
5.616011000000e-02  1.000000000000e+00
@END

@ATOMBASIS CL
S 13   1
8.349000000000e+05  2.316880000000e-05
1.250000000000e+05  1.801540000000e-04
2.843000000000e+04  9.477820000000e-04
8.033000000000e+03  4.001390000000e-03
2.608000000000e+03  1.446290000000e-02
9.339000000000e+02  4.565860000000e-02
3.600000000000e+02  1.232480000000e-01
1.470000000000e+02  2.643690000000e-01
6.288000000000e+01  3.829890000000e-01
2.760000000000e+01  2.709340000000e-01
1.108000000000e+01  4.714040000000e-02
5.075000000000e+00 -3.717660000000e-03
2.278000000000e+00  2.191580000000e-03
S 13   1
8.349000000000e+05 -6.496490000000e-06
1.250000000000e+05 -5.048950000000e-05
2.843000000000e+04 -2.661130000000e-04
8.033000000000e+03 -1.124990000000e-03
2.608000000000e+03 -4.104970000000e-03
9.339000000000e+02 -1.319870000000e-02
3.600000000000e+02 -3.753420000000e-02
1.470000000000e+02 -8.972330000000e-02
6.288000000000e+01 -1.676710000000e-01
2.760000000000e+01 -1.747630000000e-01
1.108000000000e+01  1.149090000000e-01
5.075000000000e+00  5.636180000000e-01
2.278000000000e+00  4.416060000000e-01
S 13   1
8.349000000000e+05  1.966450000000e-06
1.250000000000e+05  1.526200000000e-05
2.843000000000e+04  8.060860000000e-05
8.033000000000e+03  3.399600000000e-04
2.608000000000e+03  1.245510000000e-03
9.339000000000e+02  3.996120000000e-03
3.600000000000e+02  1.147510000000e-02
1.470000000000e+02  2.755040000000e-02
6.288000000000e+01  5.329170000000e-02
2.760000000000e+01  5.712460000000e-02
1.108000000000e+01 -3.952010000000e-02
5.075000000000e+00 -2.643430000000e-01
2.278000000000e+00 -3.492910000000e-01
S 1   1
7.775000000000e-01  1.000000000000e+00
S 1   1
3.527000000000e-01  1.000000000000e+00
S 1   1
1.431000000000e-01  1.000000000000e+00
S 1   1
5.190000000000e-02  1.000000000000e+00
S 1   1
2.068900000000e+01  1.000000000000e+00
S 1   1
1.088000000000e+01  1.000000000000e+00
S 1   1
5.722000000000e+00  1.000000000000e+00
S 1   1
1.882327000000e-02  1.000000000000e+00
S 1   1
6.826888000000e-03  1.000000000000e+00
P 8   1
1.703000000000e+03  4.740390000000e-04
4.036000000000e+02  4.064120000000e-03
1.303000000000e+02  2.133550000000e-02
4.905000000000e+01  7.946110000000e-02
2.026000000000e+01  2.089270000000e-01
8.787000000000e+00  3.649450000000e-01
3.919000000000e+00  3.717250000000e-01
1.765000000000e+00  1.462920000000e-01
P 8   1
1.703000000000e+03 -1.282660000000e-04
4.036000000000e+02 -1.093560000000e-03
1.303000000000e+02 -5.834290000000e-03
4.905000000000e+01 -2.192580000000e-02
2.026000000000e+01 -6.013850000000e-02
8.787000000000e+00 -1.069290000000e-01
3.919000000000e+00 -1.224540000000e-01
1.765000000000e+00  3.836190000000e-02
P 1   1
7.207000000000e-01  1.000000000000e+00
P 1   1
2.839000000000e-01  1.000000000000e+00
P 1   1
1.060000000000e-01  1.000000000000e+00
P 1   1
3.760000000000e-02  1.000000000000e+00
P 1   1
2.078400000000e+01  1.000000000000e+00
P 1   1
9.379000000000e+00  1.000000000000e+00
P 1   1
4.232000000000e+00  1.000000000000e+00
P 1   1
1.333736000000e-02  1.000000000000e+00
P 1   1
4.730988000000e-03  1.000000000000e+00
D 1   1
2.540000000000e-01  1.000000000000e+00
D 1   1
6.280000000000e-01  1.000000000000e+00
D 1   1
1.551000000000e+00  1.000000000000e+00
D 1   1
9.520000000000e-02  1.000000000000e+00
D 1   1
3.225500000000e+01  1.000000000000e+00
D 1   1
1.288800000000e+01  1.000000000000e+00
D 1   1
5.149000000000e+00  1.000000000000e+00
D 1   1
3.568126000000e-02  1.000000000000e+00
D 1   1
1.337345000000e-02  1.000000000000e+00
F 1   1
4.230000000000e-01  1.000000000000e+00
F 1   1
1.089000000000e+00  1.000000000000e+00
F 1   1
2.170000000000e-01  1.000000000000e+00
F 1   1
1.910700000000e+01  1.000000000000e+00
F 1   1
6.950000000000e+00  1.000000000000e+00
F 1   1
1.113215000000e-01  1.000000000000e+00
F 1   1
5.710820000000e-02  1.000000000000e+00
G 1   1
8.270000000000e-01  1.000000000000e+00
G 1   1
3.780000000000e-01  1.000000000000e+00
G 1   1
1.478200000000e+01  1.000000000000e+00
G 1   1
1.727739000000e-01  1.000000000000e+00
G 1   1
7.897041000000e-02  1.000000000000e+00
@END

@ATOMBASIS AR
S 13   1
9.506000000000e+05  2.275450000000e-05
1.423000000000e+05  1.769450000000e-04
3.236000000000e+04  9.312820000000e-04
9.145000000000e+03  3.928600000000e-03
2.970000000000e+03  1.420640000000e-02
1.064000000000e+03  4.481140000000e-02
4.108000000000e+02  1.210010000000e-01
1.680000000000e+02  2.605790000000e-01
7.199000000000e+01  3.813640000000e-01
3.167000000000e+01  2.760580000000e-01
1.289000000000e+01  5.051790000000e-02
5.929000000000e+00 -3.598660000000e-03
2.678000000000e+00  2.187980000000e-03
S 13   1
9.506000000000e+05 -6.462010000000e-06
1.423000000000e+05 -5.023460000000e-05
3.236000000000e+04 -2.648040000000e-04
9.145000000000e+03 -1.118950000000e-03
2.970000000000e+03 -4.082760000000e-03
1.064000000000e+03 -1.312160000000e-02
4.108000000000e+02 -3.728550000000e-02
1.680000000000e+02 -8.947090000000e-02
7.199000000000e+01 -1.680540000000e-01
3.167000000000e+01 -1.795940000000e-01
1.289000000000e+01  1.029530000000e-01
5.929000000000e+00  5.626300000000e-01
2.678000000000e+00  4.503550000000e-01
S 13   1
9.506000000000e+05  2.020560000000e-06
1.423000000000e+05  1.568510000000e-05
3.236000000000e+04  8.286170000000e-05
9.145000000000e+03  3.492640000000e-04
2.970000000000e+03  1.279760000000e-03
1.064000000000e+03  4.103650000000e-03
4.108000000000e+02  1.177890000000e-02
1.680000000000e+02  2.838680000000e-02
7.199000000000e+01  5.524060000000e-02
3.167000000000e+01  6.074920000000e-02
1.289000000000e+01 -3.620120000000e-02
5.929000000000e+00 -2.753980000000e-01
2.678000000000e+00 -3.628450000000e-01
S 1   1
9.416000000000e-01  1.000000000000e+00
S 1   1
4.239000000000e-01  1.000000000000e+00
S 1   1
1.714000000000e-01  1.000000000000e+00
S 1   1
6.100000000000e-02  1.000000000000e+00
S 1   1
2.402400000000e+01  1.000000000000e+00
S 1   1
1.270600000000e+01  1.000000000000e+00
S 1   1
6.720000000000e+00  1.000000000000e+00
S 1   1
2.170945000000e-02  1.000000000000e+00
S 1   1
7.726234000000e-03  1.000000000000e+00
P 8   1
1.890000000000e+03  4.957520000000e-04
4.478000000000e+02  4.251720000000e-03
1.446000000000e+02  2.232770000000e-02
5.446000000000e+01  8.308780000000e-02
2.251000000000e+01  2.171100000000e-01
9.774000000000e+00  3.745070000000e-01
4.368000000000e+00  3.664450000000e-01
1.959000000000e+00  1.292450000000e-01
P 8   1
1.890000000000e+03 -1.388630000000e-04
4.478000000000e+02 -1.188700000000e-03
1.446000000000e+02 -6.325530000000e-03
5.446000000000e+01 -2.388130000000e-02
2.251000000000e+01 -6.492380000000e-02
9.774000000000e+00 -1.154440000000e-01
4.368000000000e+00 -1.236510000000e-01
1.959000000000e+00  6.490550000000e-02
P 1   1
8.260000000000e-01  1.000000000000e+00
P 1   1
3.297000000000e-01  1.000000000000e+00
P 1   1
1.242000000000e-01  1.000000000000e+00
P 1   1
4.350000000000e-02  1.000000000000e+00
P 1   1
2.362700000000e+01  1.000000000000e+00
P 1   1
1.065400000000e+01  1.000000000000e+00
P 1   1
4.804000000000e+00  1.000000000000e+00
P 1   1
1.523551000000e-02  1.000000000000e+00
P 1   1
5.336108000000e-03  1.000000000000e+00
D 1   1
3.110000000000e-01  1.000000000000e+00
D 1   1
7.630000000000e-01  1.000000000000e+00
D 1   1
1.873000000000e+00  1.000000000000e+00
D 1   1
1.160000000000e-01  1.000000000000e+00
D 1   1
3.736400000000e+01  1.000000000000e+00
D 1   1
1.501300000000e+01  1.000000000000e+00
D 1   1
6.032000000000e+00  1.000000000000e+00
D 1   1
4.326688000000e-02  1.000000000000e+00
D 1   1
1.613813000000e-02  1.000000000000e+00
F 1   1
5.430000000000e-01  1.000000000000e+00
F 1   1
1.325000000000e+00  1.000000000000e+00
F 1   1
2.940000000000e-01  1.000000000000e+00
F 1   1
2.188400000000e+01  1.000000000000e+00
F 1   1
7.968000000000e+00  1.000000000000e+00
F 1   1
1.591823000000e-01  1.000000000000e+00
F 1   1
8.618711000000e-02  1.000000000000e+00
G 1   1
1.007000000000e+00  1.000000000000e+00
G 1   1
4.590000000000e-01  1.000000000000e+00
G 1   1
1.724300000000e+01  1.000000000000e+00
G 1   1
2.092165000000e-01  1.000000000000e+00
G 1   1
9.536283000000e-02  1.000000000000e+00
@END
81749582b77ead9c6bdb94f23a14cdd0